Year,Month,Month Code,District Code,District,Total Public Assistance (PA) Case Closings - Client Request,Total PA Case Closings - Financial Issues,Total PA Case Closings - Residence Issues,Total PA Case Closings - Compliance Issues / Employment,Total PA Case Closings - Compliance Issues / Other,Total PA Case Closings - Other,Family Assistance (FA) Case Closings - Client Request,FA Case Closings - Financial Issues,FA Case Closings - Residence Issues,FA Case Closings - Compliance Issues / Employment,FA Case Closings - Compliance Issues / Other,FA Case Closings - Other,Safety Net Assistance (SNA) Case Closings - Client Request,SNA Case Closings - Financial Issues,SNA Case Closings - Residence Issues,SNA Case Closings - Compliance Issues / Employment,SNA Case Closings - Compliance Issues / Other,SNA Case Closings - Other
2018,December,12,1,Albany,15,56,48,13,159,1,9,28,9,0,56,1,6,28,39,13,103,0
2018,December,12,2,Allegany,1,4,4,2,9,0,1,1,1,0,5,0,0,3,3,2,4,0
2018,December,12,3,Broome,22,73,51,8,341,6,7,21,10,1,107,1,15,52,41,7,234,5
2018,December,12,4,Cattaraugus,9,21,12,8,39,0,5,4,3,1,10,0,4,17,9,7,29,0
2018,December,12,5,Cayuga,7,14,7,8,20,8,5,6,0,0,7,2,2,8,7,8,13,6
2018,December,12,6,Chautauqua,14,31,16,34,107,4,9,10,4,9,32,1,5,21,12,25,75,3
2018,December,12,7,Chemung,3,13,4,3,22,5,1,1,2,3,11,3,2,12,2,0,11,2
2018,December,12,8,Chenango,1,10,4,0,11,0,1,4,3,0,6,0,0,6,1,0,5,0
2018,December,12,9,Clinton,15,32,3,11,34,15,7,3,0,3,14,4,8,29,3,8,20,11
2018,December,12,10,Columbia,5,17,17,0,17,1,1,5,3,0,7,0,4,12,14,0,10,1
2018,December,12,11,Cortland,4,14,3,1,12,0,3,4,1,0,4,0,1,10,2,1,8,0
2018,December,12,12,Delaware,3,3,5,0,2,0,2,2,2,0,1,0,1,1,3,0,1,0
2018,December,12,13,Dutchess,8,20,10,7,51,7,5,5,1,0,11,1,3,15,9,7,40,6
2018,December,12,14,Erie,131,254,74,89,436,33,52,95,22,11,157,14,79,159,52,78,279,19
2018,December,12,15,Essex,2,4,2,0,0,0,2,1,0,0,0,0,0,3,2,0,0,0
2018,December,12,16,Franklin,4,19,5,8,15,4,1,5,2,1,6,0,3,14,3,7,9,4
2018,December,12,17,Fulton,6,13,3,17,15,0,3,3,0,3,5,0,3,10,3,14,10,0
2018,December,12,18,Genesee,4,13,4,5,21,0,2,4,1,0,4,0,2,9,3,5,17,0
2018,December,12,19,Greene,2,4,3,1,12,1,1,2,1,0,5,0,1,2,2,1,7,1
2018,December,12,20,Hamilton,0,1,2,0,0,0,0,0,0,0,0,0,0,1,2,0,0,0
2018,December,12,21,Herkimer,2,11,6,11,27,0,0,2,3,0,9,0,2,9,3,11,18,0
2018,December,12,22,Jefferson,5,26,13,15,54,3,1,8,2,1,9,1,4,18,11,14,45,2
2018,December,12,23,Lewis,2,0,1,0,1,0,1,0,0,0,0,0,1,0,1,0,1,0
2018,December,12,24,Livingston,2,13,8,1,23,1,0,5,2,0,5,1,2,8,6,1,18,0
2018,December,12,25,Madison,4,4,0,4,17,6,2,0,0,2,9,5,2,4,0,2,8,1
2018,December,12,26,Monroe,28,252,49,52,560,17,13,72,11,9,193,3,15,180,38,43,367,14
2018,December,12,27,Montgomery,4,15,1,6,27,3,2,10,0,2,10,2,2,5,1,4,17,1
2018,December,12,28,Nassau,27,89,159,32,204,20,13,16,15,9,48,4,14,73,144,23,156,16
2018,December,12,66,New York City,253,3843,590,649,9454,2791,115,982,152,200,2781,78,138,2861,438,449,6673,2713
2018,December,12,29,Niagara,12,66,16,6,189,7,6,16,4,0,49,0,6,50,12,6,140,7
2018,December,12,30,Oneida,17,59,38,8,121,5,8,20,15,4,55,2,9,39,23,4,66,3
2018,December,12,31,Onondaga,17,154,48,89,262,9,9,73,18,7,93,4,8,81,30,82,169,5
2018,December,12,32,Ontario,8,17,16,5,39,1,1,8,3,0,13,0,7,9,13,5,26,1
2018,December,12,33,Orange,14,43,54,3,69,4,12,9,15,0,32,1,2,34,39,3,37,3
2018,December,12,34,Orleans,4,14,9,4,22,2,2,9,2,1,7,1,2,5,7,3,15,1
2018,December,12,35,Oswego,6,21,25,14,44,6,3,5,5,3,17,1,3,16,20,11,27,5
2018,December,12,36,Otsego,2,5,4,1,6,0,1,0,1,0,0,0,1,5,3,1,6,0
2018,December,12,37,Putnam,0,2,1,3,6,0,0,0,0,0,2,0,0,2,1,3,4,0
2018,December,12,38,Rensselaer,8,42,25,2,60,3,5,23,14,1,43,1,3,19,11,1,17,2
2018,December,12,39,Rockland,3,23,7,5,58,3,1,7,1,0,18,0,2,16,6,5,40,3
2018,December,12,41,Saratoga,4,10,2,0,8,1,3,1,1,0,4,0,1,9,1,0,4,1
2018,December,12,42,Schenectady,11,49,29,11,92,8,4,19,10,1,35,3,7,30,19,10,57,5
2018,December,12,43,Schoharie,0,2,1,0,3,0,0,1,1,0,1,0,0,1,0,0,2,0
2018,December,12,44,Schuyler,1,5,2,0,11,0,1,2,1,0,6,0,0,3,1,0,5,0
2018,December,12,45,Seneca,3,5,0,0,7,0,2,2,0,0,4,0,1,3,0,0,3,0
2018,December,12,46,Steuben,10,21,14,7,40,3,5,5,2,2,11,1,5,16,12,5,29,2
2018,December,12,40,St. Lawrence,4,18,8,5,47,1,1,4,1,0,14,0,3,14,7,5,33,1
2018,December,12,47,Suffolk,42,164,131,56,810,30,15,41,29,10,149,8,27,123,102,46,661,22
2018,December,12,48,Sullivan,2,14,9,12,24,0,0,4,2,2,6,0,2,10,7,10,18,0
2018,December,12,49,Tioga,2,2,4,0,10,3,2,1,2,0,3,1,0,1,2,0,7,2
2018,December,12,50,Tompkins,4,15,4,10,24,1,1,4,2,2,9,0,3,11,2,8,15,1
2018,December,12,51,Ulster,12,33,28,2,66,5,8,13,7,0,22,2,4,20,21,2,44,3
2018,December,12,52,Warren,2,8,7,5,7,1,1,0,3,1,2,0,1,8,4,4,5,1
2018,December,12,53,Washington,2,7,6,0,12,1,1,2,2,0,5,1,1,5,4,0,7,0
2018,December,12,54,Wayne,8,15,11,3,30,1,4,5,4,0,5,0,4,10,7,3,25,1
2018,December,12,55,Westchester,31,109,64,36,213,11,11,32,14,8,68,4,20,77,50,28,145,7
2018,December,12,56,Wyoming,0,9,0,0,8,1,0,4,0,0,2,0,0,5,0,0,6,1
2018,December,12,57,Yates,1,5,2,2,7,0,0,2,1,0,2,0,1,3,1,2,5,0
2018,November,11,1,Albany,19,76,32,13,188,3,12,31,13,2,80,0,7,45,19,11,108,3
2018,November,11,2,Allegany,0,12,1,2,16,0,0,6,0,1,10,0,0,6,1,1,6,0
2018,November,11,3,Broome,22,75,31,10,325,7,10,21,5,2,105,2,12,54,26,8,220,5
2018,November,11,4,Cattaraugus,6,18,12,5,36,1,4,5,6,2,9,0,2,13,6,3,27,1
2018,November,11,5,Cayuga,6,24,13,12,31,6,5,8,3,0,13,1,1,16,10,12,18,5
2018,November,11,6,Chautauqua,17,32,20,45,101,4,11,12,6,13,30,2,6,20,14,32,71,2
2018,November,11,7,Chemung,4,5,4,1,15,1,1,3,0,0,6,1,3,2,4,1,9,0
2018,November,11,8,Chenango,2,4,0,0,11,0,1,1,0,0,3,0,1,3,0,0,8,0
2018,November,11,9,Clinton,10,18,7,13,27,33,2,0,2,2,6,7,8,18,5,11,21,26
2018,November,11,10,Columbia,4,13,8,3,25,1,3,5,1,0,8,0,1,8,7,3,17,1
2018,November,11,11,Cortland,2,9,4,2,16,3,1,2,2,1,3,1,1,7,2,1,13,2
2018,November,11,12,Delaware,2,1,2,1,2,0,2,0,0,1,1,0,0,1,2,0,1,0
2018,November,11,13,Dutchess,5,24,17,11,48,3,4,6,4,1,10,1,1,18,13,10,38,2
2018,November,11,14,Erie,110,289,92,74,395,28,34,117,24,20,140,12,76,172,68,54,255,16
2018,November,11,15,Essex,2,4,3,2,7,1,2,1,1,0,5,0,0,3,2,2,2,1
2018,November,11,16,Franklin,3,18,5,10,11,1,3,4,0,2,3,0,0,14,5,8,8,1
2018,November,11,17,Fulton,6,7,1,14,21,2,1,3,0,3,8,0,5,4,1,11,13,2
2018,November,11,18,Genesee,2,6,5,2,22,1,1,0,2,0,4,1,1,6,3,2,18,0
2018,November,11,19,Greene,2,11,5,0,14,0,1,2,2,0,3,0,1,9,3,0,11,0
2018,November,11,20,Hamilton,1,0,0,0,0,0,0,0,0,0,0,0,1,0,0,0,0,0
2018,November,11,21,Herkimer,2,12,11,12,15,1,2,4,3,0,5,0,0,8,8,12,10,1
2018,November,11,22,Jefferson,17,32,12,7,59,0,7,8,3,1,12,0,10,24,9,6,47,0
2018,November,11,23,Lewis,0,3,0,0,0,0,0,1,0,0,0,0,0,2,0,0,0,0
2018,November,11,24,Livingston,2,9,11,0,21,0,2,3,5,0,3,0,0,6,6,0,18,0
2018,November,11,25,Madison,2,7,2,5,8,1,2,3,2,4,5,0,0,4,0,1,3,1
2018,November,11,26,Monroe,19,271,41,46,539,14,12,81,11,5,189,2,7,190,30,41,350,12
2018,November,11,27,Montgomery,3,14,6,8,17,1,2,4,1,2,7,1,1,10,5,6,10,0
2018,November,11,28,Nassau,33,119,155,24,239,23,19,35,24,7,74,8,14,84,131,17,165,15
2018,November,11,66,New York City,253,2986,455,701,4787,2964,100,836,88,192,1173,89,153,2150,367,509,3614,2875
2018,November,11,29,Niagara,22,40,21,13,158,5,5,7,4,1,44,0,17,33,17,12,114,5
2018,November,11,30,Oneida,21,66,52,15,118,9,15,27,18,3,50,1,6,39,34,12,68,8
2018,November,11,31,Onondaga,29,169,68,104,307,14,12,84,22,17,118,2,17,85,46,87,189,12
2018,November,11,32,Ontario,8,31,25,7,41,3,3,15,6,1,14,0,5,16,19,6,27,3
2018,November,11,33,Orange,17,64,62,5,79,6,10,23,11,3,22,1,7,41,51,2,57,5
2018,November,11,34,Orleans,6,17,6,8,17,1,4,3,4,1,6,1,2,14,2,7,11,0
2018,November,11,35,Oswego,12,28,10,23,77,7,8,9,2,7,16,1,4,19,8,16,61,6
2018,November,11,36,Otsego,2,4,1,1,8,1,2,0,1,0,3,1,0,4,0,1,5,0
2018,November,11,37,Putnam,0,2,2,1,2,0,0,0,1,0,0,0,0,2,1,1,2,0
2018,November,11,38,Rensselaer,7,27,35,8,81,1,6,17,19,4,47,0,1,10,16,4,34,1
2018,November,11,39,Rockland,6,22,11,8,45,1,4,7,3,0,10,0,2,15,8,8,35,1
2018,November,11,41,Saratoga,8,3,0,3,13,1,3,1,0,1,3,0,5,2,0,2,10,1
2018,November,11,42,Schenectady,7,55,23,19,82,6,2,22,7,1,31,3,5,33,16,18,51,3
2018,November,11,43,Schoharie,2,0,1,1,1,1,0,0,1,1,1,1,2,0,0,0,0,0
2018,November,11,44,Schuyler,0,4,3,4,5,1,0,1,0,0,1,1,0,3,3,4,4,0
2018,November,11,45,Seneca,3,6,5,0,9,0,1,4,1,0,4,0,2,2,4,0,5,0
2018,November,11,46,Steuben,4,20,7,11,44,0,1,7,2,2,13,0,3,13,5,9,31,0
2018,November,11,40,St. Lawrence,3,18,5,9,56,4,1,8,1,1,18,0,2,10,4,8,38,4
2018,November,11,47,Suffolk,47,158,114,79,701,30,18,42,27,9,153,6,29,116,87,70,548,24
2018,November,11,48,Sullivan,6,13,14,6,18,1,4,3,4,1,7,0,2,10,10,5,11,1
2018,November,11,49,Tioga,4,3,9,2,12,1,1,0,1,1,5,0,3,3,8,1,7,1
2018,November,11,50,Tompkins,2,10,5,10,33,2,0,1,2,0,6,0,2,9,3,10,27,2
2018,November,11,51,Ulster,10,22,57,9,63,5,7,6,21,4,27,2,3,16,36,5,36,3
2018,November,11,52,Warren,7,10,11,4,8,1,4,0,5,0,2,0,3,10,6,4,6,1
2018,November,11,53,Washington,7,7,2,0,8,0,3,1,1,0,5,0,4,6,1,0,3,0
2018,November,11,54,Wayne,2,12,11,5,23,1,2,3,5,1,5,0,0,9,6,4,18,1
2018,November,11,55,Westchester,24,115,61,25,220,14,12,43,5,7,59,2,12,72,56,18,161,12
2018,November,11,56,Wyoming,3,1,2,0,1,0,0,0,2,0,1,0,3,1,0,0,0,0
2018,November,11,57,Yates,4,3,1,0,8,1,3,1,0,0,4,0,1,2,1,0,4,1
2018,October,10,1,Albany,14,66,46,19,202,3,9,26,21,4,85,1,5,40,25,15,117,2
2018,October,10,2,Allegany,4,9,2,2,12,1,3,3,2,0,4,1,1,6,0,2,8,0
2018,October,10,3,Broome,17,96,55,6,307,6,9,26,12,0,78,1,8,70,43,6,229,5
2018,October,10,4,Cattaraugus,5,21,12,4,29,0,2,8,4,2,4,0,3,13,8,2,25,0
2018,October,10,5,Cayuga,10,12,8,11,33,2,6,6,3,3,13,0,4,6,5,8,20,2
2018,October,10,6,Chautauqua,7,35,24,44,112,5,2,14,8,12,29,1,5,21,16,32,83,4
2018,October,10,7,Chemung,6,8,9,1,26,2,4,4,2,1,9,0,2,4,7,0,17,2
2018,October,10,8,Chenango,3,4,2,1,11,1,2,4,2,0,3,1,1,0,0,1,8,0
2018,October,10,9,Clinton,16,18,4,19,30,25,4,4,0,6,4,7,12,14,4,13,26,18
2018,October,10,10,Columbia,3,17,8,3,26,0,2,7,2,1,7,0,1,10,6,2,19,0
2018,October,10,11,Cortland,9,12,7,2,20,0,3,5,2,0,7,0,6,7,5,2,13,0
2018,October,10,12,Delaware,0,4,2,0,4,2,0,3,1,0,3,2,0,1,1,0,1,0
2018,October,10,13,Dutchess,10,32,19,13,49,6,1,6,2,6,16,1,9,26,17,7,33,5
2018,October,10,14,Erie,141,305,131,119,432,40,32,121,33,32,164,14,109,184,98,87,268,26
2018,October,10,15,Essex,0,0,1,0,4,0,0,0,1,0,1,0,0,0,0,0,3,0
2018,October,10,16,Franklin,4,22,10,9,6,4,0,9,5,0,0,1,4,13,5,9,6,3
2018,October,10,17,Fulton,6,9,2,17,7,0,4,3,1,3,1,0,2,6,1,14,6,0
2018,October,10,18,Genesee,2,13,8,2,14,0,0,1,1,0,2,0,2,12,7,2,12,0
2018,October,10,19,Greene,3,10,5,2,9,0,3,4,1,0,1,0,0,6,4,2,8,0
2018,October,10,20,Hamilton,0,0,0,0,0,0,0,0,0,0,0,0,0,0,0,0,0,0
2018,October,10,21,Herkimer,6,8,6,16,21,0,3,1,3,0,9,0,3,7,3,16,12,0
2018,October,10,22,Jefferson,22,20,16,9,74,2,11,4,1,1,15,1,11,16,15,8,59,1
2018,October,10,23,Lewis,1,3,0,2,3,1,0,2,0,1,1,0,1,1,0,1,2,1
2018,October,10,24,Livingston,7,14,9,3,28,2,5,5,1,0,6,1,2,9,8,3,22,1
2018,October,10,25,Madison,3,8,4,0,14,3,3,5,1,0,5,2,0,3,3,0,9,1
2018,October,10,26,Monroe,33,227,67,50,548,39,18,78,17,13,191,13,15,149,50,37,357,26
2018,October,10,27,Montgomery,4,13,4,14,22,1,3,6,1,4,5,1,1,7,3,10,17,0
2018,October,10,28,Nassau,32,108,156,31,282,20,20,27,18,11,69,5,12,81,138,20,213,15
2018,October,10,66,New York City,357,4355,694,716,10005,3575,155,1106,155,265,2895,130,202,3249,539,451,7110,3445
2018,October,10,29,Niagara,24,55,14,14,149,2,15,18,6,0,36,0,9,37,8,14,113,2
2018,October,10,30,Oneida,12,63,54,4,100,5,6,21,18,1,32,2,6,42,36,3,68,3
2018,October,10,31,Onondaga,33,174,47,114,321,28,15,85,16,22,118,15,18,89,31,92,203,13
2018,October,10,32,Ontario,10,25,27,9,34,4,4,5,7,0,11,0,6,20,20,9,23,4
2018,October,10,33,Orange,18,52,55,8,60,0,9,18,4,0,21,0,9,34,51,8,39,0
2018,October,10,34,Orleans,5,16,11,7,21,1,3,7,5,3,7,0,2,9,6,4,14,1
2018,October,10,35,Oswego,16,29,29,22,65,8,9,11,3,5,25,1,7,18,26,17,40,7
2018,October,10,36,Otsego,1,7,5,0,5,0,1,0,0,0,3,0,0,7,5,0,2,0
2018,October,10,37,Putnam,0,1,2,1,5,0,0,0,0,0,1,0,0,1,2,1,4,0
2018,October,10,38,Rensselaer,9,40,26,5,61,6,8,18,16,3,35,5,1,22,10,2,26,1
2018,October,10,39,Rockland,6,21,5,5,35,2,4,7,1,1,11,0,2,14,4,4,24,2
2018,October,10,41,Saratoga,3,2,3,0,17,1,2,0,2,0,5,0,1,2,1,0,12,1
2018,October,10,42,Schenectady,9,51,33,26,73,8,4,20,10,2,25,3,5,31,23,24,48,5
2018,October,10,43,Schoharie,1,2,0,1,2,1,1,1,0,0,1,0,0,1,0,1,1,1
2018,October,10,44,Schuyler,4,5,3,1,8,0,3,3,0,0,4,0,1,2,3,1,4,0
2018,October,10,45,Seneca,1,4,4,0,10,2,0,4,0,0,2,0,1,0,4,0,8,2
2018,October,10,46,Steuben,12,21,7,2,38,4,8,5,2,0,12,2,4,16,5,2,26,2
2018,October,10,40,St. Lawrence,11,17,6,7,56,0,7,4,4,2,22,0,4,13,2,5,34,0
2018,October,10,47,Suffolk,62,184,167,87,861,36,21,54,34,12,200,11,41,130,133,75,661,25
2018,October,10,48,Sullivan,3,13,12,20,23,3,0,3,1,3,5,1,3,10,11,17,18,2
2018,October,10,49,Tioga,7,4,6,2,14,0,3,0,2,0,6,0,4,4,4,2,8,0
2018,October,10,50,Tompkins,13,20,5,4,49,0,8,8,1,0,9,0,5,12,4,4,40,0
2018,October,10,51,Ulster,13,26,42,10,53,11,7,10,12,3,13,6,6,16,30,7,40,5
2018,October,10,52,Warren,6,12,8,3,9,0,2,3,3,0,2,0,4,9,5,3,7,0
2018,October,10,53,Washington,3,4,3,1,6,2,2,1,0,0,0,0,1,3,3,1,6,2
2018,October,10,54,Wayne,3,7,10,6,23,2,2,1,4,0,8,0,1,6,6,6,15,2
2018,October,10,55,Westchester,37,131,105,34,200,8,18,42,17,8,56,1,19,89,88,26,144,7
2018,October,10,56,Wyoming,1,7,7,0,1,1,0,4,3,0,0,0,1,3,4,0,1,1
2018,October,10,57,Yates,2,3,0,0,4,0,2,0,0,0,1,0,0,3,0,0,3,0
2018,September,9,1,Albany,17,56,60,20,191,9,7,22,17,2,74,6,10,34,43,18,117,3
2018,September,9,2,Allegany,3,12,7,1,14,0,2,6,4,0,8,0,1,6,3,1,6,0
2018,September,9,3,Broome,28,94,42,10,278,10,13,21,13,0,78,2,15,73,29,10,200,8
2018,September,9,4,Cattaraugus,6,14,9,5,27,2,5,5,2,1,12,1,1,9,7,4,15,1
2018,September,9,5,Cayuga,8,18,15,10,29,1,3,5,3,1,13,0,5,13,12,9,16,1
2018,September,9,6,Chautauqua,20,43,24,42,107,11,7,13,8,15,39,3,13,30,16,27,68,8
2018,September,9,7,Chemung,6,7,3,0,15,4,3,1,3,0,5,2,3,6,0,0,10,2
2018,September,9,8,Chenango,3,6,1,2,8,0,1,3,0,0,4,0,2,3,1,2,4,0
2018,September,9,9,Clinton,11,13,5,16,29,27,3,5,1,4,7,6,8,8,4,12,22,21
2018,September,9,10,Columbia,5,13,17,1,26,2,0,4,3,1,7,1,5,9,14,0,19,1
2018,September,9,11,Cortland,1,10,9,2,25,2,1,1,1,0,10,1,0,9,8,2,15,1
2018,September,9,12,Delaware,0,10,3,0,8,4,0,2,2,0,5,1,0,8,1,0,3,3
2018,September,9,13,Dutchess,7,37,27,10,54,3,3,11,8,1,6,2,4,26,19,9,48,1
2018,September,9,14,Erie,98,305,91,67,390,36,34,125,24,9,138,21,64,180,67,58,252,15
2018,September,9,15,Essex,3,3,5,2,7,0,3,2,2,0,3,0,0,1,3,2,4,0
2018,September,9,16,Franklin,10,17,9,8,11,0,8,5,2,2,3,0,2,12,7,6,8,0
2018,September,9,17,Fulton,9,13,3,23,12,0,6,5,1,6,6,0,3,8,2,17,6,0
2018,September,9,18,Genesee,3,6,9,2,8,0,2,1,2,0,2,0,1,5,7,2,6,0
2018,September,9,19,Greene,3,8,9,7,18,0,0,3,2,1,3,0,3,5,7,6,15,0
2018,September,9,20,Hamilton,0,0,0,0,1,0,0,0,0,0,0,0,0,0,0,0,1,0
2018,September,9,21,Herkimer,4,14,8,18,24,3,2,5,1,0,13,1,2,9,7,18,11,2
2018,September,9,22,Jefferson,9,25,22,10,42,2,7,7,4,1,10,1,2,18,18,9,32,1
2018,September,9,23,Lewis,3,1,1,0,6,1,2,0,0,0,1,0,1,1,1,0,5,1
2018,September,9,24,Livingston,3,18,10,5,20,3,2,9,3,2,8,1,1,9,7,3,12,2
2018,September,9,25,Madison,1,5,3,2,13,1,0,2,1,0,6,0,1,3,2,2,7,1
2018,September,9,26,Monroe,21,253,81,68,565,26,11,81,16,6,188,9,10,172,65,62,377,17
2018,September,9,27,Montgomery,5,12,4,10,33,2,1,8,1,3,15,1,4,4,3,7,18,1
2018,September,9,28,Nassau,32,85,127,26,246,13,17,32,27,6,60,3,15,53,100,20,186,10
2018,September,9,66,New York City,285,3636,507,437,4948,2662,128,813,100,127,1240,113,157,2823,407,310,3708,2549
2018,September,9,29,Niagara,23,56,14,6,138,2,13,15,2,1,37,1,10,41,12,5,101,1
2018,September,9,30,Oneida,9,58,43,9,127,3,4,28,21,2,60,1,5,30,22,7,67,2
2018,September,9,31,Onondaga,18,186,54,89,312,18,9,88,20,16,108,7,9,98,34,73,204,11
2018,September,9,32,Ontario,7,21,23,9,35,2,3,10,4,0,8,0,4,11,19,9,27,2
2018,September,9,33,Orange,9,54,63,13,88,6,5,10,9,2,28,2,4,44,54,11,60,4
2018,September,9,34,Orleans,4,10,10,8,12,1,1,2,2,0,6,1,3,8,8,8,6,0
2018,September,9,35,Oswego,15,32,22,16,106,12,9,11,8,2,41,6,6,21,14,14,65,6
2018,September,9,36,Otsego,2,9,8,0,9,1,2,3,4,0,3,0,0,6,4,0,6,1
2018,September,9,37,Putnam,0,1,0,2,5,0,0,0,0,1,1,0,0,1,0,1,4,0
2018,September,9,38,Rensselaer,7,35,18,6,61,1,7,21,10,3,39,0,0,14,8,3,22,1
2018,September,9,39,Rockland,16,22,8,3,53,1,7,7,0,1,14,1,9,15,8,2,39,0
2018,September,9,41,Saratoga,6,8,2,1,16,0,2,3,2,0,5,0,4,5,0,1,11,0
2018,September,9,42,Schenectady,13,67,28,28,114,5,8,31,12,2,49,4,5,36,16,26,65,1
2018,September,9,43,Schoharie,0,5,1,0,2,0,0,1,0,0,1,0,0,4,1,0,1,0
2018,September,9,44,Schuyler,2,0,1,2,10,0,1,0,1,1,4,0,1,0,0,1,6,0
2018,September,9,45,Seneca,3,8,0,1,5,2,1,4,0,1,3,0,2,4,0,0,2,2
2018,September,9,46,Steuben,9,18,11,7,44,4,4,5,3,3,18,0,5,13,8,4,26,4
2018,September,9,40,St. Lawrence,10,18,4,11,45,1,4,3,2,0,16,0,6,15,2,11,29,1
2018,September,9,47,Suffolk,62,179,150,60,750,40,22,44,25,7,185,8,40,135,125,53,565,32
2018,September,9,48,Sullivan,6,18,13,18,32,1,2,4,4,7,10,0,4,14,9,11,22,1
2018,September,9,49,Tioga,4,10,4,0,19,1,0,4,1,0,5,0,4,6,3,0,14,1
2018,September,9,50,Tompkins,5,19,9,5,60,3,2,4,2,0,16,0,3,15,7,5,44,3
2018,September,9,51,Ulster,12,17,36,19,75,8,7,0,7,2,21,4,5,17,29,17,54,4
2018,September,9,52,Warren,2,7,9,4,9,1,1,3,4,2,4,0,1,4,5,2,5,1
2018,September,9,53,Washington,3,8,5,1,8,1,0,3,2,0,2,0,3,5,3,1,6,1
2018,September,9,54,Wayne,0,20,8,7,19,0,0,7,1,1,6,0,0,13,7,6,13,0
2018,September,9,55,Westchester,33,139,77,43,239,9,14,40,21,10,84,2,19,99,56,33,155,7
2018,September,9,56,Wyoming,0,5,1,3,7,0,0,0,0,0,2,0,0,5,1,3,5,0
2018,September,9,57,Yates,0,6,3,3,5,3,0,2,0,1,4,0,0,4,3,2,1,3
2018,August,8,1,Albany,20,62,61,13,186,11,6,20,15,0,71,2,14,42,46,13,115,9
2018,August,8,2,Allegany,1,7,2,4,13,1,0,4,1,2,6,0,1,3,1,2,7,1
2018,August,8,3,Broome,24,98,53,20,332,15,15,31,11,2,100,3,9,67,42,18,232,12
2018,August,8,4,Cattaraugus,6,18,7,10,33,1,1,4,3,1,10,0,5,14,4,9,23,1
2018,August,8,5,Cayuga,11,30,16,14,31,5,5,8,4,0,14,1,6,22,12,14,17,4
2018,August,8,6,Chautauqua,21,50,27,42,120,6,11,16,7,16,33,5,10,34,20,26,87,1
2018,August,8,7,Chemung,2,13,5,0,22,1,0,3,3,0,8,1,2,10,2,0,14,0
2018,August,8,8,Chenango,2,13,3,0,14,2,1,6,1,0,5,0,1,7,2,0,9,2
2018,August,8,9,Clinton,19,19,6,20,41,24,9,4,3,4,11,4,10,15,3,16,30,20
2018,August,8,10,Columbia,7,11,16,1,16,0,2,4,1,1,5,0,5,7,15,0,11,0
2018,August,8,11,Cortland,11,14,5,2,27,0,5,5,0,0,2,0,6,9,5,2,25,0
2018,August,8,12,Delaware,2,0,2,2,12,2,2,0,1,1,6,1,0,0,1,1,6,1
2018,August,8,13,Dutchess,10,37,21,24,55,6,5,7,4,4,12,0,5,30,17,20,43,6
2018,August,8,14,Erie,164,300,134,117,400,43,46,121,36,31,157,19,118,179,98,86,243,24
2018,August,8,15,Essex,0,1,1,1,7,0,0,1,0,0,2,0,0,0,1,1,5,0
2018,August,8,16,Franklin,3,17,12,5,23,7,1,3,0,0,9,2,2,14,12,5,14,5
2018,August,8,17,Fulton,9,7,0,10,13,0,6,0,0,4,6,0,3,7,0,6,7,0
2018,August,8,18,Genesee,3,13,5,2,24,1,1,3,1,0,8,0,2,10,4,2,16,1
2018,August,8,19,Greene,6,10,11,5,22,3,1,2,2,1,5,1,5,8,9,4,17,2
2018,August,8,20,Hamilton,0,2,1,0,1,0,0,1,0,0,0,0,0,1,1,0,1,0
2018,August,8,21,Herkimer,8,5,1,13,18,1,3,2,1,3,4,0,5,3,0,10,14,1
2018,August,8,22,Jefferson,16,27,10,17,80,1,6,6,2,4,20,0,10,21,8,13,60,1
2018,August,8,23,Lewis,0,0,3,1,4,3,0,0,3,0,2,0,0,0,0,1,2,3
2018,August,8,24,Livingston,4,22,6,1,28,6,2,8,1,0,12,3,2,14,5,1,16,3
2018,August,8,25,Madison,1,3,5,2,14,2,1,0,1,1,8,0,0,3,4,1,6,2
2018,August,8,26,Monroe,26,280,41,89,506,27,14,87,11,16,163,4,12,193,30,73,343,23
2018,August,8,27,Montgomery,6,24,11,7,24,2,5,11,5,2,11,0,1,13,6,5,13,2
2018,August,8,28,Nassau,50,102,146,42,277,23,23,35,26,9,79,11,27,67,120,33,198,12
2018,August,8,66,New York City,343,3402,692,496,7720,3197,166,867,141,189,2134,113,177,2535,551,307,5586,3084
2018,August,8,29,Niagara,21,51,25,15,168,13,8,16,2,2,35,2,13,35,23,13,133,11
2018,August,8,30,Oneida,18,83,41,8,110,3,9,37,14,3,41,1,9,46,27,5,69,2
2018,August,8,31,Onondaga,22,191,70,89,411,33,7,70,29,15,152,12,15,121,41,74,259,21
2018,August,8,32,Ontario,11,35,26,7,48,3,6,8,6,2,9,1,5,27,20,5,39,2
2018,August,8,33,Orange,13,70,72,9,70,5,7,26,16,1,25,2,6,44,56,8,45,3
2018,August,8,34,Orleans,8,13,13,16,25,1,4,2,6,4,6,1,4,11,7,12,19,0
2018,August,8,35,Oswego,19,32,35,28,74,10,8,13,12,6,32,0,11,19,23,22,42,10
2018,August,8,36,Otsego,0,14,5,1,3,0,0,3,0,0,0,0,0,11,5,1,3,0
2018,August,8,37,Putnam,1,3,2,0,4,0,1,0,1,0,2,0,0,3,1,0,2,0
2018,August,8,38,Rensselaer,6,43,22,8,61,4,5,25,14,7,37,1,1,18,8,1,24,3
2018,August,8,39,Rockland,6,25,3,8,44,1,5,9,1,1,13,1,1,16,2,7,31,0
2018,August,8,41,Saratoga,10,12,2,1,26,4,6,5,1,0,8,1,4,7,1,1,18,3
2018,August,8,42,Schenectady,7,60,33,19,73,11,3,23,12,4,32,5,4,37,21,15,41,6
2018,August,8,43,Schoharie,2,2,0,1,7,0,1,1,0,1,5,0,1,1,0,0,2,0
2018,August,8,44,Schuyler,3,6,1,4,4,2,1,0,1,2,0,0,2,6,0,2,4,2
2018,August,8,45,Seneca,1,9,7,0,7,3,1,2,1,0,2,1,0,7,6,0,5,2
2018,August,8,46,Steuben,9,15,19,7,45,1,3,9,6,0,13,1,6,6,13,7,32,0
2018,August,8,40,St. Lawrence,12,16,8,9,72,3,6,6,2,3,26,1,6,10,6,6,46,2
2018,August,8,47,Suffolk,72,218,175,62,686,35,28,54,41,10,150,10,44,164,134,52,536,25
2018,August,8,48,Sullivan,10,18,21,18,24,2,2,4,5,3,13,1,8,14,16,15,11,1
2018,August,8,49,Tioga,3,8,10,2,13,3,1,3,3,0,6,2,2,5,7,2,7,1
2018,August,8,50,Tompkins,3,21,3,2,37,2,1,8,0,0,13,0,2,13,3,2,24,2
2018,August,8,51,Ulster,10,23,53,8,61,9,7,2,10,3,20,2,3,21,43,5,41,7
2018,August,8,52,Warren,3,10,4,1,5,0,2,2,1,0,2,0,1,8,3,1,3,0
2018,August,8,53,Washington,5,5,4,3,12,0,4,2,3,1,4,0,1,3,1,2,8,0
2018,August,8,54,Wayne,4,15,11,12,20,1,2,6,2,4,9,1,2,9,9,8,11,0
2018,August,8,55,Westchester,48,144,79,43,266,16,23,39,13,8,85,2,25,105,66,35,181,14
2018,August,8,56,Wyoming,3,9,4,0,2,0,2,4,0,0,1,0,1,5,4,0,1,0
2018,August,8,57,Yates,3,4,1,2,5,0,1,1,1,0,3,0,2,3,0,2,2,0
2018,July,7,1,Albany,19,64,66,27,203,2,3,22,25,1,80,1,16,42,41,26,123,1
2018,July,7,2,Allegany,4,9,7,0,16,1,1,4,3,0,5,0,3,5,4,0,11,1
2018,July,7,3,Broome,31,94,46,12,301,2,19,24,12,4,88,0,12,70,34,8,213,2
2018,July,7,4,Cattaraugus,2,18,8,7,24,2,1,5,3,1,9,1,1,13,5,6,15,1
2018,July,7,5,Cayuga,6,19,17,12,25,3,4,1,3,1,11,1,2,18,14,11,14,2
2018,July,7,6,Chautauqua,16,53,24,40,122,9,7,29,8,15,41,3,9,24,16,25,81,6
2018,July,7,7,Chemung,2,11,7,2,24,6,0,2,3,0,9,2,2,9,4,2,15,4
2018,July,7,8,Chenango,3,6,4,4,14,3,3,2,1,1,8,1,0,4,3,3,6,2
2018,July,7,9,Clinton,11,18,5,12,29,25,3,2,3,0,8,10,8,16,2,12,21,15
2018,July,7,10,Columbia,5,12,13,2,18,0,1,2,3,0,4,0,4,10,10,2,14,0
2018,July,7,11,Cortland,10,16,3,3,21,3,6,5,0,0,7,2,4,11,3,3,14,1
2018,July,7,12,Delaware,0,9,4,2,8,0,0,3,1,1,7,0,0,6,3,1,1,0
2018,July,7,13,Dutchess,10,29,29,11,57,7,4,7,6,0,17,1,6,22,23,11,40,6
2018,July,7,14,Erie,125,244,88,100,399,29,45,114,22,20,153,9,80,130,66,80,246,20
2018,July,7,15,Essex,2,1,1,2,4,0,1,0,1,0,3,0,1,1,0,2,1,0
2018,July,7,16,Franklin,5,16,11,12,10,2,0,4,3,2,3,0,5,12,8,10,7,2
2018,July,7,17,Fulton,4,11,5,15,9,0,1,4,3,4,4,0,3,7,2,11,5,0
2018,July,7,18,Genesee,4,15,6,0,16,2,1,5,0,0,5,0,3,10,6,0,11,2
2018,July,7,19,Greene,5,9,7,5,15,0,2,3,2,2,5,0,3,6,5,3,10,0
2018,July,7,20,Hamilton,0,0,0,0,0,0,0,0,0,0,0,0,0,0,0,0,0,0
2018,July,7,21,Herkimer,9,4,1,12,21,0,6,1,0,2,3,0,3,3,1,10,18,0
2018,July,7,22,Jefferson,9,19,18,9,54,0,6,6,3,2,12,0,3,13,15,7,42,0
2018,July,7,23,Lewis,0,2,2,0,1,0,0,0,2,0,0,0,0,2,0,0,1,0
2018,July,7,24,Livingston,3,14,13,2,17,7,2,6,3,0,5,0,1,8,10,2,12,7
2018,July,7,25,Madison,1,8,2,3,15,2,0,3,2,1,3,0,1,5,0,2,12,2
2018,July,7,26,Monroe,28,241,69,77,546,25,14,69,9,7,191,9,14,172,60,70,355,16
2018,July,7,27,Montgomery,4,8,9,8,25,1,1,0,4,3,10,1,3,8,5,5,15,0
2018,July,7,28,Nassau,45,89,160,30,270,24,22,32,28,9,63,10,23,57,132,21,207,14
2018,July,7,66,New York City,300,3787,1198,511,9496,2842,142,944,363,184,2792,96,158,2843,835,327,6704,2746
2018,July,7,29,Niagara,25,50,14,13,154,4,12,13,1,2,35,0,13,37,13,11,119,4
2018,July,7,30,Oneida,14,62,45,11,130,10,4,31,20,2,57,5,10,31,25,9,73,5
2018,July,7,31,Onondaga,19,167,59,88,345,14,7,67,21,19,136,9,12,100,38,69,209,5
2018,July,7,32,Ontario,12,17,27,14,57,4,7,6,7,3,11,0,5,11,20,11,46,4
2018,July,7,33,Orange,15,59,59,9,69,11,8,16,14,3,22,3,7,43,45,6,47,8
2018,July,7,34,Orleans,6,15,8,8,17,0,0,4,1,1,2,0,6,11,7,7,15,0
2018,July,7,35,Oswego,15,30,31,26,84,11,9,9,5,1,35,0,6,21,26,25,49,11
2018,July,7,36,Otsego,1,5,4,0,9,1,0,2,0,0,3,1,1,3,4,0,6,0
2018,July,7,37,Putnam,0,0,2,3,1,0,0,0,0,1,0,0,0,0,2,2,1,0
2018,July,7,38,Rensselaer,8,40,18,11,70,2,5,25,9,6,45,2,3,15,9,5,25,0
2018,July,7,39,Rockland,15,20,6,8,32,4,9,6,1,4,7,0,6,14,5,4,25,4
2018,July,7,41,Saratoga,5,10,5,0,15,0,3,3,3,0,5,0,2,7,2,0,10,0
2018,July,7,42,Schenectady,6,43,33,21,97,9,2,14,13,1,30,2,4,29,20,20,67,7
2018,July,7,43,Schoharie,2,3,2,2,2,1,2,2,0,0,2,0,0,1,2,2,0,1
2018,July,7,44,Schuyler,2,7,3,6,13,3,0,2,1,0,6,1,2,5,2,6,7,2
2018,July,7,45,Seneca,2,0,6,0,14,0,0,0,1,0,5,0,2,0,5,0,9,0
2018,July,7,46,Steuben,13,24,13,12,61,1,4,8,6,2,19,0,9,16,7,10,42,1
2018,July,7,40,St. Lawrence,7,28,2,12,67,4,2,7,1,1,34,0,5,21,1,11,33,4
2018,July,7,47,Suffolk,58,162,151,72,758,34,18,41,31,7,174,7,40,121,120,65,584,27
2018,July,7,48,Sullivan,7,17,13,14,34,0,3,4,4,1,8,0,4,13,9,13,26,0
2018,July,7,49,Tioga,4,7,6,2,13,3,4,1,1,0,9,1,0,6,5,2,4,2
2018,July,7,50,Tompkins,4,15,6,4,44,4,3,0,2,0,7,0,1,15,4,4,37,4
2018,July,7,51,Ulster,18,23,41,7,68,10,10,7,10,0,21,6,8,16,31,7,47,4
2018,July,7,52,Warren,11,11,8,5,11,0,7,4,2,4,4,0,4,7,6,1,7,0
2018,July,7,53,Washington,3,11,5,2,13,5,3,4,2,1,7,1,0,7,3,1,6,4
2018,July,7,54,Wayne,6,16,13,5,17,0,5,5,6,2,10,0,1,11,7,3,7,0
2018,July,7,55,Westchester,25,115,106,27,214,17,9,40,14,5,67,4,16,75,92,22,147,13
2018,July,7,56,Wyoming,6,7,0,0,5,0,3,2,0,0,3,0,3,5,0,0,2,0
2018,July,7,57,Yates,3,3,2,3,12,1,2,0,1,0,1,1,1,3,1,3,11,0
2018,June,6,1,Albany,28,65,60,13,203,11,13,22,15,1,71,4,15,43,45,12,132,7
2018,June,6,2,Allegany,5,10,1,3,15,1,5,3,0,2,5,0,0,7,1,1,10,1
2018,June,6,3,Broome,31,77,49,14,339,13,16,20,11,5,110,4,15,57,38,9,229,9
2018,June,6,4,Cattaraugus,5,18,10,8,31,0,3,2,2,1,14,0,2,16,8,7,17,0
2018,June,6,5,Cayuga,5,15,10,11,28,0,2,7,4,1,9,0,3,8,6,10,19,0
2018,June,6,6,Chautauqua,20,47,30,44,111,5,10,18,3,8,35,1,10,29,27,36,76,4
2018,June,6,7,Chemung,8,9,8,1,17,1,5,3,3,0,5,0,3,6,5,1,12,1
2018,June,6,8,Chenango,3,10,5,0,11,1,3,3,0,0,4,0,0,7,5,0,7,1
2018,June,6,9,Clinton,9,24,5,17,28,11,5,3,0,2,9,6,4,21,5,15,19,5
2018,June,6,10,Columbia,3,7,5,5,8,2,2,1,0,0,1,1,1,6,5,5,7,1
2018,June,6,11,Cortland,10,16,9,3,24,0,5,2,2,0,9,0,5,14,7,3,15,0
2018,June,6,12,Delaware,5,6,0,1,6,2,5,0,0,0,1,0,0,6,0,1,5,2
2018,June,6,13,Dutchess,2,26,12,22,51,6,1,6,2,5,20,0,1,20,10,17,31,6
2018,June,6,14,Erie,119,297,73,93,342,36,28,136,14,14,118,13,91,161,59,79,224,23
2018,June,6,15,Essex,0,1,0,1,6,0,0,0,0,0,2,0,0,1,0,1,4,0
2018,June,6,16,Franklin,7,20,14,9,19,0,2,3,0,1,7,0,5,17,14,8,12,0
2018,June,6,17,Fulton,7,7,7,21,17,1,2,2,3,7,6,1,5,5,4,14,11,0
2018,June,6,18,Genesee,4,14,5,2,14,2,2,3,1,0,5,1,2,11,4,2,9,1
2018,June,6,19,Greene,5,18,6,6,14,0,1,3,1,3,2,0,4,15,5,3,12,0
2018,June,6,20,Hamilton,1,0,0,0,0,0,1,0,0,0,0,0,0,0,0,0,0,0
2018,June,6,21,Herkimer,9,18,2,9,20,0,5,1,2,4,3,0,4,17,0,5,17,0
2018,June,6,22,Jefferson,11,34,8,25,64,4,5,8,1,3,18,1,6,26,7,22,46,3
2018,June,6,23,Lewis,4,1,4,1,2,1,2,0,2,1,1,0,2,1,2,0,1,1
2018,June,6,24,Livingston,4,21,16,1,26,3,3,7,2,0,10,1,1,14,14,1,16,2
2018,June,6,25,Madison,8,5,1,1,17,1,7,0,1,0,8,0,1,5,0,1,9,1
2018,June,6,26,Monroe,32,264,75,39,574,13,17,67,16,5,194,1,15,197,59,34,380,12
2018,June,6,27,Montgomery,4,16,5,8,29,4,3,5,1,0,16,2,1,11,4,8,13,2
2018,June,6,28,Nassau,36,107,170,46,277,12,16,27,23,12,63,3,20,80,147,34,214,9
2018,June,6,66,New York City,304,2998,572,371,4897,2871,127,722,122,148,1209,104,177,2276,450,223,3688,2767
2018,June,6,29,Niagara,27,76,11,17,147,5,9,22,3,1,30,0,18,54,8,16,117,5
2018,June,6,30,Oneida,20,57,29,12,123,11,10,21,9,2,50,1,10,36,20,10,73,10
2018,June,6,31,Onondaga,22,158,77,106,340,18,10,70,25,15,148,5,12,88,52,91,192,13
2018,June,6,32,Ontario,16,29,23,9,57,6,7,10,4,3,16,1,9,19,19,6,41,5
2018,June,6,33,Orange,13,64,74,11,91,4,3,26,15,3,41,2,10,38,59,8,50,2
2018,June,6,34,Orleans,9,16,8,5,21,3,4,8,1,3,7,1,5,8,7,2,14,2
2018,June,6,35,Oswego,21,25,26,13,95,6,14,7,5,4,36,1,7,18,21,9,59,5
2018,June,6,36,Otsego,2,9,5,0,14,0,1,2,1,0,4,0,1,7,4,0,10,0
2018,June,6,37,Putnam,0,6,2,1,8,0,0,1,0,0,0,0,0,5,2,1,8,0
2018,June,6,38,Rensselaer,4,31,24,7,82,2,4,17,13,3,59,2,0,14,11,4,23,0
2018,June,6,39,Rockland,6,17,8,7,57,4,5,10,3,1,11,2,1,7,5,6,46,2
2018,June,6,41,Saratoga,7,7,5,0,12,1,3,2,1,0,2,0,4,5,4,0,10,1
2018,June,6,42,Schenectady,10,42,37,22,96,6,3,16,17,5,33,2,7,26,20,17,63,4
2018,June,6,43,Schoharie,2,1,1,1,4,1,2,0,0,0,2,0,0,1,1,1,2,1
2018,June,6,44,Schuyler,0,8,3,8,7,1,0,0,2,1,3,1,0,8,1,7,4,0
2018,June,6,45,Seneca,2,6,1,0,10,2,0,3,0,0,6,2,2,3,1,0,4,0
2018,June,6,46,Steuben,11,20,11,10,71,2,2,3,1,0,22,1,9,17,10,10,49,1
2018,June,6,40,St. Lawrence,8,20,11,10,68,3,3,6,1,1,24,1,5,14,10,9,44,2
2018,June,6,47,Suffolk,64,183,150,91,809,28,19,47,19,13,180,3,45,136,131,78,629,25
2018,June,6,48,Sullivan,7,18,11,14,28,5,5,6,0,4,7,1,2,12,11,10,21,4
2018,June,6,49,Tioga,5,2,10,3,18,0,3,0,3,1,8,0,2,2,7,2,10,0
2018,June,6,50,Tompkins,11,22,11,2,38,4,8,4,1,0,6,1,3,18,10,2,32,3
2018,June,6,51,Ulster,17,26,43,7,66,7,9,7,17,3,17,3,8,19,26,4,49,4
2018,June,6,52,Warren,8,9,17,3,8,2,2,2,1,3,1,0,6,7,16,0,7,2
2018,June,6,53,Washington,2,10,7,0,12,2,0,4,2,0,5,2,2,6,5,0,7,0
2018,June,6,54,Wayne,7,16,8,5,23,2,3,3,2,0,8,0,4,13,6,5,15,2
2018,June,6,55,Westchester,45,132,108,33,292,13,23,47,19,6,95,2,22,85,89,27,197,11
2018,June,6,56,Wyoming,4,4,2,1,5,1,3,2,1,0,2,0,1,2,1,1,3,1
2018,June,6,57,Yates,4,5,2,2,6,1,1,0,2,0,2,0,3,5,0,2,4,1
2018,May,5,1,Albany,28,40,71,20,181,5,9,16,19,1,66,0,19,24,52,19,115,5
2018,May,5,2,Allegany,4,7,5,5,15,1,1,4,2,1,7,0,3,3,3,4,8,1
2018,May,5,3,Broome,26,98,64,15,377,12,19,26,9,1,101,5,7,72,55,14,276,7
2018,May,5,4,Cattaraugus,9,9,10,6,32,0,3,2,1,1,10,0,6,7,9,5,22,0
2018,May,5,5,Cayuga,9,19,11,13,25,3,4,5,3,1,10,1,5,14,8,12,15,2
2018,May,5,6,Chautauqua,18,62,28,47,95,5,7,27,8,21,31,2,11,35,20,26,64,3
2018,May,5,7,Chemung,5,12,5,3,23,3,3,5,1,0,10,1,2,7,4,3,13,2
2018,May,5,8,Chenango,5,14,1,6,10,3,2,5,1,2,4,1,3,9,0,4,6,2
2018,May,5,9,Clinton,8,15,11,16,28,13,0,3,2,3,6,4,8,12,9,13,22,9
2018,May,5,10,Columbia,4,15,9,1,27,1,0,1,3,0,6,1,4,14,6,1,21,0
2018,May,5,11,Cortland,5,15,10,3,18,1,3,7,0,0,8,0,2,8,10,3,10,1
2018,May,5,12,Delaware,0,10,2,1,6,1,0,3,1,0,4,1,0,7,1,1,2,0
2018,May,5,13,Dutchess,4,16,11,12,63,1,1,3,4,1,14,1,3,13,7,11,49,0
2018,May,5,14,Erie,90,288,123,110,430,25,38,105,21,18,167,11,52,183,102,92,263,14
2018,May,5,15,Essex,2,2,1,1,3,0,1,0,0,0,2,0,1,2,1,1,1,0
2018,May,5,16,Franklin,6,18,6,9,15,2,3,3,2,2,3,0,3,15,4,7,12,2
2018,May,5,17,Fulton,2,11,4,10,18,0,1,3,1,3,10,0,1,8,3,7,8,0
2018,May,5,18,Genesee,1,13,5,2,7,0,1,6,1,1,3,0,0,7,4,1,4,0
2018,May,5,19,Greene,5,15,10,8,14,4,2,3,2,1,3,0,3,12,8,7,11,4
2018,May,5,20,Hamilton,0,0,0,0,0,0,0,0,0,0,0,0,0,0,0,0,0,0
2018,May,5,21,Herkimer,6,7,5,12,12,1,3,1,1,6,3,0,3,6,4,6,9,1
2018,May,5,22,Jefferson,5,32,16,11,58,1,2,7,3,0,16,0,3,25,13,11,42,1
2018,May,5,23,Lewis,3,3,0,0,3,1,2,1,0,0,3,0,1,2,0,0,0,1
2018,May,5,24,Livingston,3,19,11,2,26,2,2,7,5,0,8,0,1,12,6,2,18,2
2018,May,5,25,Madison,2,6,3,4,14,1,0,2,2,1,5,0,2,4,1,3,9,1
2018,May,5,26,Monroe,26,254,96,49,568,21,16,70,22,5,190,6,10,184,74,44,378,15
2018,May,5,27,Montgomery,8,16,7,9,24,1,6,7,3,2,9,0,2,9,4,7,15,1
2018,May,5,28,Nassau,39,99,148,48,246,13,17,26,26,11,55,3,22,73,122,37,191,10
2018,May,5,66,New York City,332,3600,602,350,8317,3415,145,906,121,113,2233,142,187,2694,481,237,6084,3273
2018,May,5,29,Niagara,23,53,10,13,159,12,10,13,3,5,42,1,13,40,7,8,117,11
2018,May,5,30,Oneida,21,64,36,16,114,7,7,26,10,4,43,2,14,38,26,12,71,5
2018,May,5,31,Onondaga,36,190,60,90,372,27,15,79,16,10,142,11,21,111,44,80,230,16
2018,May,5,32,Ontario,10,34,29,6,52,2,6,15,3,0,16,1,4,19,26,6,36,1
2018,May,5,33,Orange,18,49,83,4,88,4,8,18,16,0,32,1,10,31,67,4,56,3
2018,May,5,34,Orleans,5,27,9,9,15,5,1,11,2,3,3,0,4,16,7,6,12,5
2018,May,5,35,Oswego,11,32,37,12,90,13,7,11,8,1,27,1,4,21,29,11,63,12
2018,May,5,36,Otsego,3,9,6,3,9,3,1,3,1,1,2,0,2,6,5,2,7,3
2018,May,5,37,Putnam,1,5,2,1,4,0,0,0,0,0,1,0,1,5,2,1,3,0
2018,May,5,38,Rensselaer,12,41,21,10,64,4,10,29,10,6,41,3,2,12,11,4,23,1
2018,May,5,39,Rockland,14,35,5,8,47,1,10,9,3,1,14,0,4,26,2,7,33,1
2018,May,5,41,Saratoga,7,1,3,2,9,0,1,0,1,0,2,0,6,1,2,2,7,0
2018,May,5,42,Schenectady,5,50,34,13,90,5,3,16,16,1,36,0,2,34,18,12,54,5
2018,May,5,43,Schoharie,0,4,1,0,2,1,0,1,1,0,0,0,0,3,0,0,2,1
2018,May,5,44,Schuyler,2,3,1,4,2,0,1,0,1,2,1,0,1,3,0,2,1,0
2018,May,5,45,Seneca,2,6,4,0,9,0,1,1,2,0,3,0,1,5,2,0,6,0
2018,May,5,46,Steuben,16,18,8,11,31,1,6,2,2,1,9,0,10,16,6,10,22,1
2018,May,5,40,St. Lawrence,4,33,6,12,62,2,2,7,3,0,20,0,2,26,3,12,42,2
2018,May,5,47,Suffolk,61,189,139,63,839,37,27,52,17,3,187,7,34,137,122,60,652,30
2018,May,5,48,Sullivan,6,10,17,8,26,3,5,3,3,1,9,1,1,7,14,7,17,2
2018,May,5,49,Tioga,7,5,11,1,13,2,3,1,5,1,7,1,4,4,6,0,6,1
2018,May,5,50,Tompkins,5,11,5,5,30,0,0,3,1,1,4,0,5,8,4,4,26,0
2018,May,5,51,Ulster,13,27,36,4,50,13,9,4,4,0,11,4,4,23,32,4,39,9
2018,May,5,52,Warren,7,14,6,3,15,0,2,5,3,0,3,0,5,9,3,3,12,0
2018,May,5,53,Washington,1,13,3,1,6,1,0,4,1,0,4,0,1,9,2,1,2,1
2018,May,5,54,Wayne,9,16,8,7,13,0,1,5,2,2,5,0,8,11,6,5,8,0
2018,May,5,55,Westchester,31,123,99,33,295,10,9,33,16,5,93,4,22,90,83,28,202,6
2018,May,5,56,Wyoming,2,7,1,1,8,1,0,3,1,0,2,0,2,4,0,1,6,1
2018,May,5,57,Yates,1,6,1,1,8,1,1,2,0,1,3,0,0,4,1,0,5,1
2018,April,4,1,Albany,24,53,65,23,209,9,12,18,20,3,87,5,12,35,45,20,122,4
2018,April,4,2,Allegany,3,10,7,4,8,2,1,3,4,2,4,1,2,7,3,2,4,1
2018,April,4,3,Broome,19,87,60,27,309,9,8,24,18,7,92,1,11,63,42,20,217,8
2018,April,4,4,Cattaraugus,6,21,5,6,28,0,2,5,1,0,7,0,4,16,4,6,21,0
2018,April,4,5,Cayuga,3,14,9,8,15,1,1,4,1,1,7,0,2,10,8,7,8,1
2018,April,4,6,Chautauqua,20,51,28,37,124,7,8,21,7,5,45,3,12,30,21,32,79,4
2018,April,4,7,Chemung,2,10,4,0,22,3,1,3,2,0,6,0,1,7,2,0,16,3
2018,April,4,8,Chenango,4,7,4,2,13,1,2,0,0,0,7,0,2,7,4,2,6,1
2018,April,4,9,Clinton,10,14,8,21,22,14,4,1,1,4,4,3,6,13,7,17,18,11
2018,April,4,10,Columbia,4,20,10,1,17,1,3,5,0,0,11,0,1,15,10,1,6,1
2018,April,4,11,Cortland,8,15,5,2,18,1,4,5,1,0,4,1,4,10,4,2,14,0
2018,April,4,12,Delaware,2,7,3,0,10,0,1,1,0,0,7,0,1,6,3,0,3,0
2018,April,4,13,Dutchess,3,27,23,18,57,6,2,5,1,1,13,2,1,22,22,17,44,4
2018,April,4,14,Erie,109,244,141,108,492,39,32,101,31,22,163,13,77,143,110,86,329,26
2018,April,4,15,Essex,3,4,0,1,12,0,3,2,0,0,10,0,0,2,0,1,2,0
2018,April,4,16,Franklin,6,15,9,11,14,0,2,4,0,2,7,0,4,11,9,9,7,0
2018,April,4,17,Fulton,4,15,3,11,17,0,2,2,2,2,11,0,2,13,1,9,6,0
2018,April,4,18,Genesee,1,9,3,3,11,2,1,3,1,1,4,1,0,6,2,2,7,1
2018,April,4,19,Greene,6,13,10,6,14,2,2,2,1,2,2,0,4,11,9,4,12,2
2018,April,4,20,Hamilton,0,0,0,0,0,0,0,0,0,0,0,0,0,0,0,0,0,0
2018,April,4,21,Herkimer,7,11,2,8,15,1,2,4,0,0,1,0,5,7,2,8,14,1
2018,April,4,22,Jefferson,12,27,7,15,66,4,6,10,2,0,15,1,6,17,5,15,51,3
2018,April,4,23,Lewis,3,2,0,0,0,0,1,1,0,0,0,0,2,1,0,0,0,0
2018,April,4,24,Livingston,8,16,10,3,23,2,4,4,0,0,7,0,4,12,10,3,16,2
2018,April,4,25,Madison,2,7,1,3,12,1,0,2,1,1,7,0,2,5,0,2,5,1
2018,April,4,26,Monroe,33,218,72,59,588,9,17,78,20,5,210,4,16,140,52,54,378,5
2018,April,4,27,Montgomery,9,21,4,13,22,1,5,7,2,3,13,0,4,14,2,10,9,1
2018,April,4,28,Nassau,37,88,152,58,284,17,14,31,23,3,59,7,23,57,129,55,225,10
2018,April,4,66,New York City,317,3655,815,307,10476,2944,129,913,206,99,2952,153,188,2742,609,208,7524,2791
2018,April,4,29,Niagara,30,67,19,9,161,6,13,18,3,1,42,0,17,49,16,8,119,6
2018,April,4,30,Oneida,13,59,38,17,105,8,7,21,10,1,47,2,6,38,28,16,58,6
2018,April,4,31,Onondaga,26,208,63,110,341,17,11,73,22,12,114,4,15,135,41,98,227,13
2018,April,4,32,Ontario,13,20,27,16,56,4,4,7,6,2,13,1,9,13,21,14,43,3
2018,April,4,33,Orange,15,71,78,9,81,7,8,24,15,2,29,3,7,47,63,7,52,4
2018,April,4,34,Orleans,7,24,6,15,14,2,2,5,1,3,3,1,5,19,5,12,11,1
2018,April,4,35,Oswego,29,23,22,19,75,15,15,7,6,5,35,4,14,16,16,14,40,11
2018,April,4,36,Otsego,1,8,2,0,4,1,0,4,0,0,2,0,1,4,2,0,2,1
2018,April,4,37,Putnam,2,3,0,3,8,0,1,1,0,1,1,0,1,2,0,2,7,0
2018,April,4,38,Rensselaer,13,47,27,7,69,2,11,24,13,4,40,0,2,23,14,3,29,2
2018,April,4,39,Rockland,7,27,6,6,59,2,5,10,0,0,9,0,2,17,6,6,50,2
2018,April,4,41,Saratoga,2,5,5,0,11,1,2,0,2,0,4,0,0,5,3,0,7,1
2018,April,4,42,Schenectady,6,47,32,22,88,6,3,16,8,2,31,2,3,31,24,20,57,4
2018,April,4,43,Schoharie,2,3,0,0,8,1,1,1,0,0,2,0,1,2,0,0,6,1
2018,April,4,44,Schuyler,1,6,6,2,9,0,0,3,2,0,2,0,1,3,4,2,7,0
2018,April,4,45,Seneca,2,5,1,0,11,0,0,3,0,0,4,0,2,2,1,0,7,0
2018,April,4,46,Steuben,14,21,14,5,53,0,6,3,3,2,14,0,8,18,11,3,39,0
2018,April,4,40,St. Lawrence,10,19,13,8,50,2,3,3,5,1,17,0,7,16,8,7,33,2
2018,April,4,47,Suffolk,70,208,152,73,829,30,28,46,28,7,186,9,42,162,124,66,643,21
2018,April,4,48,Sullivan,5,16,16,17,30,0,2,6,2,3,13,0,3,10,14,14,17,0
2018,April,4,49,Tioga,5,6,8,0,12,0,3,2,6,0,5,0,2,4,2,0,7,0
2018,April,4,50,Tompkins,9,18,5,4,54,1,4,3,0,0,13,0,5,15,5,4,41,1
2018,April,4,51,Ulster,14,36,51,2,82,10,7,9,15,0,27,2,7,27,36,2,55,8
2018,April,4,52,Warren,7,8,9,1,10,1,1,1,3,1,5,0,6,7,6,0,5,1
2018,April,4,53,Washington,7,11,5,0,12,1,4,5,1,0,9,1,3,6,4,0,3,0
2018,April,4,54,Wayne,6,10,5,0,30,0,3,5,2,0,10,0,3,5,3,0,20,0
2018,April,4,55,Westchester,39,99,88,43,243,6,13,34,16,7,72,0,26,65,72,36,171,6
2018,April,4,56,Wyoming,0,5,1,1,4,0,0,0,0,0,0,0,0,5,1,1,4,0
2018,April,4,57,Yates,1,0,4,2,9,0,1,0,0,0,2,0,0,0,4,2,7,0
2018,March,3,1,Albany,19,69,63,27,232,6,9,16,25,1,81,2,10,53,38,26,151,4
2018,March,3,2,Allegany,4,7,5,1,15,1,0,2,1,0,9,0,4,5,4,1,6,1
2018,March,3,3,Broome,24,69,56,12,343,10,10,22,9,1,94,4,14,47,47,11,249,6
2018,March,3,4,Cattaraugus,10,11,8,6,17,1,5,3,2,1,5,0,5,8,6,5,12,1
2018,March,3,5,Cayuga,3,9,9,4,24,1,3,4,1,1,8,1,0,5,8,3,16,0
2018,March,3,6,Chautauqua,23,34,29,58,88,3,13,12,8,12,27,1,10,22,21,46,61,2
2018,March,3,7,Chemung,4,11,3,0,27,2,2,1,0,0,12,1,2,10,3,0,15,1
2018,March,3,8,Chenango,4,13,5,3,11,0,3,1,1,0,5,0,1,12,4,3,6,0
2018,March,3,9,Clinton,12,19,3,22,28,13,6,3,1,2,5,4,6,16,2,20,23,9
2018,March,3,10,Columbia,9,12,13,3,20,0,3,3,1,0,5,0,6,9,12,3,15,0
2018,March,3,11,Cortland,6,23,9,1,24,1,3,7,2,0,10,0,3,16,7,1,14,1
2018,March,3,12,Delaware,1,1,2,0,12,0,1,0,0,0,6,0,0,1,2,0,6,0
2018,March,3,13,Dutchess,7,18,18,15,82,0,3,2,1,1,28,0,4,16,17,14,54,0
2018,March,3,14,Erie,127,252,89,106,419,35,34,115,23,16,164,6,93,137,66,90,255,29
2018,March,3,15,Essex,3,2,0,0,6,0,1,1,0,0,4,0,2,1,0,0,2,0
2018,March,3,16,Franklin,4,17,8,4,17,2,2,7,2,0,6,1,2,10,6,4,11,1
2018,March,3,17,Fulton,5,12,3,7,24,0,1,1,1,2,14,0,4,11,2,5,10,0
2018,March,3,18,Genesee,4,6,8,0,15,3,0,2,2,0,3,1,4,4,6,0,12,2
2018,March,3,19,Greene,4,9,7,4,12,3,1,1,2,1,1,0,3,8,5,3,11,3
2018,March,3,20,Hamilton,1,0,0,0,0,0,0,0,0,0,0,0,1,0,0,0,0,0
2018,March,3,21,Herkimer,4,6,5,9,26,0,3,4,2,0,7,0,1,2,3,9,19,0
2018,March,3,22,Jefferson,19,27,11,29,98,3,8,6,1,2,21,1,11,21,10,27,77,2
2018,March,3,23,Lewis,3,2,1,0,3,1,2,0,0,0,3,1,1,2,1,0,0,0
2018,March,3,24,Livingston,6,18,8,5,22,4,4,8,1,0,7,0,2,10,7,5,15,4
2018,March,3,25,Madison,2,5,3,6,19,1,0,1,2,4,9,0,2,4,1,2,10,1
2018,March,3,26,Monroe,47,216,75,56,696,24,23,73,21,1,210,10,24,143,54,55,486,14
2018,March,3,27,Montgomery,13,16,14,10,30,1,9,2,3,4,15,1,4,14,11,6,15,0
2018,March,3,28,Nassau,43,76,123,29,309,13,14,26,32,4,62,6,29,50,91,25,247,7
2018,March,3,66,New York City,337,2964,901,322,7839,3396,140,772,213,101,2237,115,197,2192,688,221,5602,3281
2018,March,3,29,Niagara,26,40,18,12,170,13,12,10,2,1,37,2,14,30,16,11,133,11
2018,March,3,30,Oneida,18,67,35,13,131,2,9,24,10,5,65,1,9,43,25,8,66,1
2018,March,3,31,Onondaga,29,163,55,119,426,21,17,71,22,17,162,7,12,92,33,102,264,14
2018,March,3,32,Ontario,8,29,41,9,61,9,3,7,3,0,17,1,5,22,38,9,44,8
2018,March,3,33,Orange,10,50,69,13,102,1,6,10,9,1,43,0,4,40,60,12,59,1
2018,March,3,34,Orleans,9,22,4,12,12,6,6,7,1,2,3,6,3,15,3,10,9,0
2018,March,3,35,Oswego,18,38,27,22,86,18,8,12,7,3,31,4,10,26,20,19,55,14
2018,March,3,36,Otsego,1,5,1,0,6,1,0,1,0,0,4,0,1,4,1,0,2,1
2018,March,3,37,Putnam,1,4,1,2,6,0,1,0,0,0,0,0,0,4,1,2,6,0
2018,March,3,38,Rensselaer,10,48,23,3,98,3,7,27,12,1,51,2,3,21,11,2,47,1
2018,March,3,39,Rockland,6,22,7,2,49,1,3,11,0,0,17,1,3,11,7,2,32,0
2018,March,3,41,Saratoga,6,5,1,1,11,0,3,1,0,0,3,0,3,4,1,1,8,0
2018,March,3,42,Schenectady,14,61,28,21,114,3,9,23,11,2,53,1,5,38,17,19,61,2
2018,March,3,43,Schoharie,1,1,2,1,7,2,0,0,1,1,3,0,1,1,1,0,4,2
2018,March,3,44,Schuyler,1,2,3,5,11,1,0,2,0,0,7,0,1,0,3,5,4,1
2018,March,3,45,Seneca,1,8,5,0,5,0,1,1,1,0,2,0,0,7,4,0,3,0
2018,March,3,46,Steuben,11,16,11,6,53,3,5,3,4,2,10,1,6,13,7,4,43,2
2018,March,3,40,St. Lawrence,11,17,7,9,69,5,3,8,3,0,24,1,8,9,4,9,45,4
2018,March,3,47,Suffolk,70,175,163,77,937,32,37,34,24,13,149,2,33,141,139,64,788,30
2018,March,3,48,Sullivan,4,17,9,10,44,3,1,3,2,3,15,1,3,14,7,7,29,2
2018,March,3,49,Tioga,4,4,8,2,13,1,0,2,3,0,3,0,4,2,5,2,10,1
2018,March,3,50,Tompkins,6,20,7,1,39,1,2,9,2,0,12,0,4,11,5,1,27,1
2018,March,3,51,Ulster,13,25,54,19,90,6,4,13,14,3,20,1,9,12,40,16,70,5
2018,March,3,52,Warren,6,9,7,4,11,1,5,1,1,1,2,0,1,8,6,3,9,1
2018,March,3,53,Washington,2,11,3,1,18,1,2,5,0,0,5,0,0,6,3,1,13,1
2018,March,3,54,Wayne,9,9,5,4,29,1,4,3,0,0,8,0,5,6,5,4,21,1
2018,March,3,55,Westchester,31,136,118,36,295,8,16,45,29,2,96,1,15,91,89,34,199,7
2018,March,3,56,Wyoming,3,4,4,0,5,1,2,2,0,0,1,1,1,2,4,0,4,0
2018,March,3,57,Yates,1,5,3,2,10,1,0,1,0,1,3,0,1,4,3,1,7,1
2018,February,2,1,Albany,23,66,63,29,208,10,14,28,14,1,71,3,9,38,49,28,137,7
2018,February,2,2,Allegany,3,7,7,0,15,1,1,1,2,0,7,1,2,6,5,0,8,0
2018,February,2,3,Broome,32,72,46,10,327,11,20,33,11,1,110,3,12,39,35,9,217,8
2018,February,2,4,Cattaraugus,10,13,11,9,22,1,4,2,2,1,8,1,6,11,9,8,14,0
2018,February,2,5,Cayuga,6,11,15,7,14,4,2,4,4,2,8,0,4,7,11,5,6,4
2018,February,2,6,Chautauqua,13,35,19,39,106,1,6,20,8,13,32,0,7,15,11,26,74,1
2018,February,2,7,Chemung,4,12,9,2,23,4,3,3,3,0,13,2,1,9,6,2,10,2
2018,February,2,8,Chenango,5,2,8,2,10,0,3,1,3,2,4,0,2,1,5,0,6,0
2018,February,2,9,Clinton,11,22,11,28,29,11,3,6,4,6,5,4,8,16,7,22,24,7
2018,February,2,10,Columbia,1,17,10,1,22,1,0,7,1,1,8,0,1,10,9,0,14,1
2018,February,2,11,Cortland,3,15,11,5,18,1,2,8,3,2,7,0,1,7,8,3,11,1
2018,February,2,12,Delaware,1,6,2,2,3,1,0,3,0,1,3,1,1,3,2,1,0,0
2018,February,2,13,Dutchess,6,20,11,20,55,4,6,5,3,2,18,1,0,15,8,18,37,3
2018,February,2,14,Erie,110,236,83,92,298,34,26,95,24,20,126,14,84,141,59,72,172,20
2018,February,2,15,Essex,1,2,3,0,6,0,0,0,1,0,4,0,1,2,2,0,2,0
2018,February,2,16,Franklin,11,11,12,15,14,2,7,3,3,2,6,0,4,8,9,13,8,2
2018,February,2,17,Fulton,3,12,3,22,17,0,1,3,0,6,12,0,2,9,3,16,5,0
2018,February,2,18,Genesee,3,9,6,2,22,0,1,2,0,0,7,0,2,7,6,2,15,0
2018,February,2,19,Greene,2,20,4,5,18,1,1,7,0,1,4,0,1,13,4,4,14,1
2018,February,2,20,Hamilton,0,1,0,0,0,0,0,1,0,0,0,0,0,0,0,0,0,0
2018,February,2,21,Herkimer,3,10,6,10,17,3,0,2,4,3,3,0,3,8,2,7,14,3
2018,February,2,22,Jefferson,14,16,10,22,81,3,6,8,2,0,17,0,8,8,8,22,64,3
2018,February,2,23,Lewis,1,7,1,1,2,2,1,1,0,0,0,0,0,6,1,1,2,2
2018,February,2,24,Livingston,4,17,15,0,23,6,3,10,6,0,6,1,1,7,9,0,17,5
2018,February,2,25,Madison,4,6,2,1,16,0,2,2,0,0,5,0,2,4,2,1,11,0
2018,February,2,26,Monroe,30,236,87,35,623,26,17,66,18,3,202,4,13,170,69,32,421,22
2018,February,2,27,Montgomery,1,15,9,15,28,3,0,5,1,6,10,1,1,10,8,9,18,2
2018,February,2,28,Nassau,41,75,108,37,269,10,21,24,21,4,57,2,20,51,87,33,212,8
2018,February,2,66,New York City,288,2968,566,298,6022,2815,115,767,111,99,1672,122,173,2201,455,199,4350,2693
2018,February,2,29,Niagara,21,45,14,13,140,12,13,12,2,4,24,0,8,33,12,9,116,12
2018,February,2,30,Oneida,11,60,40,13,104,5,6,23,19,0,51,3,5,37,21,13,53,2
2018,February,2,31,Onondaga,24,129,51,110,418,21,11,49,15,10,173,5,13,80,36,100,245,16
2018,February,2,32,Ontario,12,28,16,7,50,5,5,4,2,0,10,0,7,24,14,7,40,5
2018,February,2,33,Orange,12,40,64,10,96,9,7,15,9,3,28,4,5,25,55,7,68,5
2018,February,2,34,Orleans,6,14,9,10,18,3,2,6,6,1,5,0,4,8,3,9,13,3
2018,February,2,35,Oswego,19,24,22,27,83,7,8,8,6,5,35,2,11,16,16,22,48,5
2018,February,2,36,Otsego,3,9,7,0,9,1,1,0,3,0,4,0,2,9,4,0,5,1
2018,February,2,37,Putnam,0,4,1,0,3,0,0,1,0,0,0,0,0,3,1,0,3,0
2018,February,2,38,Rensselaer,17,49,22,3,70,5,12,30,12,1,39,5,5,19,10,2,31,0
2018,February,2,39,Rockland,8,26,7,6,48,2,5,10,0,3,15,1,3,16,7,3,33,1
2018,February,2,41,Saratoga,4,3,2,1,6,2,3,0,1,1,1,0,1,3,1,0,5,2
2018,February,2,42,Schenectady,6,45,28,30,80,9,6,20,10,4,33,4,0,25,18,26,47,5
2018,February,2,43,Schoharie,1,3,0,0,3,1,1,1,0,0,2,1,0,2,0,0,1,0
2018,February,2,44,Schuyler,1,2,3,3,8,1,0,1,1,0,4,0,1,1,2,3,4,1
2018,February,2,45,Seneca,2,3,4,0,6,0,2,0,2,0,1,0,0,3,2,0,5,0
2018,February,2,46,Steuben,18,9,13,4,42,1,10,2,4,1,11,0,8,7,9,3,31,1
2018,February,2,40,St. Lawrence,10,18,6,13,57,4,2,3,3,1,21,1,8,15,3,12,36,3
2018,February,2,47,Suffolk,56,187,146,69,819,37,22,49,26,9,163,5,34,138,120,60,656,32
2018,February,2,48,Sullivan,6,9,18,8,24,0,4,2,3,2,8,0,2,7,15,6,16,0
2018,February,2,49,Tioga,4,2,4,1,20,0,1,0,0,0,5,0,3,2,4,1,15,0
2018,February,2,50,Tompkins,4,15,4,1,40,2,1,5,2,0,11,1,3,10,2,1,29,1
2018,February,2,51,Ulster,11,28,31,18,81,8,7,5,6,1,21,2,4,23,25,17,60,6
2018,February,2,52,Warren,6,9,7,5,6,1,1,3,4,0,2,0,5,6,3,5,4,1
2018,February,2,53,Washington,5,10,10,1,14,1,2,7,4,1,6,1,3,3,6,0,8,0
2018,February,2,54,Wayne,8,11,6,4,22,0,7,3,1,0,9,0,1,8,5,4,13,0
2018,February,2,55,Westchester,33,112,95,40,231,10,13,34,17,3,58,2,20,78,78,37,173,8
2018,February,2,56,Wyoming,2,2,2,0,3,0,0,1,1,0,0,0,2,1,1,0,3,0
2018,February,2,57,Yates,1,3,1,0,3,0,0,0,1,0,0,0,1,3,0,0,3,0
2018,January,1,1,Albany,15,79,80,14,170,9,12,27,30,1,69,4,3,52,50,13,101,5
2018,January,1,2,Allegany,2,5,0,2,7,0,2,1,0,0,4,0,0,4,0,2,3,0
2018,January,1,3,Broome,28,45,62,11,287,5,11,5,14,1,74,0,17,40,48,10,213,5
2018,January,1,4,Cattaraugus,5,15,4,8,25,2,0,5,2,1,5,0,5,10,2,7,20,2
2018,January,1,5,Cayuga,6,15,4,7,20,1,3,7,1,5,11,0,3,8,3,2,9,1
2018,January,1,6,Chautauqua,21,39,23,27,113,6,11,15,5,5,44,1,10,24,18,22,69,5
2018,January,1,7,Chemung,2,6,6,2,22,1,2,2,2,1,7,1,0,4,4,1,15,0
2018,January,1,8,Chenango,3,9,4,0,8,3,3,4,2,0,6,1,0,5,2,0,2,2
2018,January,1,9,Clinton,13,18,11,14,37,7,2,5,4,4,9,1,11,13,7,10,28,6
2018,January,1,10,Columbia,3,8,10,3,25,3,2,4,2,0,4,1,1,4,8,3,21,2
2018,January,1,11,Cortland,7,12,4,4,23,2,4,3,0,0,10,1,3,9,4,4,13,1
2018,January,1,12,Delaware,3,6,2,0,5,2,3,0,1,0,2,1,0,6,1,0,3,1
2018,January,1,13,Dutchess,6,23,11,16,63,7,4,8,2,2,21,1,2,15,9,14,42,6
2018,January,1,14,Erie,111,231,81,110,338,25,43,96,21,25,123,12,68,135,60,85,215,13
2018,January,1,15,Essex,2,1,2,0,5,0,1,0,1,0,2,0,1,1,1,0,3,0
2018,January,1,16,Franklin,8,11,4,17,10,3,4,4,2,1,1,2,4,7,2,16,9,1
2018,January,1,17,Fulton,2,14,3,18,13,0,1,3,2,5,8,0,1,11,1,13,5,0
2018,January,1,18,Genesee,4,6,4,2,25,0,1,1,1,1,7,0,3,5,3,1,18,0
2018,January,1,19,Greene,4,8,5,2,9,2,0,2,1,0,5,0,4,6,4,2,4,2
2018,January,1,20,Hamilton,1,0,0,0,0,0,1,0,0,0,0,0,0,0,0,0,0,0
2018,January,1,21,Herkimer,5,8,4,9,20,4,1,3,2,0,8,0,4,5,2,9,12,4
2018,January,1,22,Jefferson,9,15,9,15,63,6,6,4,3,3,14,0,3,11,6,12,49,6
2018,January,1,23,Lewis,0,2,1,1,1,1,0,0,0,0,1,0,0,2,1,1,0,1
2018,January,1,24,Livingston,4,18,10,4,18,3,0,6,3,0,5,0,4,12,7,4,13,3
2018,January,1,25,Madison,1,3,3,4,18,1,1,1,1,3,5,0,0,2,2,1,13,1
2018,January,1,26,Monroe,25,185,76,50,470,27,13,56,22,10,184,4,12,129,54,40,286,23
2018,January,1,27,Montgomery,3,16,10,14,23,2,2,6,3,7,6,0,1,10,7,7,17,2
2018,January,1,28,Nassau,39,78,165,29,328,18,18,20,27,7,69,8,21,58,138,22,259,10
2018,January,1,66,New York City,335,3476,442,280,11107,3084,171,929,101,99,3248,148,164,2547,341,181,7859,2936
2018,January,1,29,Niagara,21,48,10,7,177,7,15,11,2,0,47,2,6,37,8,7,130,5
2018,January,1,30,Oneida,17,43,27,9,98,10,8,12,9,0,44,5,9,31,18,9,54,5
2018,January,1,31,Onondaga,26,135,51,75,364,26,19,48,16,17,142,8,7,87,35,58,222,18
2018,January,1,32,Ontario,13,33,23,6,47,5,5,8,4,0,10,2,8,25,19,6,37,3
2018,January,1,33,Orange,19,42,40,10,73,6,14,13,7,0,20,1,5,29,33,10,53,5
2018,January,1,34,Orleans,6,9,7,10,18,4,3,4,2,1,4,0,3,5,5,9,14,4
2018,January,1,35,Oswego,9,24,28,37,67,13,2,8,6,4,28,3,7,16,22,33,39,10
2018,January,1,36,Otsego,1,3,1,3,14,1,1,0,0,1,5,1,0,3,1,2,9,0
2018,January,1,37,Putnam,1,3,3,1,3,1,1,1,0,0,3,0,0,2,3,1,0,1
2018,January,1,38,Rensselaer,7,38,19,9,63,3,2,17,13,8,34,1,5,21,6,1,29,2
2018,January,1,39,Rockland,8,24,12,5,43,5,5,8,2,1,11,1,3,16,10,4,32,4
2018,January,1,41,Saratoga,3,4,2,0,15,2,2,0,0,0,10,1,1,4,2,0,5,1
2018,January,1,42,Schenectady,8,50,30,37,96,10,7,19,10,5,32,4,1,31,20,32,64,6
2018,January,1,43,Schoharie,0,3,0,0,2,1,0,0,0,0,1,0,0,3,0,0,1,1
2018,January,1,44,Schuyler,2,3,4,1,9,1,2,0,2,1,2,0,0,3,2,0,7,1
2018,January,1,45,Seneca,1,3,5,0,5,0,0,0,0,0,1,0,1,3,5,0,4,0
2018,January,1,46,Steuben,4,10,11,9,53,5,2,1,2,1,14,0,2,9,9,8,39,5
2018,January,1,40,St. Lawrence,12,17,8,9,57,3,5,4,3,3,20,1,7,13,5,6,37,2
2018,January,1,47,Suffolk,63,179,139,44,884,42,31,48,20,6,184,10,32,131,119,38,700,32
2018,January,1,48,Sullivan,4,9,10,26,28,1,2,3,5,3,12,0,2,6,5,23,16,1
2018,January,1,49,Tioga,3,5,5,3,18,0,2,0,4,0,11,0,1,5,1,3,7,0
2018,January,1,50,Tompkins,0,12,9,0,47,2,0,4,1,0,17,0,0,8,8,0,30,2
2018,January,1,51,Ulster,10,26,41,3,57,5,5,10,11,1,14,2,5,16,30,2,43,3
2018,January,1,52,Warren,8,8,6,5,16,0,2,2,2,1,5,0,6,6,4,4,11,0
2018,January,1,53,Washington,4,10,4,1,15,0,4,2,2,1,4,0,0,8,2,0,11,0
2018,January,1,54,Wayne,5,10,4,1,28,2,2,1,0,0,11,0,3,9,4,1,17,2
2018,January,1,55,Westchester,40,108,104,43,254,17,18,28,19,7,68,2,22,80,85,36,186,15
2018,January,1,56,Wyoming,1,1,5,0,2,1,0,1,2,0,2,0,1,0,3,0,0,1
2018,January,1,57,Yates,1,2,2,3,3,0,0,1,0,1,0,0,1,1,2,2,3,0
2017,December,12,1,Albany,23,74,59,19,177,6,12,31,20,0,64,3,11,43,39,19,113,3
2017,December,12,2,Allegany,2,10,4,2,18,0,2,3,0,0,8,0,0,7,4,2,10,0
2017,December,12,3,Broome,32,84,65,14,323,12,13,16,19,3,90,5,19,68,46,11,233,7
2017,December,12,4,Cattaraugus,5,20,9,5,27,2,1,5,2,1,7,0,4,15,7,4,20,2
2017,December,12,5,Cayuga,2,11,11,2,19,0,2,6,6,0,6,0,0,5,5,2,13,0
2017,December,12,6,Chautauqua,20,36,15,37,113,3,6,7,6,10,35,3,14,29,9,27,78,0
2017,December,12,7,Chemung,2,4,4,1,22,1,2,2,2,1,12,0,0,2,2,0,10,1
2017,December,12,8,Chenango,3,6,5,0,7,3,2,2,4,0,3,2,1,4,1,0,4,1
2017,December,12,9,Clinton,8,19,8,15,28,11,3,5,3,4,7,3,5,14,5,11,21,8
2017,December,12,10,Columbia,7,14,15,4,18,2,4,8,3,1,2,0,3,6,12,3,16,2
2017,December,12,11,Cortland,4,17,9,1,24,2,4,6,0,0,8,0,0,11,9,1,16,2
2017,December,12,12,Delaware,1,6,2,0,8,2,1,0,0,0,4,1,0,6,2,0,4,1
2017,December,12,13,Dutchess,5,18,14,11,67,8,2,5,6,2,23,2,3,13,8,9,44,6
2017,December,12,14,Erie,109,249,92,105,441,41,36,118,26,23,131,11,73,131,66,82,310,30
2017,December,12,15,Essex,1,3,2,1,6,0,0,2,0,0,2,0,1,1,2,1,4,0
2017,December,12,16,Franklin,6,8,6,13,18,1,3,1,1,4,6,0,3,7,5,9,12,1
2017,December,12,17,Fulton,1,6,1,10,13,1,1,2,0,4,11,0,0,4,1,6,2,1
2017,December,12,18,Genesee,3,11,7,2,16,0,1,3,1,1,5,0,2,8,6,1,11,0
2017,December,12,19,Greene,2,7,4,6,15,2,1,2,1,1,4,1,1,5,3,5,11,1
2017,December,12,20,Hamilton,0,1,0,0,1,0,0,0,0,0,0,0,0,1,0,0,1,0
2017,December,12,21,Herkimer,5,6,4,6,25,4,3,2,1,0,6,1,2,4,3,6,19,3
2017,December,12,22,Jefferson,12,26,13,19,68,1,4,5,3,0,18,1,8,21,10,19,50,0
2017,December,12,23,Lewis,0,5,2,0,4,1,0,3,2,0,3,0,0,2,0,0,1,1
2017,December,12,24,Livingston,4,20,10,2,30,3,4,7,4,1,7,0,0,13,6,1,23,3
2017,December,12,25,Madison,3,8,4,7,14,1,1,2,1,3,7,0,2,6,3,4,7,1
2017,December,12,26,Monroe,25,240,65,78,658,27,17,78,15,6,239,8,8,162,50,72,419,19
2017,December,12,27,Montgomery,5,13,3,6,27,0,3,8,1,3,12,0,2,5,2,3,15,0
2017,December,12,28,Nassau,44,135,137,49,268,7,20,49,29,6,69,2,24,86,108,43,199,5
2017,December,12,66,New York City,276,2947,385,288,5578,2461,113,774,74,115,1503,116,163,2173,311,173,4075,2345
2017,December,12,29,Niagara,19,42,12,8,159,7,12,12,2,1,28,1,7,30,10,7,131,6
2017,December,12,30,Oneida,9,59,31,13,112,10,5,23,8,0,49,3,4,36,23,13,63,7
2017,December,12,31,Onondaga,22,181,54,75,409,23,11,86,17,8,151,5,11,95,37,67,258,18
2017,December,12,32,Ontario,11,19,15,10,52,6,7,6,2,1,15,0,4,13,13,9,37,6
2017,December,12,33,Orange,15,51,60,7,83,1,10,19,12,1,29,0,5,32,48,6,54,1
2017,December,12,34,Orleans,6,14,10,10,20,1,4,5,4,1,4,0,2,9,6,9,16,1
2017,December,12,35,Oswego,14,21,23,18,116,9,7,11,6,3,55,1,7,10,17,15,61,8
2017,December,12,36,Otsego,1,4,4,1,13,1,0,1,0,0,7,0,1,3,4,1,6,1
2017,December,12,37,Putnam,0,5,3,0,7,0,0,1,0,0,2,0,0,4,3,0,5,0
2017,December,12,38,Rensselaer,8,52,19,8,59,5,5,37,9,4,27,3,3,15,10,4,32,2
2017,December,12,39,Rockland,12,27,10,5,38,1,6,13,5,1,14,1,6,14,5,4,24,0
2017,December,12,41,Saratoga,2,3,4,0,14,1,1,0,2,0,6,0,1,3,2,0,8,1
2017,December,12,42,Schenectady,7,52,23,12,103,5,5,26,9,1,39,2,2,26,14,11,64,3
2017,December,12,43,Schoharie,1,7,1,2,6,0,1,3,0,0,2,0,0,4,1,2,4,0
2017,December,12,44,Schuyler,6,6,3,1,9,0,4,2,1,0,3,0,2,4,2,1,6,0
2017,December,12,45,Seneca,2,9,2,1,17,1,2,5,0,1,4,0,0,4,2,0,13,1
2017,December,12,46,Steuben,12,21,12,3,39,4,6,9,2,0,10,2,6,12,10,3,29,2
2017,December,12,40,St. Lawrence,10,19,10,12,65,3,4,3,4,3,29,0,6,16,6,9,36,3
2017,December,12,47,Suffolk,57,208,137,68,790,29,35,56,25,13,155,2,22,152,112,55,635,27
2017,December,12,48,Sullivan,1,11,9,24,41,2,0,4,2,7,21,1,1,7,7,17,20,1
2017,December,12,49,Tioga,1,4,8,1,9,0,1,1,4,0,2,0,0,3,4,1,7,0
2017,December,12,50,Tompkins,7,12,9,5,33,5,3,4,2,1,8,1,4,8,7,4,25,4
2017,December,12,51,Ulster,8,30,34,1,87,9,5,5,13,0,27,2,3,25,21,1,60,7
2017,December,12,52,Warren,4,12,4,8,6,3,2,4,2,5,1,0,2,8,2,3,5,3
2017,December,12,53,Washington,2,13,1,1,23,0,1,7,0,0,7,0,1,6,1,1,16,0
2017,December,12,54,Wayne,4,15,7,5,35,3,2,3,3,1,15,0,2,12,4,4,20,3
2017,December,12,55,Westchester,28,105,70,39,257,21,9,28,8,6,93,2,19,77,62,33,164,19
2017,December,12,56,Wyoming,2,0,4,0,4,1,2,0,1,0,0,1,0,0,3,0,4,0
2017,December,12,57,Yates,1,1,1,0,1,0,1,1,0,0,1,0,0,0,1,0,0,0
2017,November,11,1,Albany,16,63,79,24,139,5,9,25,24,2,46,3,7,38,55,22,93,2
2017,November,11,2,Allegany,5,11,4,3,9,1,3,5,1,0,5,1,2,6,3,3,4,0
2017,November,11,3,Broome,13,79,52,14,318,8,8,20,14,1,94,2,5,59,38,13,224,6
2017,November,11,4,Cattaraugus,4,11,9,9,33,1,3,0,2,0,7,1,1,11,7,9,26,0
2017,November,11,5,Cayuga,7,14,9,6,25,6,1,7,3,0,11,3,6,7,6,6,14,3
2017,November,11,6,Chautauqua,10,35,26,37,99,5,6,19,4,6,34,2,4,16,22,31,65,3
2017,November,11,7,Chemung,3,9,3,3,23,4,0,2,0,2,6,2,3,7,3,1,17,2
2017,November,11,8,Chenango,2,7,2,1,10,7,2,3,2,1,4,1,0,4,0,0,6,6
2017,November,11,9,Clinton,4,21,8,16,37,13,2,6,3,6,12,8,2,15,5,10,25,5
2017,November,11,10,Columbia,6,17,12,0,22,2,4,3,4,0,3,1,2,14,8,0,19,1
2017,November,11,11,Cortland,3,13,2,2,13,2,3,5,0,0,3,0,0,8,2,2,10,2
2017,November,11,12,Delaware,1,3,4,0,5,0,1,2,1,0,4,0,0,1,3,0,1,0
2017,November,11,13,Dutchess,5,21,15,20,71,3,4,6,4,4,23,0,1,15,11,16,48,3
2017,November,11,14,Erie,103,266,100,79,454,30,44,109,29,10,160,13,59,157,71,69,294,17
2017,November,11,15,Essex,0,4,0,1,4,0,0,2,0,0,3,0,0,2,0,1,1,0
2017,November,11,16,Franklin,8,9,4,16,9,3,2,3,1,2,3,2,6,6,3,14,6,1
2017,November,11,17,Fulton,3,13,1,17,21,1,2,3,0,6,12,1,1,10,1,11,9,0
2017,November,11,18,Genesee,3,10,4,2,13,1,3,3,1,0,2,0,0,7,3,2,11,1
2017,November,11,19,Greene,3,11,4,8,14,1,0,4,1,1,2,1,3,7,3,7,12,0
2017,November,11,20,Hamilton,0,0,1,0,0,0,0,0,1,0,0,0,0,0,0,0,0,0
2017,November,11,21,Herkimer,5,6,5,11,16,0,1,5,1,0,2,0,4,1,4,11,14,0
2017,November,11,22,Jefferson,14,30,8,13,67,4,8,9,1,1,12,1,6,21,7,12,55,3
2017,November,11,23,Lewis,0,2,1,1,2,1,0,0,0,0,0,1,0,2,1,1,2,0
2017,November,11,24,Livingston,6,14,8,3,21,2,2,5,3,0,6,1,4,9,5,3,15,1
2017,November,11,25,Madison,3,3,1,1,9,2,3,0,0,0,3,0,0,3,1,1,6,2
2017,November,11,26,Monroe,31,243,80,72,631,20,18,83,19,8,199,5,13,160,61,64,432,15
2017,November,11,27,Montgomery,8,12,11,14,21,3,6,4,3,6,9,1,2,8,8,8,12,2
2017,November,11,28,Nassau,45,109,126,49,278,12,14,30,20,2,62,5,31,79,106,47,216,7
2017,November,11,66,New York City,254,3145,740,313,7321,2693,110,796,220,135,2105,142,144,2349,520,178,5216,2551
2017,November,11,29,Niagara,18,51,15,12,136,2,8,24,1,0,36,1,10,27,14,12,100,1
2017,November,11,30,Oneida,15,74,50,15,101,5,9,29,24,5,41,2,6,45,26,10,60,3
2017,November,11,31,Onondaga,24,185,57,53,386,15,12,89,18,12,135,9,12,96,39,41,251,6
2017,November,11,32,Ontario,8,24,20,3,55,2,3,8,6,1,14,0,5,16,14,2,41,2
2017,November,11,33,Orange,16,56,64,9,92,3,9,22,12,4,35,2,7,34,52,5,57,1
2017,November,11,34,Orleans,7,21,5,7,18,0,4,6,2,3,5,0,3,15,3,4,13,0
2017,November,11,35,Oswego,16,35,17,25,96,4,8,13,3,3,32,1,8,22,14,22,64,3
2017,November,11,36,Otsego,2,6,1,1,1,1,1,3,1,0,1,0,1,3,0,1,0,1
2017,November,11,37,Putnam,0,2,3,0,7,0,0,1,2,0,2,0,0,1,1,0,5,0
2017,November,11,38,Rensselaer,8,53,18,8,76,1,8,44,9,3,45,1,0,9,9,5,31,0
2017,November,11,39,Rockland,9,20,10,0,41,4,6,12,1,0,8,2,3,8,9,0,33,2
2017,November,11,41,Saratoga,4,3,3,0,12,1,2,1,2,0,3,0,2,2,1,0,9,1
2017,November,11,42,Schenectady,7,35,28,27,84,8,5,19,8,2,37,3,2,16,20,25,47,5
2017,November,11,43,Schoharie,1,2,2,1,1,1,0,0,2,0,0,0,1,2,0,1,1,1
2017,November,11,44,Schuyler,2,2,3,3,6,1,1,1,1,0,2,1,1,1,2,3,4,0
2017,November,11,45,Seneca,2,5,5,1,6,1,1,3,1,0,2,1,1,2,4,1,4,0
2017,November,11,46,Steuben,9,20,11,6,41,1,3,2,2,3,13,0,6,18,9,3,28,1
2017,November,11,40,St. Lawrence,14,17,6,7,63,0,5,7,0,1,24,0,9,10,6,6,39,0
2017,November,11,47,Suffolk,82,173,151,59,796,17,32,37,22,9,184,5,50,136,129,50,612,12
2017,November,11,48,Sullivan,6,14,6,14,28,2,3,5,0,6,9,0,3,9,6,8,19,2
2017,November,11,49,Tioga,1,7,2,0,13,0,1,4,0,0,7,0,0,3,2,0,6,0
2017,November,11,50,Tompkins,3,20,12,5,52,0,1,12,3,0,20,0,2,8,9,5,32,0
2017,November,11,51,Ulster,12,20,47,7,56,5,3,6,15,2,16,2,9,14,32,5,40,3
2017,November,11,52,Warren,3,5,5,1,5,1,0,2,1,1,3,0,3,3,4,0,2,1
2017,November,11,53,Washington,3,7,3,1,17,1,2,2,2,0,5,1,1,5,1,1,12,0
2017,November,11,54,Wayne,1,14,7,3,24,5,0,3,4,1,11,1,1,11,3,2,13,4
2017,November,11,55,Westchester,33,110,72,41,250,6,10,34,8,2,78,1,23,76,64,39,172,5
2017,November,11,56,Wyoming,0,4,3,0,5,1,0,3,1,0,4,1,0,1,2,0,1,0
2017,November,11,57,Yates,1,2,1,0,5,0,1,1,1,0,2,0,0,1,0,0,3,0
2017,October,10,1,Albany,16,71,68,18,141,6,9,30,32,0,60,3,7,41,36,18,81,3
2017,October,10,2,Allegany,3,8,6,1,12,1,3,2,3,0,6,0,0,6,3,1,6,1
2017,October,10,3,Broome,30,98,63,24,353,22,11,28,11,1,96,8,19,70,52,23,257,14
2017,October,10,4,Cattaraugus,10,10,5,13,30,0,5,3,2,2,6,0,5,7,3,11,24,0
2017,October,10,5,Cayuga,10,15,6,6,18,1,6,10,0,1,7,1,4,5,6,5,11,0
2017,October,10,6,Chautauqua,8,43,27,35,117,5,4,17,12,7,49,2,4,26,15,28,68,3
2017,October,10,7,Chemung,4,6,2,3,28,2,0,3,1,0,10,1,4,3,1,3,18,1
2017,October,10,8,Chenango,4,5,2,4,10,0,2,1,1,0,7,0,2,4,1,4,3,0
2017,October,10,9,Clinton,13,18,6,19,29,13,2,6,1,4,9,7,11,12,5,15,20,6
2017,October,10,10,Columbia,3,14,11,2,26,1,2,3,3,0,10,0,1,11,8,2,16,1
2017,October,10,11,Cortland,1,10,12,0,24,0,1,5,3,0,7,0,0,5,9,0,17,0
2017,October,10,12,Delaware,1,4,1,0,6,1,0,1,0,0,4,0,1,3,1,0,2,1
2017,October,10,13,Dutchess,3,23,12,17,64,4,2,2,4,3,16,1,1,21,8,14,48,3
2017,October,10,14,Erie,132,283,136,105,413,31,42,135,32,22,156,12,90,148,104,83,257,19
2017,October,10,15,Essex,3,2,4,2,7,0,1,1,2,0,5,0,2,1,2,2,2,0
2017,October,10,16,Franklin,2,14,13,14,20,4,2,6,2,2,7,2,0,8,11,12,13,2
2017,October,10,17,Fulton,7,6,2,13,18,2,1,3,1,4,12,1,6,3,1,9,6,1
2017,October,10,18,Genesee,0,8,2,2,13,2,0,0,1,0,2,0,0,8,1,2,11,2
2017,October,10,19,Greene,2,13,8,4,9,4,2,4,4,2,0,1,0,9,4,2,9,3
2017,October,10,20,Hamilton,0,0,0,0,0,0,0,0,0,0,0,0,0,0,0,0,0,0
2017,October,10,21,Herkimer,9,11,11,11,19,1,3,4,2,1,6,0,6,7,9,10,13,1
2017,October,10,22,Jefferson,9,29,14,10,83,3,9,8,4,2,17,0,0,21,10,8,66,3
2017,October,10,23,Lewis,0,1,1,0,4,0,0,1,0,0,2,0,0,0,1,0,2,0
2017,October,10,24,Livingston,3,18,15,2,24,3,1,10,2,0,3,1,2,8,13,2,21,2
2017,October,10,25,Madison,2,6,6,1,13,1,1,2,2,0,5,0,1,4,4,1,8,1
2017,October,10,26,Monroe,24,263,91,72,632,17,14,86,20,5,220,6,10,177,71,67,412,11
2017,October,10,27,Montgomery,7,13,11,14,25,1,4,4,5,5,11,1,3,9,6,9,14,0
2017,October,10,28,Nassau,56,119,122,47,343,10,26,35,21,6,79,2,30,84,101,41,264,8
2017,October,10,66,New York City,304,3600,1057,265,10406,2885,135,926,326,123,3057,155,169,2674,731,142,7349,2730
2017,October,10,29,Niagara,19,65,22,16,155,2,7,27,5,2,41,0,12,38,17,14,114,2
2017,October,10,30,Oneida,16,65,50,13,134,12,9,37,16,4,67,1,7,28,34,9,67,11
2017,October,10,31,Onondaga,29,190,74,65,420,13,15,89,27,15,134,2,14,101,47,50,286,11
2017,October,10,32,Ontario,7,21,22,10,45,4,2,9,3,1,15,0,5,12,19,9,30,4
2017,October,10,33,Orange,15,59,82,14,82,2,8,13,13,1,31,0,7,46,69,13,51,2
2017,October,10,34,Orleans,4,15,6,5,17,3,1,7,3,1,3,1,3,8,3,4,14,2
2017,October,10,35,Oswego,6,18,26,23,82,5,2,8,5,6,35,1,4,10,21,17,47,4
2017,October,10,36,Otsego,0,3,4,0,9,3,0,1,3,0,6,1,0,2,1,0,3,2
2017,October,10,37,Putnam,1,5,0,1,3,0,0,1,0,0,1,0,1,4,0,1,2,0
2017,October,10,38,Rensselaer,14,38,15,7,72,3,8,29,8,4,43,1,6,9,7,3,29,2
2017,October,10,39,Rockland,5,27,7,10,46,2,4,11,0,1,18,0,1,16,7,9,28,2
2017,October,10,41,Saratoga,1,5,3,0,17,1,0,2,1,0,3,0,1,3,2,0,14,1
2017,October,10,42,Schenectady,7,57,35,21,102,6,1,22,11,1,32,2,6,35,24,20,70,4
2017,October,10,43,Schoharie,2,1,1,2,2,2,1,0,0,2,2,1,1,1,1,0,0,1
2017,October,10,44,Schuyler,0,3,5,2,6,0,0,1,1,0,0,0,0,2,4,2,6,0
2017,October,10,45,Seneca,3,10,3,1,9,0,1,4,0,1,5,0,2,6,3,0,4,0
2017,October,10,46,Steuben,2,12,7,6,45,1,1,3,1,1,10,0,1,9,6,5,35,1
2017,October,10,40,St. Lawrence,6,26,10,12,59,11,3,6,3,4,27,1,3,20,7,8,32,10
2017,October,10,47,Suffolk,95,172,139,73,918,31,41,47,21,13,199,6,54,125,118,60,719,25
2017,October,10,48,Sullivan,3,18,8,13,15,6,3,5,3,5,2,3,0,13,5,8,13,3
2017,October,10,49,Tioga,3,7,6,1,22,2,1,3,4,1,9,1,2,4,2,0,13,1
2017,October,10,50,Tompkins,7,23,9,1,35,1,3,7,1,0,12,0,4,16,8,1,23,1
2017,October,10,51,Ulster,6,39,33,8,74,10,3,9,8,2,19,6,3,30,25,6,55,4
2017,October,10,52,Warren,8,6,5,1,6,2,3,1,0,1,1,0,5,5,5,0,5,2
2017,October,10,53,Washington,6,4,11,1,11,0,3,2,3,0,6,0,3,2,8,1,5,0
2017,October,10,54,Wayne,5,16,10,4,27,1,4,4,6,0,7,0,1,12,4,4,20,1
2017,October,10,55,Westchester,40,89,85,58,275,9,12,35,13,6,90,1,28,54,72,52,185,8
2017,October,10,56,Wyoming,1,0,4,0,7,1,1,0,2,0,2,0,0,0,2,0,5,1
2017,October,10,57,Yates,1,2,1,2,3,1,1,1,0,1,1,0,0,1,1,1,2,1
2017,September,9,1,Albany,15,67,70,15,146,7,10,36,29,2,54,3,5,31,41,13,92,4
2017,September,9,2,Allegany,3,11,3,2,13,0,2,2,0,0,3,0,1,9,3,2,10,0
2017,September,9,3,Broome,29,98,111,23,294,13,16,28,28,4,84,7,13,70,83,19,210,6
2017,September,9,4,Cattaraugus,8,15,12,7,36,0,5,3,4,2,10,0,3,12,8,5,26,0
2017,September,9,5,Cayuga,2,19,12,6,15,3,1,6,6,1,4,1,1,13,6,5,11,2
2017,September,9,6,Chautauqua,14,40,28,36,100,8,9,13,12,11,34,3,5,27,16,25,66,5
2017,September,9,7,Chemung,8,9,8,1,19,2,3,2,6,1,8,1,5,7,2,0,11,1
2017,September,9,8,Chenango,10,9,6,4,15,1,5,1,1,0,9,0,5,8,5,4,6,1
2017,September,9,9,Clinton,12,14,13,6,26,10,5,9,3,0,11,4,7,5,10,6,15,6
2017,September,9,10,Columbia,6,9,13,0,24,4,2,4,4,0,7,2,4,5,9,0,17,2
2017,September,9,11,Cortland,8,15,7,1,24,1,4,5,3,0,7,1,4,10,4,1,17,0
2017,September,9,12,Delaware,6,3,4,0,10,0,5,1,2,0,6,0,1,2,2,0,4,0
2017,September,9,13,Dutchess,6,27,12,32,63,6,1,7,3,4,28,1,5,20,9,28,35,5
2017,September,9,14,Erie,125,304,135,117,445,55,35,127,34,25,151,18,90,177,101,92,294,37
2017,September,9,15,Essex,1,2,1,1,7,1,1,0,1,1,3,1,0,2,0,0,4,0
2017,September,9,16,Franklin,7,15,10,20,15,0,3,3,1,3,6,0,4,12,9,17,9,0
2017,September,9,17,Fulton,6,11,1,14,16,0,2,4,1,5,12,0,4,7,0,9,4,0
2017,September,9,18,Genesee,1,17,2,3,13,1,0,5,0,0,1,0,1,12,2,3,12,1
2017,September,9,19,Greene,4,12,7,7,10,1,1,6,0,1,2,0,3,6,7,6,8,1
2017,September,9,20,Hamilton,0,1,0,0,1,1,0,1,0,0,0,0,0,0,0,0,1,1
2017,September,9,21,Herkimer,8,7,7,12,16,1,5,1,4,1,4,0,3,6,3,11,12,1
2017,September,9,22,Jefferson,8,29,20,9,61,2,3,8,6,4,16,2,5,21,14,5,45,0
2017,September,9,23,Lewis,0,4,0,0,2,0,0,2,0,0,2,0,0,2,0,0,0,0
2017,September,9,24,Livingston,6,26,7,3,32,3,3,11,2,2,9,1,3,15,5,1,23,2
2017,September,9,25,Madison,4,6,1,3,12,0,4,0,0,1,2,0,0,6,1,2,10,0
2017,September,9,26,Monroe,55,287,87,95,687,24,23,85,22,14,229,6,32,202,65,81,458,18
2017,September,9,27,Montgomery,7,19,8,10,17,1,5,9,3,4,8,1,2,10,5,6,9,0
2017,September,9,28,Nassau,48,99,168,59,273,15,30,25,29,7,68,6,18,74,139,52,205,9
2017,September,9,66,New York City,315,3515,382,249,4801,2983,148,774,83,110,1284,138,167,2741,299,139,3517,2845
2017,September,9,29,Niagara,31,52,15,14,156,5,15,20,4,2,35,3,16,32,11,12,121,2
2017,September,9,30,Oneida,18,62,43,13,117,8,13,24,20,1,61,1,5,38,23,12,56,7
2017,September,9,31,Onondaga,32,244,75,51,389,21,18,98,20,10,132,9,14,146,55,41,257,12
2017,September,9,32,Ontario,8,25,22,12,32,4,1,10,4,4,8,1,7,15,18,8,24,3
2017,September,9,33,Orange,17,41,72,6,82,3,10,15,11,2,27,0,7,26,61,4,55,3
2017,September,9,34,Orleans,4,20,6,12,31,3,1,7,1,4,7,1,3,13,5,8,24,2
2017,September,9,35,Oswego,22,35,32,24,114,12,11,15,8,6,40,2,11,20,24,18,74,10
2017,September,9,36,Otsego,0,6,4,1,11,2,0,0,0,1,2,0,0,6,4,0,9,2
2017,September,9,37,Putnam,0,3,4,0,3,1,0,0,1,0,0,0,0,3,3,0,3,1
2017,September,9,38,Rensselaer,9,45,24,3,76,3,8,30,12,2,48,2,1,15,12,1,28,1
2017,September,9,39,Rockland,12,28,14,6,56,5,7,12,7,2,28,1,5,16,7,4,28,4
2017,September,9,41,Saratoga,9,6,5,0,14,2,2,1,2,0,4,0,7,5,3,0,10,2
2017,September,9,42,Schenectady,11,40,38,25,98,8,7,18,16,2,45,2,4,22,22,23,53,6
2017,September,9,43,Schoharie,1,4,3,0,7,2,0,1,1,0,3,1,1,3,2,0,4,1
2017,September,9,44,Schuyler,1,7,4,2,13,5,0,1,2,2,7,2,1,6,2,0,6,3
2017,September,9,45,Seneca,7,6,7,0,13,0,4,5,3,0,4,0,3,1,4,0,9,0
2017,September,9,46,Steuben,9,12,16,11,40,0,2,4,2,1,13,0,7,8,14,10,27,0
2017,September,9,40,St. Lawrence,10,30,8,5,69,1,3,11,1,0,30,1,7,19,7,5,39,0
2017,September,9,47,Suffolk,64,193,168,72,802,40,25,44,23,12,187,7,39,149,145,60,615,33
2017,September,9,48,Sullivan,3,19,17,10,23,2,2,7,7,2,11,1,1,12,10,8,12,1
2017,September,9,49,Tioga,3,4,6,1,18,0,3,1,3,0,5,0,0,3,3,1,13,0
2017,September,9,50,Tompkins,1,20,17,5,41,2,0,6,6,0,13,1,1,14,11,5,28,1
2017,September,9,51,Ulster,8,28,57,17,91,14,6,10,16,4,30,9,2,18,41,13,61,5
2017,September,9,52,Warren,4,7,15,2,4,0,1,0,3,1,2,0,3,7,12,1,2,0
2017,September,9,53,Washington,9,10,7,2,5,0,7,2,1,0,4,0,2,8,6,2,1,0
2017,September,9,54,Wayne,5,8,7,3,25,0,3,2,0,2,6,0,2,6,7,1,19,0
2017,September,9,55,Westchester,36,114,80,49,291,22,21,41,14,5,102,4,15,73,66,44,189,18
2017,September,9,56,Wyoming,1,5,7,0,4,0,1,4,1,0,1,0,0,1,6,0,3,0
2017,September,9,57,Yates,1,4,4,0,4,0,0,0,1,0,2,0,1,4,3,0,2,0
2017,August,8,1,Albany,17,46,75,23,131,7,10,21,20,1,55,2,7,25,55,22,76,5
2017,August,8,2,Allegany,4,13,3,2,11,1,2,5,1,1,5,1,2,8,2,1,6,0
2017,August,8,3,Broome,43,97,80,18,307,11,20,25,24,3,86,4,23,72,56,15,221,7
2017,August,8,4,Cattaraugus,3,12,9,4,26,6,2,4,1,1,9,2,1,8,8,3,17,4
2017,August,8,5,Cayuga,12,13,13,7,23,5,7,3,5,3,5,1,5,10,8,4,18,4
2017,August,8,6,Chautauqua,19,48,16,43,98,4,9,23,8,9,40,1,10,25,8,34,58,3
2017,August,8,7,Chemung,9,8,3,4,12,4,6,3,1,0,3,1,3,5,2,4,9,3
2017,August,8,8,Chenango,9,5,1,0,5,0,5,0,0,0,3,0,4,5,1,0,2,0
2017,August,8,9,Clinton,10,20,14,10,25,11,7,3,1,2,9,7,3,17,13,8,16,4
2017,August,8,10,Columbia,6,13,15,1,29,3,1,4,2,1,9,1,5,9,13,0,20,2
2017,August,8,11,Cortland,6,14,7,0,24,1,5,8,1,0,8,0,1,6,6,0,16,1
2017,August,8,12,Delaware,4,9,3,0,11,0,2,4,1,0,9,0,2,5,2,0,2,0
2017,August,8,13,Dutchess,2,18,12,16,65,4,2,7,6,2,22,0,0,11,6,14,43,4
2017,August,8,14,Erie,135,280,118,119,387,28,44,111,27,26,145,7,91,169,91,93,242,21
2017,August,8,15,Essex,2,1,1,2,5,0,2,0,0,1,2,0,0,1,1,1,3,0
2017,August,8,16,Franklin,7,9,12,23,12,1,4,1,3,6,3,1,3,8,9,17,9,0
2017,August,8,17,Fulton,7,11,4,12,14,0,1,4,0,3,6,0,6,7,4,9,8,0
2017,August,8,18,Genesee,4,15,4,2,16,3,2,5,0,0,4,1,2,10,4,2,12,2
2017,August,8,19,Greene,4,10,8,4,14,6,1,2,2,1,6,0,3,8,6,3,8,6
2017,August,8,20,Hamilton,0,0,1,1,0,0,0,0,1,0,0,0,0,0,0,1,0,0
2017,August,8,21,Herkimer,5,10,5,9,31,1,3,3,1,2,10,0,2,7,4,7,21,1
2017,August,8,22,Jefferson,12,28,7,16,62,1,5,11,4,4,16,0,7,17,3,12,46,1
2017,August,8,23,Lewis,1,4,1,0,2,0,0,1,1,0,1,0,1,3,0,0,1,0
2017,August,8,24,Livingston,8,25,12,3,31,11,7,12,4,1,12,3,1,13,8,2,19,8
2017,August,8,25,Madison,2,5,2,6,26,3,0,1,2,3,11,1,2,4,0,3,15,2
2017,August,8,26,Monroe,30,250,81,75,656,21,19,87,15,10,219,7,11,163,66,65,437,14
2017,August,8,27,Montgomery,2,20,8,6,25,3,0,10,4,3,7,3,2,10,4,3,18,0
2017,August,8,28,Nassau,53,109,128,55,294,17,22,37,21,6,78,5,31,72,107,49,216,12
2017,August,8,66,New York City,361,3227,879,284,7571,2983,177,839,244,138,2196,138,184,2388,635,146,5375,2845
2017,August,8,29,Niagara,25,63,21,10,178,7,13,24,7,1,44,1,12,39,14,9,134,6
2017,August,8,30,Oneida,28,68,50,21,126,8,19,25,20,3,58,4,9,43,30,18,68,4
2017,August,8,31,Onondaga,24,158,69,60,428,24,15,54,30,11,143,5,9,104,39,49,285,19
2017,August,8,32,Ontario,11,24,20,7,49,4,2,8,4,1,17,1,9,16,16,6,32,3
2017,August,8,33,Orange,19,55,62,17,72,7,9,20,13,2,26,3,10,35,49,15,46,4
2017,August,8,34,Orleans,5,10,12,8,23,8,2,2,6,2,9,4,3,8,6,6,14,4
2017,August,8,35,Oswego,14,30,16,28,140,9,9,11,1,4,52,2,5,19,15,24,88,7
2017,August,8,36,Otsego,1,6,5,2,7,1,1,1,1,1,2,0,0,5,4,1,5,1
2017,August,8,37,Putnam,1,3,2,0,6,0,1,1,0,0,1,0,0,2,2,0,5,0
2017,August,8,38,Rensselaer,6,41,26,8,69,3,5,23,15,6,42,1,1,18,11,2,27,2
2017,August,8,39,Rockland,18,23,11,6,43,7,13,11,4,2,14,2,5,12,7,4,29,5
2017,August,8,41,Saratoga,4,13,4,0,13,0,1,1,3,0,5,0,3,12,1,0,8,0
2017,August,8,42,Schenectady,23,37,28,41,82,5,12,15,10,4,25,3,11,22,18,37,57,2
2017,August,8,43,Schoharie,2,2,1,1,4,2,1,0,0,1,1,1,1,2,1,0,3,1
2017,August,8,44,Schuyler,0,1,0,3,8,1,0,0,0,0,4,0,0,1,0,3,4,1
2017,August,8,45,Seneca,6,9,4,1,8,0,3,2,0,0,4,0,3,7,4,1,4,0
2017,August,8,46,Steuben,12,15,11,11,37,1,4,3,2,1,13,0,8,12,9,10,24,1
2017,August,8,40,St. Lawrence,14,15,7,8,73,4,6,4,3,3,30,1,8,11,4,5,43,3
2017,August,8,47,Suffolk,71,186,145,70,806,38,30,48,30,7,172,6,41,138,115,63,634,32
2017,August,8,48,Sullivan,3,23,21,14,26,1,2,7,3,3,10,0,1,16,18,11,16,1
2017,August,8,49,Tioga,2,7,5,1,21,0,0,2,3,1,14,0,2,5,2,0,7,0
2017,August,8,50,Tompkins,7,21,10,4,45,2,1,6,4,0,12,1,6,15,6,4,33,1
2017,August,8,51,Ulster,19,40,47,5,77,16,11,13,13,1,23,7,8,27,34,4,54,9
2017,August,8,52,Warren,4,4,10,5,5,0,1,1,1,3,1,0,3,3,9,2,4,0
2017,August,8,53,Washington,2,8,7,2,15,0,1,3,3,1,6,0,1,5,4,1,9,0
2017,August,8,54,Wayne,5,22,11,4,22,2,1,6,2,1,9,0,4,16,9,3,13,2
2017,August,8,55,Westchester,44,123,102,38,310,13,17,39,10,7,120,4,27,84,92,31,190,9
2017,August,8,56,Wyoming,0,9,7,1,4,0,0,2,0,0,1,0,0,7,7,1,3,0
2017,August,8,57,Yates,1,2,2,4,0,1,1,1,1,1,0,0,0,1,1,3,0,1
2017,July,7,1,Albany,20,62,67,20,157,9,13,27,22,0,58,2,7,35,45,20,99,7
2017,July,7,2,Allegany,4,7,2,2,12,3,2,4,1,0,8,2,2,3,1,2,4,1
2017,July,7,3,Broome,29,102,64,10,316,15,10,22,18,4,101,5,19,80,46,6,215,10
2017,July,7,4,Cattaraugus,13,11,7,10,34,3,3,2,1,1,8,1,10,9,6,9,26,2
2017,July,7,5,Cayuga,7,15,8,2,28,5,3,6,3,0,10,2,4,9,5,2,18,3
2017,July,7,6,Chautauqua,15,43,23,30,96,4,11,20,5,3,34,2,4,23,18,27,62,2
2017,July,7,7,Chemung,8,11,4,2,21,4,6,3,3,1,12,2,2,8,1,1,9,2
2017,July,7,8,Chenango,7,4,5,1,13,0,3,1,0,1,4,0,4,3,5,0,9,0
2017,July,7,9,Clinton,15,15,13,23,28,15,6,1,2,4,7,9,9,14,11,19,21,6
2017,July,7,10,Columbia,5,13,23,5,37,2,1,4,5,0,19,1,4,9,18,5,18,1
2017,July,7,11,Cortland,3,21,9,3,23,0,3,9,2,0,6,0,0,12,7,3,17,0
2017,July,7,12,Delaware,3,2,3,0,9,2,3,0,1,0,3,2,0,2,2,0,6,0
2017,July,7,13,Dutchess,10,23,17,20,73,2,3,6,3,3,26,0,7,17,14,17,47,2
2017,July,7,14,Erie,127,308,110,125,465,40,44,122,34,36,188,13,83,186,76,89,277,27
2017,July,7,15,Essex,1,3,1,0,4,0,0,1,1,0,3,0,1,2,0,0,1,0
2017,July,7,16,Franklin,6,13,10,12,19,0,0,5,3,0,3,0,6,8,7,12,16,0
2017,July,7,17,Fulton,5,9,2,6,19,1,4,4,0,1,13,0,1,5,2,5,6,1
2017,July,7,18,Genesee,5,8,3,4,12,0,2,1,1,1,4,0,3,7,2,3,8,0
2017,July,7,19,Greene,5,13,5,5,13,2,2,6,1,1,2,0,3,7,4,4,11,2
2017,July,7,20,Hamilton,0,1,0,0,1,0,0,0,0,0,1,0,0,1,0,0,0,0
2017,July,7,21,Herkimer,6,12,7,15,37,0,2,4,2,1,16,0,4,8,5,14,21,0
2017,July,7,22,Jefferson,9,18,12,13,70,3,7,4,1,0,22,2,2,14,11,13,48,1
2017,July,7,23,Lewis,0,4,1,0,0,0,0,2,1,0,0,0,0,2,0,0,0,0
2017,July,7,24,Livingston,6,21,7,4,39,6,4,11,1,1,11,1,2,10,6,3,28,5
2017,July,7,25,Madison,2,3,3,2,16,1,2,0,0,2,6,0,0,3,3,0,10,1
2017,July,7,26,Monroe,26,286,88,64,690,15,19,92,26,8,225,3,7,194,62,56,465,12
2017,July,7,27,Montgomery,3,17,2,3,23,1,0,4,1,1,9,0,3,13,1,2,14,1
2017,July,7,28,Nassau,70,106,154,60,278,14,24,25,41,8,58,3,46,81,113,52,220,11
2017,July,7,66,New York City,329,3092,713,360,8912,2862,171,752,208,169,2724,171,158,2340,505,191,6188,2691
2017,July,7,29,Niagara,18,70,22,16,154,4,11,28,3,3,40,0,7,42,19,13,114,4
2017,July,7,30,Oneida,20,55,46,16,146,10,12,28,18,5,56,3,8,27,28,11,90,7
2017,July,7,31,Onondaga,28,189,59,52,377,11,14,79,18,8,127,2,14,110,41,44,250,9
2017,July,7,32,Ontario,16,22,29,12,47,3,9,8,10,1,10,0,7,14,19,11,37,3
2017,July,7,33,Orange,21,50,72,14,81,2,9,13,15,4,17,2,12,37,57,10,64,0
2017,July,7,34,Orleans,6,17,8,12,16,1,4,9,2,3,5,1,2,8,6,9,11,0
2017,July,7,35,Oswego,14,21,13,23,106,13,8,8,4,4,41,5,6,13,9,19,65,8
2017,July,7,36,Otsego,1,4,1,0,6,0,1,0,0,0,0,0,0,4,1,0,6,0
2017,July,7,37,Putnam,0,4,4,1,7,1,0,0,0,0,0,1,0,4,4,1,7,0
2017,July,7,38,Rensselaer,6,33,24,7,58,9,6,17,12,4,28,6,0,16,12,3,30,3
2017,July,7,39,Rockland,7,19,5,7,36,4,6,7,1,3,10,1,1,12,4,4,26,3
2017,July,7,41,Saratoga,5,5,2,0,10,0,5,3,1,0,3,0,0,2,1,0,7,0
2017,July,7,42,Schenectady,10,55,35,23,82,10,6,23,14,3,27,5,4,32,21,20,55,5
2017,July,7,43,Schoharie,0,4,0,0,4,1,0,1,0,0,2,0,0,3,0,0,2,1
2017,July,7,44,Schuyler,3,4,3,4,9,3,3,3,0,2,4,1,0,1,3,2,5,2
2017,July,7,45,Seneca,4,8,6,0,11,0,3,3,1,0,4,0,1,5,5,0,7,0
2017,July,7,46,Steuben,4,20,12,13,42,0,1,3,2,5,12,0,3,17,10,8,30,0
2017,July,7,40,St. Lawrence,13,21,10,6,58,5,8,11,1,0,23,2,5,10,9,6,35,3
2017,July,7,47,Suffolk,82,155,168,74,817,38,45,37,29,10,209,4,37,118,139,64,608,34
2017,July,7,48,Sullivan,4,16,15,9,25,1,2,6,3,2,11,0,2,10,12,7,14,1
2017,July,7,49,Tioga,4,6,9,3,12,3,3,2,4,2,2,1,1,4,5,1,10,2
2017,July,7,50,Tompkins,11,19,5,6,46,2,3,7,2,0,12,0,8,12,3,6,34,2
2017,July,7,51,Ulster,10,18,34,7,66,9,3,5,11,1,25,4,7,13,23,6,41,5
2017,July,7,52,Warren,2,2,7,4,10,0,1,1,0,2,5,0,1,1,7,2,5,0
2017,July,7,53,Washington,11,11,4,0,10,0,7,4,1,0,8,0,4,7,3,0,2,0
2017,July,7,54,Wayne,3,6,11,3,19,2,2,0,3,0,10,0,1,6,8,3,9,2
2017,July,7,55,Westchester,52,113,74,37,255,18,19,42,16,3,71,4,33,71,58,34,184,14
2017,July,7,56,Wyoming,1,7,4,0,2,2,1,3,3,0,1,1,0,4,1,0,1,1
2017,July,7,57,Yates,0,2,0,0,2,1,0,1,0,0,0,1,0,1,0,0,2,0
2017,June,6,1,Albany,18,55,85,28,173,8,11,26,19,0,54,1,7,29,66,28,119,7
2017,June,6,2,Allegany,5,6,7,3,7,0,2,3,4,0,5,0,3,3,3,3,2,0
2017,June,6,3,Broome,30,108,63,26,359,20,15,28,9,3,112,1,15,80,54,23,247,19
2017,June,6,4,Cattaraugus,8,25,12,11,31,5,7,5,0,3,9,3,1,20,12,8,22,2
2017,June,6,5,Cayuga,10,18,14,5,20,0,3,4,2,0,8,0,7,14,12,5,12,0
2017,June,6,6,Chautauqua,16,67,26,26,88,2,5,23,10,12,28,0,11,44,16,14,60,2
2017,June,6,7,Chemung,4,4,3,3,19,2,3,0,1,1,7,2,1,4,2,2,12,0
2017,June,6,8,Chenango,6,10,4,2,14,1,3,3,2,0,9,0,3,7,2,2,5,1
2017,June,6,9,Clinton,16,17,20,21,27,16,6,2,5,8,12,6,10,15,15,13,15,10
2017,June,6,10,Columbia,4,22,15,7,33,3,1,6,3,0,10,1,3,16,12,7,23,2
2017,June,6,11,Cortland,9,16,11,2,18,0,6,9,5,0,1,0,3,7,6,2,17,0
2017,June,6,12,Delaware,4,7,5,0,7,1,3,1,2,0,0,0,1,6,3,0,7,1
2017,June,6,13,Dutchess,11,24,20,30,71,3,6,6,5,3,18,1,5,18,15,27,53,2
2017,June,6,14,Erie,127,259,117,115,394,41,34,108,33,20,142,12,93,151,84,95,252,29
2017,June,6,15,Essex,3,3,1,2,3,1,1,2,1,1,2,0,2,1,0,1,1,1
2017,June,6,16,Franklin,3,13,6,18,28,1,1,6,1,4,6,1,2,7,5,14,22,0
2017,June,6,17,Fulton,3,13,6,17,30,0,2,4,2,1,17,0,1,9,4,16,13,0
2017,June,6,18,Genesee,7,15,5,6,22,0,6,3,2,1,5,0,1,12,3,5,17,0
2017,June,6,19,Greene,3,10,5,6,13,5,1,3,1,1,6,1,2,7,4,5,7,4
2017,June,6,20,Hamilton,0,2,0,0,1,0,0,0,0,0,1,0,0,2,0,0,0,0
2017,June,6,21,Herkimer,9,13,7,13,20,2,4,4,1,3,1,0,5,9,6,10,19,2
2017,June,6,22,Jefferson,10,34,22,15,71,5,9,12,6,2,14,2,1,22,16,13,57,3
2017,June,6,23,Lewis,4,3,2,0,2,1,4,3,1,0,1,1,0,0,1,0,1,0
2017,June,6,24,Livingston,9,22,7,6,27,4,3,3,0,0,5,1,6,19,7,6,22,3
2017,June,6,25,Madison,6,4,1,5,19,0,3,1,0,2,6,0,3,3,1,3,13,0
2017,June,6,26,Monroe,32,311,71,93,730,26,17,86,12,8,204,6,15,225,59,85,526,20
2017,June,6,27,Montgomery,4,14,6,7,26,3,3,6,1,4,12,2,1,8,5,3,14,1
2017,June,6,28,Nassau,55,135,158,78,384,14,26,31,20,10,92,6,29,104,138,68,292,8
2017,June,6,66,New York City,330,2817,376,333,5372,3124,167,706,74,166,1408,267,163,2111,302,167,3964,2857
2017,June,6,29,Niagara,27,63,21,11,168,6,12,15,4,1,38,3,15,48,17,10,130,3
2017,June,6,30,Oneida,22,83,30,20,140,9,15,35,7,10,57,3,7,48,23,10,83,6
2017,June,6,31,Onondaga,24,173,76,73,484,24,17,75,23,12,202,9,7,98,53,61,282,15
2017,June,6,32,Ontario,13,27,31,4,63,4,3,6,4,0,17,0,10,21,27,4,46,4
2017,June,6,33,Orange,15,53,78,14,85,3,9,12,16,2,31,1,6,41,62,12,54,2
2017,June,6,34,Orleans,11,13,8,11,27,1,3,6,1,2,8,1,8,7,7,9,19,0
2017,June,6,35,Oswego,24,31,32,31,82,8,17,9,6,5,42,1,7,22,26,26,40,7
2017,June,6,36,Otsego,9,6,1,2,11,1,5,1,0,0,5,1,4,5,1,2,6,0
2017,June,6,37,Putnam,1,2,2,0,3,0,1,2,0,0,0,0,0,0,2,0,3,0
2017,June,6,38,Rensselaer,4,30,24,10,71,4,3,16,16,8,29,1,1,14,8,2,42,3
2017,June,6,39,Rockland,7,26,9,8,35,3,4,8,4,1,12,1,3,18,5,7,23,2
2017,June,6,41,Saratoga,5,5,6,0,16,0,0,0,2,0,6,0,5,5,4,0,10,0
2017,June,6,42,Schenectady,11,53,25,29,99,13,7,19,7,3,31,4,4,34,18,26,68,9
2017,June,6,43,Schoharie,2,2,1,1,9,0,2,0,1,0,2,0,0,2,0,1,7,0
2017,June,6,44,Schuyler,3,6,0,1,9,1,2,1,0,0,5,0,1,5,0,1,4,1
2017,June,6,45,Seneca,8,5,2,3,8,0,3,1,0,1,2,0,5,4,2,2,6,0
2017,June,6,46,Steuben,6,14,7,10,46,0,3,3,1,0,5,0,3,11,6,10,41,0
2017,June,6,40,St. Lawrence,11,20,11,11,65,4,7,8,2,2,23,1,4,12,9,9,42,3
2017,June,6,47,Suffolk,99,215,172,91,797,39,38,44,28,8,181,9,61,171,144,83,616,30
2017,June,6,48,Sullivan,4,20,15,13,14,4,1,5,3,3,6,1,3,15,12,10,8,3
2017,June,6,49,Tioga,5,8,3,2,13,2,1,2,2,1,7,1,4,6,1,1,6,1
2017,June,6,50,Tompkins,7,20,8,13,41,3,4,5,1,0,9,1,3,15,7,13,32,2
2017,June,6,51,Ulster,11,34,35,9,74,10,8,9,7,0,23,5,3,25,28,9,51,5
2017,June,6,52,Warren,5,11,9,3,5,1,2,5,2,1,4,0,3,6,7,2,1,1
2017,June,6,53,Washington,4,11,6,0,19,2,4,1,1,0,8,1,0,10,5,0,11,1
2017,June,6,54,Wayne,8,10,11,5,25,2,7,1,5,0,10,0,1,9,6,5,15,2
2017,June,6,55,Westchester,39,115,88,31,278,14,15,38,14,5,96,2,24,77,74,26,182,12
2017,June,6,56,Wyoming,7,3,0,0,5,1,4,0,0,0,2,0,3,3,0,0,3,1
2017,June,6,57,Yates,0,2,2,0,7,2,0,1,2,0,4,1,0,1,0,0,3,1
2017,May,5,1,Albany,19,51,74,23,155,9,11,13,24,0,52,5,8,38,50,23,103,4
2017,May,5,2,Allegany,4,14,6,1,8,0,1,8,2,0,2,0,3,6,4,1,6,0
2017,May,5,3,Broome,24,90,61,17,321,15,15,25,12,3,101,6,9,65,49,14,220,9
2017,May,5,4,Cattaraugus,7,12,7,4,25,4,2,2,1,0,9,1,5,10,6,4,16,3
2017,May,5,5,Cayuga,7,21,9,3,20,1,1,6,3,0,10,0,6,15,6,3,10,1
2017,May,5,6,Chautauqua,23,43,35,31,96,8,12,14,14,10,28,2,11,29,21,21,68,6
2017,May,5,7,Chemung,3,8,7,3,24,3,1,2,2,1,8,1,2,6,5,2,16,2
2017,May,5,8,Chenango,4,8,5,4,21,2,1,2,1,2,6,0,3,6,4,2,15,2
2017,May,5,9,Clinton,9,28,14,22,27,17,1,4,2,4,9,3,8,24,12,18,18,14
2017,May,5,10,Columbia,4,18,14,5,24,0,1,6,2,1,7,0,3,12,12,4,17,0
2017,May,5,11,Cortland,14,23,9,1,19,1,6,11,3,0,3,0,8,12,6,1,16,1
2017,May,5,12,Delaware,1,10,3,0,8,2,1,3,2,0,3,1,0,7,1,0,5,1
2017,May,5,13,Dutchess,10,15,19,16,51,2,6,3,4,1,12,0,4,12,15,15,39,2
2017,May,5,14,Erie,162,267,115,109,350,33,46,115,30,28,134,11,116,152,85,81,216,22
2017,May,5,15,Essex,2,2,6,2,5,0,1,1,1,0,0,0,1,1,5,2,5,0
2017,May,5,16,Franklin,4,23,8,14,28,2,0,5,1,1,9,0,4,18,7,13,19,2
2017,May,5,17,Fulton,4,8,3,11,26,2,2,4,1,5,13,0,2,4,2,6,13,2
2017,May,5,18,Genesee,4,8,3,2,11,0,0,2,0,0,3,0,4,6,3,2,8,0
2017,May,5,19,Greene,2,16,13,9,28,1,1,4,4,0,6,0,1,12,9,9,22,1
2017,May,5,20,Hamilton,1,0,1,0,0,0,0,0,0,0,0,0,1,0,1,0,0,0
2017,May,5,21,Herkimer,6,16,5,11,17,2,3,4,0,3,2,0,3,12,5,8,15,2
2017,May,5,22,Jefferson,15,32,3,20,81,8,9,9,1,2,18,4,6,23,2,18,63,4
2017,May,5,23,Lewis,5,1,1,0,2,0,0,0,0,0,1,0,5,1,1,0,1,0
2017,May,5,24,Livingston,3,13,14,3,40,3,1,5,2,0,12,0,2,8,12,3,28,3
2017,May,5,25,Madison,2,4,5,5,12,2,1,0,1,0,7,1,1,4,4,5,5,1
2017,May,5,26,Monroe,29,270,109,84,706,25,12,81,26,7,216,6,17,189,83,77,490,19
2017,May,5,27,Montgomery,3,12,12,10,26,2,1,3,4,4,17,0,2,9,8,6,9,2
2017,May,5,28,Nassau,57,107,153,71,264,18,21,33,32,6,56,8,36,74,121,65,208,10
2017,May,5,66,New York City,356,3214,502,257,9990,3431,170,767,116,132,3153,297,186,2447,386,125,6837,3134
2017,May,5,29,Niagara,16,44,26,16,146,6,8,17,6,2,40,1,8,27,20,14,106,5
2017,May,5,30,Oneida,11,66,43,19,111,8,9,27,14,7,47,1,2,39,29,12,64,7
2017,May,5,31,Onondaga,35,193,82,75,442,13,10,86,31,13,166,9,25,107,51,62,276,4
2017,May,5,32,Ontario,19,21,32,9,42,6,4,6,4,0,13,3,15,15,28,9,29,3
2017,May,5,33,Orange,28,54,73,13,72,2,11,16,14,1,20,2,17,38,59,12,52,0
2017,May,5,34,Orleans,7,16,7,4,27,1,3,3,3,1,7,0,4,13,4,3,20,1
2017,May,5,35,Oswego,10,26,37,22,90,4,2,8,5,4,36,1,8,18,32,18,54,3
2017,May,5,36,Otsego,0,6,3,0,6,0,0,1,1,0,2,0,0,5,2,0,4,0
2017,May,5,37,Putnam,0,2,4,1,3,0,0,2,0,0,0,0,0,0,4,1,3,0
2017,May,5,38,Rensselaer,4,32,28,11,64,3,2,20,15,6,34,1,2,12,13,5,30,2
2017,May,5,39,Rockland,9,20,9,7,43,2,6,10,4,1,11,0,3,10,5,6,32,2
2017,May,5,41,Saratoga,1,4,3,0,19,0,0,0,1,0,7,0,1,4,2,0,12,0
2017,May,5,42,Schenectady,11,51,32,25,77,14,7,22,19,2,34,6,4,29,13,23,43,8
2017,May,5,43,Schoharie,5,4,0,0,4,1,2,2,0,0,4,0,3,2,0,0,0,1
2017,May,5,44,Schuyler,1,4,7,3,9,0,0,2,0,0,4,0,1,2,7,3,5,0
2017,May,5,45,Seneca,1,9,3,0,3,0,0,4,0,0,1,0,1,5,3,0,2,0
2017,May,5,46,Steuben,7,19,18,10,35,2,2,4,2,1,12,1,5,15,16,9,23,1
2017,May,5,40,St. Lawrence,12,25,10,20,45,1,4,5,1,4,14,1,8,20,9,16,31,0
2017,May,5,47,Suffolk,70,197,154,95,869,32,30,54,25,12,208,7,40,143,129,83,661,25
2017,May,5,48,Sullivan,6,20,17,13,31,0,1,7,3,3,10,0,5,13,14,10,21,0
2017,May,5,49,Tioga,5,6,15,1,12,1,4,3,7,0,6,0,1,3,8,1,6,1
2017,May,5,50,Tompkins,8,20,11,6,41,7,4,6,2,1,6,0,4,14,9,5,35,7
2017,May,5,51,Ulster,17,33,34,12,69,11,9,9,7,2,22,5,8,24,27,10,47,6
2017,May,5,52,Warren,6,15,5,2,7,0,1,4,2,1,4,0,5,11,3,1,3,0
2017,May,5,53,Washington,6,9,8,1,5,0,5,4,3,0,2,0,1,5,5,1,3,0
2017,May,5,54,Wayne,7,16,5,2,18,6,3,4,2,1,7,4,4,12,3,1,11,2
2017,May,5,55,Westchester,40,121,103,57,279,7,11,38,20,7,91,0,29,83,83,50,188,7
2017,May,5,56,Wyoming,4,4,3,0,2,1,2,1,2,0,1,0,2,3,1,0,1,1
2017,May,5,57,Yates,2,7,1,1,4,1,2,3,0,0,3,1,0,4,1,1,1,0
2017,April,4,1,Albany,17,56,65,26,153,7,6,20,19,2,65,0,11,36,46,24,88,7
2017,April,4,2,Allegany,5,9,4,3,15,1,3,2,3,0,10,0,2,7,1,3,5,1
2017,April,4,3,Broome,25,75,76,16,287,13,7,20,18,2,83,1,18,55,58,14,204,12
2017,April,4,4,Cattaraugus,7,16,12,4,30,1,5,3,3,0,8,0,2,13,9,4,22,1
2017,April,4,5,Cayuga,6,16,4,7,21,4,5,6,3,4,8,0,1,10,1,3,13,4
2017,April,4,6,Chautauqua,13,49,28,24,81,6,10,20,9,4,35,1,3,29,19,20,46,5
2017,April,4,7,Chemung,2,10,4,2,31,3,1,5,1,2,14,2,1,5,3,0,17,1
2017,April,4,8,Chenango,4,6,6,1,14,0,3,1,0,0,4,0,1,5,6,1,10,0
2017,April,4,9,Clinton,4,11,8,15,21,5,2,3,2,6,7,2,2,8,6,9,14,3
2017,April,4,10,Columbia,8,19,20,2,38,0,4,8,5,0,12,0,4,11,15,2,26,0
2017,April,4,11,Cortland,11,22,11,2,24,1,9,5,0,0,6,1,2,17,11,2,18,0
2017,April,4,12,Delaware,3,5,0,1,9,0,2,1,0,0,5,0,1,4,0,1,4,0
2017,April,4,13,Dutchess,8,12,14,45,67,4,4,3,5,4,23,0,4,9,9,41,44,4
2017,April,4,14,Erie,147,225,78,96,401,18,43,90,20,15,138,6,104,135,58,81,263,12
2017,April,4,15,Essex,1,2,2,2,5,2,0,1,0,1,3,0,1,1,2,1,2,2
2017,April,4,16,Franklin,3,14,7,12,30,0,1,4,2,1,12,0,2,10,5,11,18,0
2017,April,4,17,Fulton,2,8,3,9,17,3,2,2,1,3,7,1,0,6,2,6,10,2
2017,April,4,18,Genesee,3,4,4,3,7,1,0,0,0,0,0,1,3,4,4,3,7,0
2017,April,4,19,Greene,4,15,3,7,15,1,0,3,1,1,1,0,4,12,2,6,14,1
2017,April,4,20,Hamilton,0,0,0,0,3,0,0,0,0,0,2,0,0,0,0,0,1,0
2017,April,4,21,Herkimer,4,14,6,15,24,1,2,2,3,3,9,0,2,12,3,12,15,1
2017,April,4,22,Jefferson,6,40,15,7,79,5,1,7,5,0,13,1,5,33,10,7,66,4
2017,April,4,23,Lewis,0,0,0,0,2,1,0,0,0,0,1,1,0,0,0,0,1,0
2017,April,4,24,Livingston,5,21,5,3,29,3,2,9,0,0,14,2,3,12,5,3,15,1
2017,April,4,25,Madison,1,8,2,7,17,1,0,1,1,1,6,0,1,7,1,6,11,1
2017,April,4,26,Monroe,27,264,88,74,641,24,16,71,16,5,206,5,11,193,72,69,435,19
2017,April,4,27,Montgomery,5,11,8,8,23,2,3,3,3,1,10,0,2,8,5,7,13,2
2017,April,4,28,Nassau,49,103,173,53,284,9,23,34,27,3,57,3,26,69,146,50,227,6
2017,April,4,66,New York City,335,2770,334,292,4649,2551,159,699,58,138,1400,219,176,2071,276,154,3249,2332
2017,April,4,29,Niagara,15,58,10,14,143,9,6,20,1,1,34,1,9,38,9,13,109,8
2017,April,4,30,Oneida,27,61,52,10,154,14,11,24,16,5,56,4,16,37,36,5,98,10
2017,April,4,31,Onondaga,35,144,75,55,475,14,21,42,23,11,158,7,14,102,52,44,317,7
2017,April,4,32,Ontario,8,27,31,8,57,4,4,10,7,0,18,1,4,17,24,8,39,3
2017,April,4,33,Orange,24,53,57,8,87,1,9,16,5,1,40,1,15,37,52,7,47,0
2017,April,4,34,Orleans,4,11,13,7,31,3,1,2,2,1,5,0,3,9,11,6,26,3
2017,April,4,35,Oswego,5,19,28,13,99,9,4,6,5,0,36,3,1,13,23,13,63,6
2017,April,4,36,Otsego,1,4,3,1,5,0,1,0,0,0,1,0,0,4,3,1,4,0
2017,April,4,37,Putnam,1,2,4,1,3,0,0,1,1,0,0,0,1,1,3,1,3,0
2017,April,4,38,Rensselaer,5,30,17,6,61,4,3,18,9,6,34,3,2,12,8,0,27,1
2017,April,4,39,Rockland,8,22,5,8,57,5,4,8,1,3,10,1,4,14,4,5,47,4
2017,April,4,41,Saratoga,3,8,4,0,16,1,2,1,2,0,10,1,1,7,2,0,6,0
2017,April,4,42,Schenectady,11,45,32,37,110,13,4,20,13,3,41,4,7,25,19,34,69,9
2017,April,4,43,Schoharie,1,10,2,0,3,0,1,4,1,0,2,0,0,6,1,0,1,0
2017,April,4,44,Schuyler,3,2,4,1,9,1,2,2,2,0,3,0,1,0,2,1,6,1
2017,April,4,45,Seneca,4,6,1,1,6,1,3,2,0,0,2,0,1,4,1,1,4,1
2017,April,4,46,Steuben,9,11,15,12,34,3,6,3,4,5,8,0,3,8,11,7,26,3
2017,April,4,40,St. Lawrence,12,21,13,15,51,5,5,8,6,1,25,1,7,13,7,14,26,4
2017,April,4,47,Suffolk,92,158,123,79,893,32,36,43,19,6,193,9,56,115,104,73,700,23
2017,April,4,48,Sullivan,5,23,8,23,30,1,3,4,4,7,12,1,2,19,4,16,18,0
2017,April,4,49,Tioga,7,7,13,2,17,1,4,2,4,0,7,0,3,5,9,2,10,1
2017,April,4,50,Tompkins,7,14,4,10,37,2,2,2,0,0,7,0,5,12,4,10,30,2
2017,April,4,51,Ulster,10,25,47,6,81,11,5,5,8,0,28,6,5,20,39,6,53,5
2017,April,4,52,Warren,4,8,8,5,1,1,3,0,2,3,0,0,1,8,6,2,1,1
2017,April,4,53,Washington,5,10,7,2,19,0,5,4,2,1,9,0,0,6,5,1,10,0
2017,April,4,54,Wayne,3,13,6,4,12,3,2,1,0,0,6,0,1,12,6,4,6,3
2017,April,4,55,Westchester,33,91,91,29,291,11,13,32,17,2,93,3,20,59,74,27,198,8
2017,April,4,56,Wyoming,1,6,4,0,1,0,1,3,2,0,1,0,0,3,2,0,0,0
2017,April,4,57,Yates,2,4,3,0,12,0,0,1,2,0,5,0,2,3,1,0,7,0
2017,March,3,1,Albany,17,71,80,31,201,7,8,27,30,3,78,2,9,44,50,28,123,5
2017,March,3,2,Allegany,4,11,1,4,10,1,2,4,1,1,5,1,2,7,0,3,5,0
2017,March,3,3,Broome,26,88,92,22,385,13,13,22,28,2,112,3,13,66,64,20,273,10
2017,March,3,4,Cattaraugus,6,12,13,9,34,2,2,0,0,1,8,2,4,12,13,8,26,0
2017,March,3,5,Cayuga,8,14,13,7,30,3,7,5,5,1,10,1,1,9,8,6,20,2
2017,March,3,6,Chautauqua,17,26,38,24,70,6,6,7,16,4,21,0,11,19,22,20,49,6
2017,March,3,7,Chemung,12,12,11,4,32,1,6,5,5,1,7,0,6,7,6,3,25,1
2017,March,3,8,Chenango,2,5,4,1,9,2,1,0,2,0,6,1,1,5,2,1,3,1
2017,March,3,9,Clinton,7,17,14,13,26,13,2,3,6,3,8,2,5,14,8,10,18,11
2017,March,3,10,Columbia,4,8,11,4,36,0,4,1,2,0,13,0,0,7,9,4,23,0
2017,March,3,11,Cortland,6,16,7,1,22,3,1,4,0,0,4,2,5,12,7,1,18,1
2017,March,3,12,Delaware,1,9,4,0,13,0,1,4,2,0,5,0,0,5,2,0,8,0
2017,March,3,13,Dutchess,7,22,31,37,84,2,2,2,4,4,30,1,5,20,27,33,54,1
2017,March,3,14,Erie,157,235,111,119,430,22,45,75,34,17,140,6,112,160,77,102,290,16
2017,March,3,15,Essex,1,0,0,1,7,0,1,0,0,0,3,0,0,0,0,1,4,0
2017,March,3,16,Franklin,12,23,9,13,33,1,4,5,5,1,6,0,8,18,4,12,27,1
2017,March,3,17,Fulton,4,15,5,16,17,1,2,2,1,3,10,0,2,13,4,13,7,1
2017,March,3,18,Genesee,3,15,5,2,11,1,2,1,0,0,1,0,1,14,5,2,10,1
2017,March,3,19,Greene,3,18,13,8,15,1,2,5,4,3,5,1,1,13,9,5,10,0
2017,March,3,20,Hamilton,0,1,0,1,0,0,0,0,0,0,0,0,0,1,0,1,0,0
2017,March,3,21,Herkimer,8,7,5,12,29,2,5,4,2,0,11,1,3,3,3,12,18,1
2017,March,3,22,Jefferson,15,31,11,6,94,5,6,7,3,0,22,1,9,24,8,6,72,4
2017,March,3,23,Lewis,1,1,0,1,3,0,0,0,0,0,2,0,1,1,0,1,1,0
2017,March,3,24,Livingston,7,25,12,6,35,7,5,9,3,0,16,2,2,16,9,6,19,5
2017,March,3,25,Madison,3,7,3,6,13,1,1,1,0,1,6,0,2,6,3,5,7,1
2017,March,3,26,Monroe,33,228,89,69,699,23,16,73,24,5,217,5,17,155,65,64,482,18
2017,March,3,27,Montgomery,2,20,7,6,19,1,2,10,4,4,12,0,0,10,3,2,7,1
2017,March,3,28,Nassau,48,115,145,60,309,18,22,40,20,5,70,5,26,75,125,55,239,13
2017,March,3,66,New York City,472,3287,620,356,9403,3243,249,854,141,125,3088,248,223,2433,479,231,6315,2995
2017,March,3,29,Niagara,19,58,13,9,145,5,8,22,3,0,27,0,11,36,10,9,118,5
2017,March,3,30,Oneida,39,67,61,21,136,5,19,29,23,6,60,0,20,38,38,15,76,5
2017,March,3,31,Onondaga,32,183,82,71,537,15,18,61,28,10,201,3,14,122,54,61,336,12
2017,March,3,32,Ontario,9,27,14,14,36,6,3,9,5,0,15,3,6,18,9,14,21,3
2017,March,3,33,Orange,21,43,64,11,81,4,11,15,9,2,32,1,10,28,55,9,49,3
2017,March,3,34,Orleans,8,14,5,3,31,1,1,4,1,1,9,0,7,10,4,2,22,1
2017,March,3,35,Oswego,18,25,27,10,129,7,11,7,4,2,44,2,7,18,23,8,85,5
2017,March,3,36,Otsego,5,4,4,0,3,0,4,1,0,0,3,0,1,3,4,0,0,0
2017,March,3,37,Putnam,0,5,3,1,5,0,0,1,1,0,1,0,0,4,2,1,4,0
2017,March,3,38,Rensselaer,10,47,18,11,94,5,7,29,10,4,59,2,3,18,8,7,35,3
2017,March,3,39,Rockland,8,24,6,6,71,2,4,12,2,1,23,1,4,12,4,5,48,1
2017,March,3,41,Saratoga,0,10,4,1,15,1,0,2,2,0,4,1,0,8,2,1,11,0
2017,March,3,42,Schenectady,11,56,35,42,141,15,6,26,14,8,67,5,5,30,21,34,74,10
2017,March,3,43,Schoharie,1,5,2,1,10,0,0,2,1,0,4,0,1,3,1,1,6,0
2017,March,3,44,Schuyler,1,1,4,3,9,1,1,0,0,1,0,1,0,1,4,2,9,0
2017,March,3,45,Seneca,5,6,5,0,9,0,5,1,1,0,4,0,0,5,4,0,5,0
2017,March,3,46,Steuben,12,10,16,22,44,1,5,3,5,3,17,0,7,7,11,19,27,1
2017,March,3,40,St. Lawrence,9,21,5,16,57,2,6,5,0,1,25,1,3,16,5,15,32,1
2017,March,3,47,Suffolk,119,184,170,79,1070,59,47,44,34,10,290,9,72,140,136,69,780,50
2017,March,3,48,Sullivan,2,15,18,22,34,0,1,5,4,5,19,0,1,10,14,17,15,0
2017,March,3,49,Tioga,3,2,8,1,11,1,2,0,3,0,4,0,1,2,5,1,7,1
2017,March,3,50,Tompkins,12,16,8,11,35,3,4,5,0,0,12,0,8,11,8,11,23,3
2017,March,3,51,Ulster,17,32,54,5,90,6,10,13,15,0,30,0,7,19,39,5,60,6
2017,March,3,52,Warren,3,8,9,1,5,2,1,0,4,0,3,1,2,8,5,1,2,1
2017,March,3,53,Washington,5,8,6,2,15,3,2,4,2,1,7,1,3,4,4,1,8,2
2017,March,3,54,Wayne,8,21,14,2,26,1,5,6,1,0,10,1,3,15,13,2,16,0
2017,March,3,55,Westchester,51,116,86,45,329,17,22,34,14,6,101,2,29,82,72,39,228,15
2017,March,3,56,Wyoming,2,5,2,0,2,0,1,2,1,0,0,0,1,3,1,0,2,0
2017,March,3,57,Yates,2,5,1,0,10,0,0,1,0,0,6,0,2,4,1,0,4,0
2017,February,2,1,Albany,10,48,85,20,177,6,3,20,20,2,58,1,7,28,65,18,119,5
2017,February,2,2,Allegany,3,9,5,1,11,3,2,3,2,1,4,0,1,6,3,0,7,3
2017,February,2,3,Broome,24,79,93,11,328,14,12,18,33,3,97,4,12,61,60,8,231,10
2017,February,2,4,Cattaraugus,8,3,10,9,25,1,4,1,3,3,11,1,4,2,7,6,14,0
2017,February,2,5,Cayuga,9,14,10,4,24,1,7,3,2,0,14,0,2,11,8,4,10,1
2017,February,2,6,Chautauqua,11,33,30,17,75,1,7,10,7,7,23,1,4,23,23,10,52,0
2017,February,2,7,Chemung,7,7,5,5,31,1,4,3,1,0,15,0,3,4,4,5,16,1
2017,February,2,8,Chenango,4,11,7,4,17,1,0,4,3,0,6,0,4,7,4,4,11,1
2017,February,2,9,Clinton,5,7,11,15,30,8,3,2,1,2,7,4,2,5,10,13,23,4
2017,February,2,10,Columbia,6,11,11,2,28,4,3,4,3,1,10,2,3,7,8,1,18,2
2017,February,2,11,Cortland,5,9,8,2,23,0,1,1,3,0,11,0,4,8,5,2,12,0
2017,February,2,12,Delaware,1,6,5,0,8,1,1,1,3,0,6,0,0,5,2,0,2,1
2017,February,2,13,Dutchess,7,8,11,27,56,3,3,2,3,2,18,3,4,6,8,25,38,0
2017,February,2,14,Erie,157,222,117,115,405,24,35,79,37,23,134,8,122,143,80,92,271,16
2017,February,2,15,Essex,0,3,1,1,5,0,0,0,1,1,3,0,0,3,0,0,2,0
2017,February,2,16,Franklin,4,14,8,16,30,2,2,3,2,0,7,0,2,11,6,16,23,2
2017,February,2,17,Fulton,3,9,2,14,19,0,0,5,0,0,12,0,3,4,2,14,7,0
2017,February,2,18,Genesee,0,13,10,2,11,1,0,4,3,1,3,0,0,9,7,1,8,1
2017,February,2,19,Greene,5,10,3,6,21,0,1,2,1,0,8,0,4,8,2,6,13,0
2017,February,2,20,Hamilton,0,0,0,0,0,0,0,0,0,0,0,0,0,0,0,0,0,0
2017,February,2,21,Herkimer,2,8,4,13,20,2,1,3,2,2,6,1,1,5,2,11,14,1
2017,February,2,22,Jefferson,13,13,18,9,73,2,7,5,4,2,16,1,6,8,14,7,57,1
2017,February,2,23,Lewis,4,2,0,0,6,2,1,1,0,0,3,0,3,1,0,0,3,2
2017,February,2,24,Livingston,6,11,6,4,30,7,0,5,3,1,8,1,6,6,3,3,22,6
2017,February,2,25,Madison,3,8,1,4,18,3,2,1,0,0,7,1,1,7,1,4,11,2
2017,February,2,26,Monroe,33,275,107,52,714,5,23,84,23,9,221,2,10,191,84,43,493,3
2017,February,2,27,Montgomery,2,11,7,6,19,3,2,6,5,2,9,1,0,5,2,4,10,2
2017,February,2,28,Nassau,45,105,148,70,247,6,20,41,34,4,64,1,25,64,114,66,183,5
2017,February,2,66,New York City,358,3456,512,383,5524,3012,175,935,84,112,1661,206,183,2521,428,271,3863,2806
2017,February,2,29,Niagara,14,39,21,13,147,6,4,15,4,3,37,1,10,24,17,10,110,5
2017,February,2,30,Oneida,19,73,56,21,154,6,11,23,22,5,69,0,8,50,34,16,85,6
2017,February,2,31,Onondaga,23,138,59,52,515,14,11,55,16,10,192,4,12,83,43,42,323,10
2017,February,2,32,Ontario,6,19,27,10,54,5,4,3,7,0,12,2,2,16,20,10,42,3
2017,February,2,33,Orange,17,58,44,8,89,4,9,20,8,1,26,1,8,38,36,7,63,3
2017,February,2,34,Orleans,5,16,7,2,23,1,4,7,1,0,3,1,1,9,6,2,20,0
2017,February,2,35,Oswego,11,35,29,12,97,6,4,9,5,1,44,1,7,26,24,11,53,5
2017,February,2,36,Otsego,1,4,4,0,6,1,1,0,0,0,3,0,0,4,4,0,3,1
2017,February,2,37,Putnam,3,1,2,0,3,0,2,0,0,0,1,0,1,1,2,0,2,0
2017,February,2,38,Rensselaer,3,31,24,6,60,5,3,22,15,2,35,2,0,9,9,4,25,3
2017,February,2,39,Rockland,6,17,9,8,38,3,4,8,3,1,9,2,2,9,6,7,29,1
2017,February,2,41,Saratoga,2,6,2,1,14,1,0,2,1,0,6,0,2,4,1,1,8,1
2017,February,2,42,Schenectady,11,47,41,28,107,4,5,22,13,6,37,1,6,25,28,22,70,3
2017,February,2,43,Schoharie,3,2,3,1,4,1,3,0,0,0,3,0,0,2,3,1,1,1
2017,February,2,44,Schuyler,2,8,3,5,5,0,0,2,2,1,1,0,2,6,1,4,4,0
2017,February,2,45,Seneca,2,5,4,0,6,0,2,1,0,0,2,0,0,4,4,0,4,0
2017,February,2,46,Steuben,9,18,12,13,41,4,7,5,3,2,12,1,2,13,9,11,29,3
2017,February,2,40,St. Lawrence,13,16,10,13,46,1,10,8,2,2,18,1,3,8,8,11,28,0
2017,February,2,47,Suffolk,71,150,132,60,871,50,37,40,30,10,193,8,34,110,102,50,678,42
2017,February,2,48,Sullivan,5,9,20,18,16,1,2,4,3,3,7,0,3,5,17,15,9,1
2017,February,2,49,Tioga,4,7,1,1,14,0,4,3,0,1,3,0,0,4,1,0,11,0
2017,February,2,50,Tompkins,4,9,1,6,34,2,0,3,0,0,11,2,4,6,1,6,23,0
2017,February,2,51,Ulster,10,36,40,19,96,16,5,14,7,2,30,5,5,22,33,17,66,11
2017,February,2,52,Warren,6,6,3,5,3,1,2,2,0,1,0,0,4,4,3,4,3,1
2017,February,2,53,Washington,5,5,6,1,13,0,5,2,3,0,6,0,0,3,3,1,7,0
2017,February,2,54,Wayne,8,7,12,6,36,1,4,4,2,1,13,1,4,3,10,5,23,0
2017,February,2,55,Westchester,37,120,92,49,356,19,15,40,15,10,106,3,22,80,77,39,250,16
2017,February,2,56,Wyoming,7,2,7,0,3,1,3,0,4,0,0,1,4,2,3,0,3,0
2017,February,2,57,Yates,2,5,2,2,1,0,2,1,0,1,1,0,0,4,2,1,0,0
2017,January,1,1,Albany,14,82,74,18,119,9,8,28,20,0,52,2,6,54,54,18,67,7
2017,January,1,2,Allegany,4,7,5,4,14,2,3,3,1,0,9,1,1,4,4,4,5,1
2017,January,1,3,Broome,34,64,59,15,325,21,13,14,17,0,78,9,21,50,42,15,247,12
2017,January,1,4,Cattaraugus,5,6,7,10,32,1,2,3,2,0,9,1,3,3,5,10,23,0
2017,January,1,5,Cayuga,10,10,14,5,22,5,8,3,4,0,8,3,2,7,10,5,14,2
2017,January,1,6,Chautauqua,13,38,22,22,62,9,9,20,9,4,29,5,4,18,13,18,33,4
2017,January,1,7,Chemung,3,5,4,2,18,1,2,1,2,0,5,0,1,4,2,2,13,1
2017,January,1,8,Chenango,4,7,7,3,14,3,3,4,4,1,4,0,1,3,3,2,10,3
2017,January,1,9,Clinton,13,16,9,7,32,10,7,7,1,1,10,8,6,9,8,6,22,2
2017,January,1,10,Columbia,8,17,8,5,29,2,3,5,0,0,11,0,5,12,8,5,18,2
2017,January,1,11,Cortland,5,9,7,4,24,2,2,4,1,1,7,1,3,5,6,3,17,1
2017,January,1,12,Delaware,1,5,4,1,5,1,1,1,1,0,4,0,0,4,3,1,1,1
2017,January,1,13,Dutchess,8,17,11,17,74,7,3,7,3,3,35,1,5,10,8,14,39,6
2017,January,1,14,Erie,154,185,107,96,323,21,32,72,28,20,121,6,122,113,79,76,202,15
2017,January,1,15,Essex,1,2,2,0,4,1,1,0,0,0,1,0,0,2,2,0,3,1
2017,January,1,16,Franklin,6,14,5,10,18,1,2,3,2,1,7,0,4,11,3,9,11,1
2017,January,1,17,Fulton,4,8,2,8,21,1,3,1,1,3,12,0,1,7,1,5,9,1
2017,January,1,18,Genesee,0,8,4,3,7,0,0,1,0,0,2,0,0,7,4,3,5,0
2017,January,1,19,Greene,8,8,8,10,15,3,2,4,3,3,6,1,6,4,5,7,9,2
2017,January,1,20,Hamilton,0,0,0,0,0,0,0,0,0,0,0,0,0,0,0,0,0,0
2017,January,1,21,Herkimer,12,12,2,13,25,0,5,3,1,1,8,0,7,9,1,12,17,0
2017,January,1,22,Jefferson,12,18,16,11,86,6,7,3,2,0,21,4,5,15,14,11,65,2
2017,January,1,23,Lewis,0,2,0,0,0,0,0,1,0,0,0,0,0,1,0,0,0,0
2017,January,1,24,Livingston,9,10,5,2,18,3,4,4,1,1,5,1,5,6,4,1,13,2
2017,January,1,25,Madison,2,6,1,3,16,1,1,1,0,2,7,0,1,5,1,1,9,1
2017,January,1,26,Monroe,33,238,77,54,615,20,17,63,15,6,198,3,16,175,62,48,417,17
2017,January,1,27,Montgomery,3,9,1,4,26,1,2,7,1,1,12,1,1,2,0,3,14,0
2017,January,1,28,Nassau,49,114,131,58,321,18,19,37,16,6,64,6,30,77,115,52,257,12
2017,January,1,66,New York City,382,3559,674,369,9223,3722,184,948,121,119,3042,241,198,2611,553,250,6181,3481
2017,January,1,29,Niagara,21,40,25,9,172,3,11,11,6,0,38,0,10,29,19,9,134,3
2017,January,1,30,Oneida,15,42,50,15,110,11,8,14,17,7,48,1,7,28,33,8,62,10
2017,January,1,31,Onondaga,29,149,72,48,457,12,14,70,23,10,159,3,15,79,49,38,298,9
2017,January,1,32,Ontario,12,24,20,9,52,4,4,11,4,0,17,0,8,13,16,9,35,4
2017,January,1,33,Orange,19,46,56,11,97,7,6,17,11,4,33,2,13,29,45,7,64,5
2017,January,1,34,Orleans,6,10,10,5,18,6,2,6,5,1,3,2,4,4,5,4,15,4
2017,January,1,35,Oswego,12,18,23,31,131,8,6,8,10,5,52,1,6,10,13,26,79,7
2017,January,1,36,Otsego,0,5,6,0,4,2,0,2,3,0,1,0,0,3,3,0,3,2
2017,January,1,37,Putnam,1,2,4,0,1,0,1,2,1,0,1,0,0,0,3,0,0,0
2017,January,1,38,Rensselaer,16,44,24,10,50,5,6,25,20,6,33,3,10,19,4,4,17,2
2017,January,1,39,Rockland,3,22,5,8,48,4,1,8,1,0,11,1,2,14,4,8,37,3
2017,January,1,41,Saratoga,3,1,2,0,9,0,1,0,1,0,2,0,2,1,1,0,7,0
2017,January,1,42,Schenectady,8,28,29,36,60,12,4,11,13,3,18,6,4,17,16,33,42,6
2017,January,1,43,Schoharie,2,5,2,1,5,0,1,3,0,0,3,0,1,2,2,1,2,0
2017,January,1,44,Schuyler,2,6,4,5,14,2,1,3,3,0,4,0,1,3,1,5,10,2
2017,January,1,45,Seneca,1,3,4,0,6,2,1,0,0,0,2,1,0,3,4,0,4,1
2017,January,1,46,Steuben,12,15,14,12,44,5,3,6,1,1,12,2,9,9,13,11,32,3
2017,January,1,40,St. Lawrence,12,18,14,18,61,3,6,5,1,3,19,1,6,13,13,15,42,2
2017,January,1,47,Suffolk,84,154,133,67,1043,43,41,51,26,13,234,6,43,103,107,54,809,37
2017,January,1,48,Sullivan,4,6,11,16,19,1,4,3,3,2,7,1,0,3,8,14,12,0
2017,January,1,49,Tioga,0,7,8,1,15,1,0,1,2,1,7,0,0,6,6,0,8,1
2017,January,1,50,Tompkins,8,17,10,8,56,2,4,3,0,0,13,0,4,14,10,8,43,2
2017,January,1,51,Ulster,19,29,32,2,76,10,11,10,5,0,34,1,8,19,27,2,42,9
2017,January,1,52,Warren,1,5,5,2,3,1,0,0,3,1,1,1,1,5,2,1,2,0
2017,January,1,53,Washington,2,10,7,2,6,0,1,3,3,0,5,0,1,7,4,2,1,0
2017,January,1,54,Wayne,6,16,6,4,28,0,2,2,2,0,14,0,4,14,4,4,14,0
2017,January,1,55,Westchester,49,117,79,43,254,16,22,38,9,8,78,2,27,79,70,35,176,14
2017,January,1,56,Wyoming,5,4,4,0,4,0,3,0,2,0,3,0,2,4,2,0,1,0
2017,January,1,57,Yates,2,1,3,1,11,0,2,0,1,0,4,0,0,1,2,1,7,0
2016,December,12,1,Albany,14,103,64,26,183,14,7,37,17,2,77,4,7,66,47,24,106,10
2016,December,12,2,Allegany,3,8,5,1,8,0,2,0,2,1,5,0,1,8,3,0,3,0
2016,December,12,3,Broome,20,91,54,14,306,16,10,26,17,1,95,3,10,65,37,13,211,13
2016,December,12,4,Cattaraugus,10,10,9,8,26,2,3,5,5,2,8,2,7,5,4,6,18,0
2016,December,12,5,Cayuga,11,12,7,3,20,2,8,5,1,0,10,1,3,7,6,3,10,1
2016,December,12,6,Chautauqua,11,35,19,21,68,1,8,13,10,4,21,0,3,22,9,17,47,1
2016,December,12,7,Chemung,3,7,5,2,30,1,2,1,0,0,12,1,1,6,5,2,18,0
2016,December,12,8,Chenango,4,2,1,0,15,0,3,0,1,0,8,0,1,2,0,0,7,0
2016,December,12,9,Clinton,9,21,14,7,24,9,6,5,1,0,9,0,3,16,13,7,15,9
2016,December,12,10,Columbia,9,17,12,3,18,1,5,5,1,1,6,0,4,12,11,2,12,1
2016,December,12,11,Cortland,5,14,5,2,29,5,5,4,0,0,15,2,0,10,5,2,14,3
2016,December,12,12,Delaware,2,6,1,0,12,2,1,1,1,0,4,2,1,5,0,0,8,0
2016,December,12,13,Dutchess,3,17,25,44,82,6,1,4,6,2,34,2,2,13,19,42,48,4
2016,December,12,14,Erie,126,284,121,92,428,23,43,128,34,20,164,5,83,156,87,72,264,18
2016,December,12,15,Essex,1,3,1,0,7,1,1,1,1,0,4,1,0,2,0,0,3,0
2016,December,12,16,Franklin,3,13,5,18,26,0,0,4,3,3,6,0,3,9,2,15,20,0
2016,December,12,17,Fulton,4,13,4,9,21,0,1,2,1,1,9,0,3,11,3,8,12,0
2016,December,12,18,Genesee,0,3,5,4,21,2,0,2,0,2,8,2,0,1,5,2,13,0
2016,December,12,19,Greene,6,19,7,5,21,0,3,8,1,0,3,0,3,11,6,5,18,0
2016,December,12,20,Hamilton,0,0,0,0,1,0,0,0,0,0,1,0,0,0,0,0,0,0
2016,December,12,21,Herkimer,7,7,6,18,38,0,3,3,5,2,19,0,4,4,1,16,19,0
2016,December,12,22,Jefferson,11,24,8,18,79,2,4,7,1,1,19,1,7,17,7,17,60,1
2016,December,12,23,Lewis,1,1,1,1,3,2,1,0,1,0,3,2,0,1,0,1,0,0
2016,December,12,24,Livingston,5,20,3,2,20,10,2,5,1,0,3,1,3,15,2,2,17,9
2016,December,12,25,Madison,2,6,1,6,13,0,0,5,1,1,6,0,2,1,0,5,7,0
2016,December,12,26,Monroe,34,259,77,66,691,25,16,81,22,10,261,9,18,178,55,56,430,16
2016,December,12,27,Montgomery,6,6,6,6,27,2,3,4,3,1,15,1,3,2,3,5,12,1
2016,December,12,28,Nassau,61,128,133,55,362,22,33,46,23,6,91,5,28,82,110,49,271,17
2016,December,12,66,New York City,299,3103,664,358,6429,3259,149,815,115,103,2090,272,150,2288,549,255,4339,2987
2016,December,12,29,Niagara,25,51,17,22,150,5,13,14,4,4,37,0,12,37,13,18,113,5
2016,December,12,30,Oneida,12,62,60,11,111,8,9,21,26,4,34,2,3,41,34,7,77,6
2016,December,12,31,Onondaga,23,193,79,55,475,14,9,80,32,10,186,5,14,113,47,45,289,9
2016,December,12,32,Ontario,11,27,21,17,50,6,6,11,0,3,15,5,5,16,21,14,35,1
2016,December,12,33,Orange,15,55,55,9,108,5,8,25,13,1,43,1,7,30,42,8,65,4
2016,December,12,34,Orleans,2,18,7,10,14,2,2,9,2,4,6,2,0,9,5,6,8,0
2016,December,12,35,Oswego,12,25,24,9,84,17,9,8,5,2,40,5,3,17,19,7,44,12
2016,December,12,36,Otsego,1,4,4,1,6,1,1,3,3,0,2,0,0,1,1,1,4,1
2016,December,12,37,Putnam,0,2,3,2,3,1,0,1,1,0,0,1,0,1,2,2,3,0
2016,December,12,38,Rensselaer,9,39,31,4,70,7,6,24,16,0,38,4,3,15,15,4,32,3
2016,December,12,39,Rockland,7,37,8,13,54,8,4,11,4,1,20,3,3,26,4,12,34,5
2016,December,12,41,Saratoga,4,5,6,0,16,0,0,1,3,0,6,0,4,4,3,0,10,0
2016,December,12,42,Schenectady,13,45,39,22,101,4,8,15,23,5,43,1,5,30,16,17,58,3
2016,December,12,43,Schoharie,0,3,0,2,7,1,0,1,0,1,3,0,0,2,0,1,4,1
2016,December,12,44,Schuyler,2,2,3,2,9,1,0,0,2,0,3,1,2,2,1,2,6,0
2016,December,12,45,Seneca,2,6,6,0,8,0,1,3,1,0,2,0,1,3,5,0,6,0
2016,December,12,46,Steuben,13,20,16,19,40,1,6,5,2,2,18,0,7,15,14,17,22,1
2016,December,12,40,St. Lawrence,10,21,6,15,72,3,5,5,1,2,30,1,5,16,5,13,42,2
2016,December,12,47,Suffolk,61,202,164,56,1007,34,27,57,29,8,224,3,34,145,135,48,783,31
2016,December,12,48,Sullivan,3,15,17,12,23,0,3,1,3,0,15,0,0,14,14,12,8,0
2016,December,12,49,Tioga,3,7,5,5,20,1,0,2,1,0,9,0,3,5,4,5,11,1
2016,December,12,50,Tompkins,9,17,11,5,40,1,4,6,1,1,9,0,5,11,10,4,31,1
2016,December,12,51,Ulster,9,45,44,5,94,16,4,14,9,2,35,3,5,31,35,3,59,13
2016,December,12,52,Warren,2,5,4,3,5,0,1,0,2,1,2,0,1,5,2,2,3,0
2016,December,12,53,Washington,6,8,8,1,12,3,1,2,3,1,8,0,5,6,5,0,4,3
2016,December,12,54,Wayne,5,10,13,3,33,1,2,1,3,1,11,0,3,9,10,2,22,1
2016,December,12,55,Westchester,38,138,78,60,315,6,17,39,16,11,86,1,21,99,62,49,229,5
2016,December,12,56,Wyoming,3,6,2,0,9,0,3,2,0,0,2,0,0,4,2,0,7,0
2016,December,12,57,Yates,0,1,4,0,4,1,0,0,1,0,2,0,0,1,3,0,2,1
2016,November,11,1,Albany,14,68,57,25,144,14,4,24,20,3,58,4,10,44,37,22,86,10
2016,November,11,2,Allegany,4,6,5,1,9,0,3,2,2,0,2,0,1,4,3,1,7,0
2016,November,11,3,Broome,20,85,59,12,266,13,10,25,18,0,75,3,10,60,41,12,191,10
2016,November,11,4,Cattaraugus,11,17,6,9,22,2,3,5,1,1,8,1,8,12,5,8,14,1
2016,November,11,5,Cayuga,7,11,7,9,19,4,2,3,2,0,6,2,5,8,5,9,13,2
2016,November,11,6,Chautauqua,8,49,22,17,62,0,4,17,5,5,23,0,4,32,17,12,39,0
2016,November,11,7,Chemung,5,9,4,3,32,1,4,3,2,0,15,0,1,6,2,3,17,1
2016,November,11,8,Chenango,2,5,2,4,18,0,2,1,1,1,11,0,0,4,1,3,7,0
2016,November,11,9,Clinton,12,19,10,14,17,1,3,3,0,2,2,0,9,16,10,12,15,1
2016,November,11,10,Columbia,6,13,12,2,19,0,0,3,2,0,4,0,6,10,10,2,15,0
2016,November,11,11,Cortland,3,11,9,1,28,3,3,1,3,1,12,1,0,10,6,0,16,2
2016,November,11,12,Delaware,1,3,1,1,6,0,0,3,0,0,4,0,1,0,1,1,2,0
2016,November,11,13,Dutchess,5,19,17,19,60,4,4,10,7,5,21,3,1,9,10,14,39,1
2016,November,11,14,Erie,103,259,108,109,362,38,35,117,32,29,132,7,68,142,76,80,230,31
2016,November,11,15,Essex,1,2,0,0,3,1,1,0,0,0,1,1,0,2,0,0,2,0
2016,November,11,16,Franklin,6,10,13,10,15,2,3,2,3,2,4,0,3,8,10,8,11,2
2016,November,11,17,Fulton,9,7,1,7,20,0,6,2,0,3,7,0,3,5,1,4,13,0
2016,November,11,18,Genesee,2,8,4,3,13,6,1,1,3,1,2,0,1,7,1,2,11,6
2016,November,11,19,Greene,5,4,4,5,19,0,2,1,2,1,7,0,3,3,2,4,12,0
2016,November,11,20,Hamilton,0,1,0,0,0,0,0,1,0,0,0,0,0,0,0,0,0,0
2016,November,11,21,Herkimer,5,5,13,16,37,0,2,3,1,2,17,0,3,2,12,14,20,0
2016,November,11,22,Jefferson,14,25,18,13,84,5,7,4,6,0,14,1,7,21,12,13,70,4
2016,November,11,23,Lewis,1,1,1,0,5,2,1,0,1,0,3,0,0,1,0,0,2,2
2016,November,11,24,Livingston,8,18,9,1,22,1,4,7,3,0,6,1,4,11,6,1,16,0
2016,November,11,25,Madison,3,7,7,5,15,6,3,1,5,1,7,2,0,6,2,4,8,4
2016,November,11,26,Monroe,28,272,82,53,681,25,12,83,22,7,230,10,16,189,60,46,451,15
2016,November,11,27,Montgomery,2,8,4,4,25,1,1,5,3,3,13,1,1,3,1,1,12,0
2016,November,11,28,Nassau,59,97,104,62,285,17,18,35,16,5,61,3,41,62,88,57,224,14
2016,November,11,66,New York City,322,3740,554,455,4553,3321,165,1036,112,138,1386,293,157,2704,442,317,3167,3028
2016,November,11,29,Niagara,26,42,15,14,160,3,14,20,3,1,38,0,12,22,12,13,122,3
2016,November,11,30,Oneida,19,94,44,18,160,8,9,38,9,4,71,1,10,56,35,14,89,7
2016,November,11,31,Onondaga,24,163,75,55,445,15,8,64,25,11,157,2,16,99,50,44,288,13
2016,November,11,32,Ontario,7,24,21,10,54,4,1,6,3,4,15,1,6,18,18,6,39,3
2016,November,11,33,Orange,17,67,55,15,91,6,9,13,6,2,30,0,8,54,49,13,61,6
2016,November,11,34,Orleans,2,18,11,8,22,4,2,4,3,3,8,1,0,14,8,5,14,3
2016,November,11,35,Oswego,6,25,27,24,101,13,3,6,7,4,36,4,3,19,20,20,65,9
2016,November,11,36,Otsego,1,1,0,0,5,0,0,1,0,0,2,0,1,0,0,0,3,0
2016,November,11,37,Putnam,0,1,1,1,3,0,0,0,0,0,1,0,0,1,1,1,2,0
2016,November,11,38,Rensselaer,7,34,15,10,48,2,7,18,8,6,30,1,0,16,7,4,18,1
2016,November,11,39,Rockland,5,28,5,7,43,3,1,13,1,0,12,0,4,15,4,7,31,3
2016,November,11,41,Saratoga,4,2,7,1,11,0,2,1,2,0,5,0,2,1,5,1,6,0
2016,November,11,42,Schenectady,11,40,24,20,81,4,4,17,11,2,33,1,7,23,13,18,48,3
2016,November,11,43,Schoharie,0,3,0,1,8,1,0,2,0,0,3,0,0,1,0,1,5,1
2016,November,11,44,Schuyler,2,12,3,2,12,0,1,4,0,0,3,0,1,8,3,2,9,0
2016,November,11,45,Seneca,5,2,2,0,12,0,4,1,1,0,3,0,1,1,1,0,9,0
2016,November,11,46,Steuben,7,24,7,26,37,2,2,2,4,10,11,1,5,22,3,16,26,1
2016,November,11,40,St. Lawrence,16,22,6,7,41,2,9,8,2,1,14,1,7,14,4,6,27,1
2016,November,11,47,Suffolk,94,173,140,57,851,32,47,63,31,10,205,3,47,110,109,47,646,29
2016,November,11,48,Sullivan,3,8,16,10,25,2,1,3,5,1,8,1,2,5,11,9,17,1
2016,November,11,49,Tioga,4,7,9,0,12,1,2,2,4,0,3,0,2,5,5,0,9,1
2016,November,11,50,Tompkins,6,19,7,1,45,4,5,6,0,0,16,1,1,13,7,1,29,3
2016,November,11,51,Ulster,11,46,44,8,85,12,5,17,8,3,37,4,6,29,36,5,48,8
2016,November,11,52,Warren,2,7,6,2,9,0,0,2,1,1,4,0,2,5,5,1,5,0
2016,November,11,53,Washington,5,7,18,0,8,1,2,3,4,0,3,0,3,4,14,0,5,1
2016,November,11,54,Wayne,9,9,4,5,30,1,3,4,1,0,11,0,6,5,3,5,19,1
2016,November,11,55,Westchester,35,101,75,33,296,10,14,28,14,4,104,1,21,73,61,29,192,9
2016,November,11,56,Wyoming,0,3,4,0,5,1,0,1,0,0,1,0,0,2,4,0,4,1
2016,November,11,57,Yates,2,1,2,2,4,1,1,1,1,0,2,0,1,0,1,2,2,1
2016,October,10,1,Albany,19,94,74,43,143,10,10,26,21,2,65,6,9,68,53,41,78,4
2016,October,10,2,Allegany,3,11,4,2,13,2,3,2,3,1,8,0,0,9,1,1,5,2
2016,October,10,3,Broome,29,102,56,23,291,26,17,38,12,2,93,9,12,64,44,21,198,17
2016,October,10,4,Cattaraugus,2,12,8,14,35,0,1,2,4,2,9,0,1,10,4,12,26,0
2016,October,10,5,Cayuga,9,12,8,8,24,4,4,4,0,1,11,1,5,8,8,7,13,3
2016,October,10,6,Chautauqua,13,49,26,21,76,3,10,17,8,9,31,1,3,32,18,12,45,2
2016,October,10,7,Chemung,4,11,8,2,29,4,4,3,2,0,13,3,0,8,6,2,16,1
2016,October,10,8,Chenango,0,11,1,3,20,0,0,7,1,0,13,0,0,4,0,3,7,0
2016,October,10,9,Clinton,7,23,5,13,32,23,3,3,2,5,12,5,4,20,3,8,20,18
2016,October,10,10,Columbia,4,6,19,4,28,0,1,1,4,0,10,0,3,5,15,4,18,0
2016,October,10,11,Cortland,2,18,10,2,23,3,1,6,3,0,4,0,1,12,7,2,19,3
2016,October,10,12,Delaware,1,3,2,2,6,0,1,0,0,0,3,0,0,3,2,2,3,0
2016,October,10,13,Dutchess,6,22,17,18,67,6,3,7,5,3,23,1,3,15,12,15,44,5
2016,October,10,14,Erie,153,332,134,142,430,36,43,139,46,35,167,11,110,193,88,107,263,25
2016,October,10,15,Essex,0,2,0,2,3,0,0,0,0,1,2,0,0,2,0,1,1,0
2016,October,10,16,Franklin,6,14,7,13,9,2,3,2,4,1,2,0,3,12,3,12,7,2
2016,October,10,17,Fulton,6,9,3,15,29,0,1,5,1,7,15,0,5,4,2,8,14,0
2016,October,10,18,Genesee,2,16,4,3,14,1,0,5,3,0,6,1,2,11,1,3,8,0
2016,October,10,19,Greene,7,11,2,8,16,1,4,1,2,0,3,1,3,10,0,8,13,0
2016,October,10,20,Hamilton,0,0,0,0,0,0,0,0,0,0,0,0,0,0,0,0,0,0
2016,October,10,21,Herkimer,6,9,8,11,30,4,2,3,1,1,17,0,4,6,7,10,13,4
2016,October,10,22,Jefferson,14,40,13,13,57,3,9,15,3,1,10,2,5,25,10,12,47,1
2016,October,10,23,Lewis,0,2,1,1,0,1,0,1,1,1,0,0,0,1,0,0,0,1
2016,October,10,24,Livingston,6,19,5,1,29,5,4,12,4,0,11,0,2,7,1,1,18,5
2016,October,10,25,Madison,1,8,4,4,19,0,0,3,2,2,4,0,1,5,2,2,15,0
2016,October,10,26,Monroe,45,273,82,62,689,21,26,97,22,3,247,3,19,176,60,59,442,18
2016,October,10,27,Montgomery,6,18,9,5,19,3,3,9,6,1,9,1,3,9,3,4,10,2
2016,October,10,28,Nassau,56,133,147,79,282,17,26,41,25,7,61,7,30,92,122,72,221,10
2016,October,10,66,New York City,397,3858,867,402,7366,3527,194,982,189,150,2324,289,203,2876,678,252,5042,3238
2016,October,10,29,Niagara,12,54,15,18,175,13,9,17,4,4,42,4,3,37,11,14,133,9
2016,October,10,30,Oneida,14,109,47,21,129,5,10,43,19,4,63,2,4,66,28,17,66,3
2016,October,10,31,Onondaga,35,203,71,46,441,21,18,79,18,6,152,6,17,124,53,40,289,15
2016,October,10,32,Ontario,7,29,28,9,29,2,6,10,7,1,10,0,1,19,21,8,19,2
2016,October,10,33,Orange,16,58,59,6,80,4,5,28,11,1,25,2,11,30,48,5,55,2
2016,October,10,34,Orleans,5,11,11,5,18,0,1,5,5,1,3,0,4,6,6,4,15,0
2016,October,10,35,Oswego,15,33,29,17,123,8,9,10,10,2,49,0,6,23,19,15,74,8
2016,October,10,36,Otsego,2,3,0,4,8,1,1,3,0,2,1,0,1,0,0,2,7,1
2016,October,10,37,Putnam,2,1,1,1,1,1,1,1,0,0,0,1,1,0,1,1,1,0
2016,October,10,38,Rensselaer,7,51,35,5,59,6,4,37,22,3,40,5,3,14,13,2,19,1
2016,October,10,39,Rockland,5,35,7,5,58,3,4,14,5,1,20,1,1,21,2,4,38,2
2016,October,10,41,Saratoga,5,0,2,0,10,0,2,0,0,0,3,0,3,0,2,0,7,0
2016,October,10,42,Schenectady,16,72,33,29,130,9,7,27,17,1,66,4,9,45,16,28,64,5
2016,October,10,43,Schoharie,2,8,2,0,4,0,1,4,1,0,1,0,1,4,1,0,3,0
2016,October,10,44,Schuyler,3,7,3,3,8,2,0,2,1,0,2,1,3,5,2,3,6,1
2016,October,10,45,Seneca,1,4,1,0,8,0,0,3,0,0,5,0,1,1,1,0,3,0
2016,October,10,46,Steuben,8,10,15,15,35,1,5,3,5,3,13,0,3,7,10,12,22,1
2016,October,10,40,St. Lawrence,8,27,8,12,57,2,2,9,1,2,29,1,6,18,7,10,28,1
2016,October,10,47,Suffolk,95,204,164,48,919,49,42,60,30,7,227,10,53,144,134,41,692,39
2016,October,10,48,Sullivan,5,15,15,19,31,2,4,4,8,5,17,1,1,11,7,14,14,1
2016,October,10,49,Tioga,3,4,8,0,6,1,3,4,2,0,2,1,0,0,6,0,4,0
2016,October,10,50,Tompkins,9,22,7,2,42,4,6,3,2,0,9,1,3,19,5,2,33,3
2016,October,10,51,Ulster,11,42,44,2,83,7,6,19,11,0,33,1,5,23,33,2,50,6
2016,October,10,52,Warren,4,7,10,5,9,1,2,4,3,2,2,0,2,3,7,3,7,1
2016,October,10,53,Washington,3,6,10,2,11,1,3,3,4,1,5,1,0,3,6,1,6,0
2016,October,10,54,Wayne,3,11,5,4,27,3,1,3,2,0,9,0,2,8,3,4,18,3
2016,October,10,55,Westchester,49,115,102,41,311,18,13,40,17,7,94,4,36,75,85,34,217,14
2016,October,10,56,Wyoming,1,7,0,0,11,2,1,3,0,0,3,1,0,4,0,0,8,1
2016,October,10,57,Yates,0,3,2,1,5,0,0,0,1,0,1,0,0,3,1,1,4,0
2016,September,9,1,Albany,22,65,86,18,150,6,9,30,20,3,67,2,13,35,66,15,83,4
2016,September,9,2,Allegany,3,14,8,3,10,0,1,5,4,0,4,0,2,9,4,3,6,0
2016,September,9,3,Broome,34,98,75,19,309,17,16,32,29,2,97,9,18,66,46,17,212,8
2016,September,9,4,Cattaraugus,12,11,16,12,33,1,6,3,6,3,11,1,6,8,10,9,22,0
2016,September,9,5,Cayuga,8,21,16,2,20,1,2,6,5,0,7,1,6,15,11,2,13,0
2016,September,9,6,Chautauqua,18,47,30,16,62,4,6,14,11,5,22,1,12,33,19,11,40,3
2016,September,9,7,Chemung,9,11,5,2,34,4,4,1,2,0,13,3,5,10,3,2,21,1
2016,September,9,8,Chenango,6,7,5,1,19,1,2,3,1,0,9,0,4,4,4,1,10,1
2016,September,9,9,Clinton,12,12,17,12,21,28,3,3,5,0,5,14,9,9,12,12,16,14
2016,September,9,10,Columbia,7,20,9,4,22,0,5,6,2,1,11,0,2,14,7,3,11,0
2016,September,9,11,Cortland,9,23,9,4,21,4,6,7,1,1,9,2,3,16,8,3,12,2
2016,September,9,12,Delaware,2,9,3,0,8,1,2,3,0,0,5,0,0,6,3,0,3,1
2016,September,9,13,Dutchess,8,16,15,24,93,7,2,5,0,3,26,2,6,11,15,21,67,5
2016,September,9,14,Erie,121,291,103,131,390,36,35,111,31,40,146,7,86,180,72,91,244,29
2016,September,9,15,Essex,1,3,1,1,8,1,0,0,0,0,3,0,1,3,1,1,5,1
2016,September,9,16,Franklin,10,13,8,16,26,0,3,2,1,4,10,0,7,11,7,12,16,0
2016,September,9,17,Fulton,8,7,2,17,22,0,2,1,1,6,9,0,6,6,1,11,13,0
2016,September,9,18,Genesee,2,8,8,2,7,0,1,3,0,1,3,0,1,5,8,1,4,0
2016,September,9,19,Greene,7,11,8,7,18,0,3,6,3,1,4,0,4,5,5,6,14,0
2016,September,9,20,Hamilton,0,1,1,0,0,0,0,0,1,0,0,0,0,1,0,0,0,0
2016,September,9,21,Herkimer,3,7,7,5,28,3,3,2,3,2,9,0,0,5,4,3,19,3
2016,September,9,22,Jefferson,8,37,15,16,101,5,6,11,4,1,18,2,2,26,11,15,83,3
2016,September,9,23,Lewis,0,2,0,0,3,1,0,0,0,0,1,0,0,2,0,0,2,1
2016,September,9,24,Livingston,8,25,16,1,29,6,7,8,5,0,9,2,1,17,11,1,20,4
2016,September,9,25,Madison,8,2,2,1,11,0,2,0,0,0,3,0,6,2,2,1,8,0
2016,September,9,26,Monroe,39,297,90,44,681,19,17,110,24,11,227,7,22,187,66,33,454,12
2016,September,9,27,Montgomery,5,15,12,4,29,0,1,7,7,2,15,0,4,8,5,2,14,0
2016,September,9,28,Nassau,79,137,153,82,359,17,33,45,29,9,89,4,46,92,124,73,270,13
2016,September,9,66,New York City,367,3854,595,445,4215,3379,184,904,113,161,1232,262,183,2950,482,284,2983,3117
2016,September,9,29,Niagara,25,65,25,21,162,8,13,31,6,4,39,0,12,34,19,17,123,8
2016,September,9,30,Oneida,22,87,60,22,140,11,11,33,19,7,66,5,11,54,41,15,74,6
2016,September,9,31,Onondaga,43,220,88,57,508,23,25,87,37,10,210,5,18,133,51,47,298,18
2016,September,9,32,Ontario,10,22,26,11,40,2,6,6,7,1,13,1,4,16,19,10,27,1
2016,September,9,33,Orange,18,60,86,10,96,4,5,19,19,0,40,1,13,41,67,10,56,3
2016,September,9,34,Orleans,4,15,11,4,20,5,3,7,4,1,8,5,1,8,7,3,12,0
2016,September,9,35,Oswego,14,21,18,16,124,14,7,9,7,1,51,6,7,12,11,15,73,8
2016,September,9,36,Otsego,2,4,4,3,5,0,2,0,1,0,2,0,0,4,3,3,3,0
2016,September,9,37,Putnam,0,2,1,2,6,0,0,0,0,1,2,0,0,2,1,1,4,0
2016,September,9,38,Rensselaer,9,54,24,5,63,11,8,37,19,2,38,6,1,17,5,3,25,5
2016,September,9,39,Rockland,8,32,7,6,58,7,3,12,4,0,18,4,5,20,3,6,40,3
2016,September,9,41,Saratoga,3,4,5,1,13,0,1,2,4,1,6,0,2,2,1,0,7,0
2016,September,9,42,Schenectady,9,46,29,30,79,8,4,16,13,2,24,5,5,30,16,28,55,3
2016,September,9,43,Schoharie,2,5,0,0,4,0,0,0,0,0,1,0,2,5,0,0,3,0
2016,September,9,44,Schuyler,2,6,7,0,15,1,2,1,3,0,7,0,0,5,4,0,8,1
2016,September,9,45,Seneca,1,9,8,0,11,1,0,2,1,0,3,0,1,7,7,0,8,1
2016,September,9,46,Steuben,10,22,8,27,42,3,6,5,3,6,15,1,4,17,5,21,27,2
2016,September,9,40,St. Lawrence,16,31,13,7,52,2,6,9,3,0,21,1,10,22,10,7,31,1
2016,September,9,47,Suffolk,108,194,186,74,1032,46,45,54,46,10,226,6,63,140,140,64,806,40
2016,September,9,48,Sullivan,7,13,12,23,24,2,4,6,7,5,9,0,3,7,5,18,15,2
2016,September,9,49,Tioga,5,3,15,1,12,1,3,2,12,0,7,1,2,1,3,1,5,0
2016,September,9,50,Tompkins,3,36,12,2,37,0,1,14,1,0,8,0,2,22,11,2,29,0
2016,September,9,51,Ulster,14,35,49,9,115,17,7,12,12,1,51,4,7,23,37,8,64,13
2016,September,9,52,Warren,5,15,9,5,9,1,3,3,3,2,2,0,2,12,6,3,7,1
2016,September,9,53,Washington,5,13,12,4,9,2,2,4,3,0,2,1,3,9,9,4,7,1
2016,September,9,54,Wayne,5,13,4,2,33,1,4,3,2,0,10,0,1,10,2,2,23,1
2016,September,9,55,Westchester,43,122,88,38,371,18,19,41,22,4,130,5,24,81,66,34,241,13
2016,September,9,56,Wyoming,5,5,8,0,2,2,4,2,6,0,1,1,1,3,2,0,1,1
2016,September,9,57,Yates,0,2,1,0,8,1,0,0,1,0,6,0,0,2,0,0,2,1
2016,August,8,1,Albany,22,84,89,18,156,14,12,25,23,1,60,4,10,59,66,17,96,10
2016,August,8,2,Allegany,2,14,5,2,4,2,2,8,2,1,2,1,0,6,3,1,2,1
2016,August,8,3,Broome,45,102,64,13,306,21,26,34,17,6,81,6,19,68,47,7,225,15
2016,August,8,4,Cattaraugus,12,19,11,7,24,2,6,8,3,1,7,1,6,11,8,6,17,1
2016,August,8,5,Cayuga,6,9,5,3,31,3,5,6,1,0,12,1,1,3,4,3,19,2
2016,August,8,6,Chautauqua,12,52,34,11,52,8,8,17,12,6,24,3,4,35,22,5,28,5
2016,August,8,7,Chemung,8,14,8,8,37,2,5,1,2,1,11,1,3,13,6,7,26,1
2016,August,8,8,Chenango,4,9,4,2,26,1,3,5,1,1,8,0,1,4,3,1,18,1
2016,August,8,9,Clinton,15,16,10,19,23,13,5,3,2,5,10,8,10,13,8,14,13,5
2016,August,8,10,Columbia,8,19,13,4,30,3,5,9,5,0,12,3,3,10,8,4,18,0
2016,August,8,11,Cortland,6,8,10,0,35,1,4,3,1,0,11,1,2,5,9,0,24,0
2016,August,8,12,Delaware,5,5,1,2,4,1,2,2,1,0,3,1,3,3,0,2,1,0
2016,August,8,13,Dutchess,12,16,15,23,78,12,8,5,4,4,26,2,4,11,11,19,52,10
2016,August,8,14,Erie,126,261,128,151,417,31,46,102,30,34,163,8,80,159,98,117,254,23
2016,August,8,15,Essex,1,5,1,1,1,0,1,1,1,0,0,0,0,4,0,1,1,0
2016,August,8,16,Franklin,10,10,7,15,14,3,5,3,3,1,1,1,5,7,4,14,13,2
2016,August,8,17,Fulton,6,11,1,20,20,0,2,4,1,6,5,0,4,7,0,14,15,0
2016,August,8,18,Genesee,4,6,6,3,13,1,2,0,3,0,3,1,2,6,3,3,10,0
2016,August,8,19,Greene,4,15,7,5,20,3,1,4,3,1,4,1,3,11,4,4,16,2
2016,August,8,20,Hamilton,1,0,0,0,0,0,1,0,0,0,0,0,0,0,0,0,0,0
2016,August,8,21,Herkimer,4,6,7,3,20,1,1,0,0,1,8,1,3,6,7,2,12,0
2016,August,8,22,Jefferson,13,36,13,10,54,3,7,15,2,0,16,1,6,21,11,10,38,2
2016,August,8,23,Lewis,1,1,0,2,3,2,0,1,0,1,2,0,1,0,0,1,1,2
2016,August,8,24,Livingston,3,16,13,5,41,4,2,3,10,1,13,2,1,13,3,4,28,2
2016,August,8,25,Madison,4,3,2,5,22,3,4,0,1,2,8,1,0,3,1,3,14,2
2016,August,8,26,Monroe,42,293,97,78,600,25,17,93,26,8,192,7,25,200,71,70,408,18
2016,August,8,27,Montgomery,6,12,6,5,26,2,4,7,4,2,8,1,2,5,2,3,18,1
2016,August,8,28,Nassau,55,123,145,70,328,19,21,43,28,13,83,6,34,80,117,57,245,13
2016,August,8,66,New York City,422,4327,772,403,8583,3591,230,1070,168,122,2729,279,192,3257,604,281,5854,3312
2016,August,8,29,Niagara,27,85,21,12,162,8,15,30,5,2,52,2,12,55,16,10,110,6
2016,August,8,30,Oneida,17,85,64,23,175,9,8,36,19,3,82,2,9,49,45,20,93,7
2016,August,8,31,Onondaga,39,181,65,47,448,22,18,74,23,11,173,8,21,107,42,36,275,14
2016,August,8,32,Ontario,11,30,30,19,55,2,7,12,8,3,9,0,4,18,22,16,46,2
2016,August,8,33,Orange,20,50,86,16,121,8,11,8,15,3,35,2,9,42,71,13,86,6
2016,August,8,34,Orleans,9,10,11,6,35,5,3,2,0,1,12,2,6,8,11,5,23,3
2016,August,8,35,Oswego,10,23,31,18,102,8,7,10,11,5,39,2,3,13,20,13,63,6
2016,August,8,36,Otsego,2,5,5,0,3,0,2,1,1,0,1,0,0,4,4,0,2,0
2016,August,8,37,Putnam,1,0,3,0,5,0,1,0,0,0,0,0,0,0,3,0,5,0
2016,August,8,38,Rensselaer,4,43,24,4,72,6,3,26,17,2,44,1,1,17,7,2,28,5
2016,August,8,39,Rockland,2,21,5,8,51,2,1,7,1,1,14,0,1,14,4,7,37,2
2016,August,8,41,Saratoga,4,2,3,0,11,0,3,0,2,0,3,0,1,2,1,0,8,0
2016,August,8,42,Schenectady,9,54,40,31,79,10,4,19,20,6,33,5,5,35,20,25,46,5
2016,August,8,43,Schoharie,3,4,5,1,8,1,2,1,2,1,5,0,1,3,3,0,3,1
2016,August,8,44,Schuyler,0,5,1,2,23,1,0,2,0,1,8,0,0,3,1,1,15,1
2016,August,8,45,Seneca,2,10,4,0,3,0,2,6,1,0,2,0,0,4,3,0,1,0
2016,August,8,46,Steuben,17,23,17,30,30,4,7,6,4,9,13,1,10,17,13,21,17,3
2016,August,8,40,St. Lawrence,14,28,14,6,53,3,4,8,7,1,22,0,10,20,7,5,31,3
2016,August,8,47,Suffolk,133,204,195,65,1068,41,58,52,47,10,286,2,75,152,148,55,782,39
2016,August,8,48,Sullivan,2,13,17,15,26,2,1,6,7,2,10,0,1,7,10,13,16,2
2016,August,8,49,Tioga,8,5,10,2,21,6,5,2,2,2,9,3,3,3,8,0,12,3
2016,August,8,50,Tompkins,4,27,9,3,64,5,2,12,2,0,15,1,2,15,7,3,49,4
2016,August,8,51,Ulster,12,33,65,12,108,17,7,11,14,2,47,5,5,22,51,10,61,12
2016,August,8,52,Warren,5,5,4,2,7,0,1,1,0,0,2,0,4,4,4,2,5,0
2016,August,8,53,Washington,5,4,5,2,11,0,4,2,2,1,4,0,1,2,3,1,7,0
2016,August,8,54,Wayne,8,8,9,3,31,1,3,5,2,0,13,0,5,3,7,3,18,1
2016,August,8,55,Westchester,48,115,111,49,348,31,25,30,30,8,119,6,23,85,81,41,229,25
2016,August,8,56,Wyoming,2,3,1,0,3,1,1,1,0,0,2,0,1,2,1,0,1,1
2016,August,8,57,Yates,5,4,2,0,7,0,5,0,1,0,2,0,0,4,1,0,5,0
2016,July,7,1,Albany,20,76,54,25,155,6,12,33,14,3,66,2,8,43,40,22,89,4
2016,July,7,2,Allegany,4,10,4,2,7,2,2,2,1,0,2,2,2,8,3,2,5,0
2016,July,7,3,Broome,29,93,52,20,296,17,16,31,11,2,81,5,13,62,41,18,215,12
2016,July,7,4,Cattaraugus,8,11,7,4,28,0,5,0,2,1,8,0,3,11,5,3,20,0
2016,July,7,5,Cayuga,4,11,13,6,19,7,1,6,1,2,8,4,3,5,12,4,11,3
2016,July,7,6,Chautauqua,13,45,29,19,85,7,7,17,10,3,28,3,6,28,19,16,57,4
2016,July,7,7,Chemung,7,9,5,3,36,0,5,2,3,1,12,0,2,7,2,2,24,0
2016,July,7,8,Chenango,7,14,3,1,21,0,5,5,1,0,6,0,2,9,2,1,15,0
2016,July,7,9,Clinton,8,6,12,17,28,12,5,1,1,4,8,4,3,5,11,13,20,8
2016,July,7,10,Columbia,4,12,12,3,40,3,3,4,3,1,15,1,1,8,9,2,25,2
2016,July,7,11,Cortland,7,18,16,2,30,2,3,7,3,0,9,1,4,11,13,2,21,1
2016,July,7,12,Delaware,2,7,3,0,9,0,1,2,3,0,5,0,1,5,0,0,4,0
2016,July,7,13,Dutchess,7,17,20,37,76,4,4,6,9,2,27,0,3,11,11,35,49,4
2016,July,7,14,Erie,144,275,108,122,440,18,29,122,30,33,169,3,115,153,78,89,271,15
2016,July,7,15,Essex,0,2,0,0,6,0,0,0,0,0,3,0,0,2,0,0,3,0
2016,July,7,16,Franklin,5,12,11,14,8,1,3,3,1,4,2,0,2,9,10,10,6,1
2016,July,7,17,Fulton,3,8,1,13,25,1,2,3,0,5,14,0,1,5,1,8,11,1
2016,July,7,18,Genesee,1,11,3,2,18,2,1,3,1,0,5,0,0,8,2,2,13,2
2016,July,7,19,Greene,7,6,5,6,17,0,2,1,3,4,5,0,5,5,2,2,12,0
2016,July,7,20,Hamilton,0,0,0,0,0,0,0,0,0,0,0,0,0,0,0,0,0,0
2016,July,7,21,Herkimer,3,12,4,7,31,0,3,2,1,5,9,0,0,10,3,2,22,0
2016,July,7,22,Jefferson,7,28,11,9,70,6,4,4,4,1,13,2,3,24,7,8,57,4
2016,July,7,23,Lewis,3,4,0,0,1,1,2,2,0,0,0,1,1,2,0,0,1,0
2016,July,7,24,Livingston,7,14,13,1,27,3,5,9,1,0,15,1,2,5,12,1,12,2
2016,July,7,25,Madison,5,5,0,1,18,1,4,2,0,0,5,0,1,3,0,1,13,1
2016,July,7,26,Monroe,36,308,103,79,727,23,16,100,26,11,231,5,20,208,77,68,496,18
2016,July,7,27,Montgomery,5,13,10,3,22,3,2,6,7,0,7,0,3,7,3,3,15,3
2016,July,7,28,Nassau,53,150,142,87,346,19,18,48,32,16,85,6,35,102,110,71,261,13
2016,July,7,66,New York City,380,2795,538,326,3999,3126,183,746,109,111,1110,240,197,2049,429,215,2889,2886
2016,July,7,29,Niagara,25,78,22,21,172,9,6,34,10,2,49,3,19,44,12,19,123,6
2016,July,7,30,Oneida,17,86,65,14,132,9,11,35,25,4,59,2,6,51,40,10,73,7
2016,July,7,31,Onondaga,32,198,72,52,468,10,14,86,28,8,212,3,18,112,44,44,256,7
2016,July,7,32,Ontario,11,35,17,11,67,3,6,15,6,1,28,1,5,20,11,10,39,2
2016,July,7,33,Orange,14,64,67,23,99,1,8,23,11,4,38,1,6,41,56,19,61,0
2016,July,7,34,Orleans,4,17,11,11,24,4,2,5,1,6,8,2,2,12,10,5,16,2
2016,July,7,35,Oswego,18,35,23,20,103,7,12,12,6,5,41,1,6,23,17,15,62,6
2016,July,7,36,Otsego,3,7,2,0,7,0,2,2,1,0,2,0,1,5,1,0,5,0
2016,July,7,37,Putnam,1,1,6,2,7,1,1,0,1,1,1,0,0,1,5,1,6,1
2016,July,7,38,Rensselaer,5,31,16,7,60,5,4,22,7,2,33,1,1,9,9,5,27,4
2016,July,7,39,Rockland,6,25,9,7,49,8,4,10,2,0,18,2,2,15,7,7,31,6
2016,July,7,41,Saratoga,8,4,4,2,9,0,5,1,1,1,4,0,3,3,3,1,5,0
2016,July,7,42,Schenectady,13,48,22,25,79,5,4,22,10,2,39,3,9,26,12,23,40,2
2016,July,7,43,Schoharie,0,3,0,1,3,1,0,2,0,0,2,0,0,1,0,1,1,1
2016,July,7,44,Schuyler,6,5,7,3,12,1,3,0,1,1,4,0,3,5,6,2,8,1
2016,July,7,45,Seneca,3,10,2,1,12,0,2,6,0,0,4,0,1,4,2,1,8,0
2016,July,7,46,Steuben,5,18,14,21,35,7,3,7,5,6,16,3,2,11,9,15,19,4
2016,July,7,40,St. Lawrence,12,17,10,10,62,5,6,7,3,1,25,2,6,10,7,9,37,3
2016,July,7,47,Suffolk,96,214,191,88,866,47,50,49,26,14,216,6,46,165,165,74,650,41
2016,July,7,48,Sullivan,6,15,20,16,22,1,2,5,4,4,7,1,4,10,16,12,15,0
2016,July,7,49,Tioga,4,6,6,1,6,1,2,3,0,0,1,0,2,3,6,1,5,1
2016,July,7,50,Tompkins,4,20,6,3,58,1,2,7,4,0,20,0,2,13,2,3,38,1
2016,July,7,51,Ulster,15,41,46,14,94,9,9,17,12,0,31,1,6,24,34,14,63,8
2016,July,7,52,Warren,5,9,2,2,4,1,0,4,0,1,2,0,5,5,2,1,2,1
2016,July,7,53,Washington,5,6,10,0,9,1,4,4,5,0,5,0,1,2,5,0,4,1
2016,July,7,54,Wayne,5,10,12,4,30,0,4,3,1,0,8,0,1,7,11,4,22,0
2016,July,7,55,Westchester,52,88,104,41,272,20,20,25,22,9,79,3,32,63,82,32,193,17
2016,July,7,56,Wyoming,3,3,3,0,6,2,2,1,1,0,5,0,1,2,2,0,1,2
2016,July,7,57,Yates,4,3,1,4,6,3,2,0,1,1,2,0,2,3,0,3,4,3
2016,June,6,1,Albany,19,78,68,27,135,7,14,31,18,0,51,2,5,47,50,27,84,5
2016,June,6,2,Allegany,1,11,6,3,14,1,1,5,5,0,6,0,0,6,1,3,8,1
2016,June,6,3,Broome,35,94,73,20,281,15,20,28,14,0,73,4,15,66,59,20,208,11
2016,June,6,4,Cattaraugus,11,12,10,4,32,0,7,4,2,0,12,0,4,8,8,4,20,0
2016,June,6,5,Cayuga,6,17,10,7,14,1,2,5,5,1,7,1,4,12,5,6,7,0
2016,June,6,6,Chautauqua,12,48,26,13,66,4,6,24,9,3,28,3,6,24,17,10,38,1
2016,June,6,7,Chemung,4,12,5,1,25,2,2,5,0,0,10,2,2,7,5,1,15,0
2016,June,6,8,Chenango,8,7,6,1,18,0,6,2,3,0,8,0,2,5,3,1,10,0
2016,June,6,9,Clinton,14,13,16,17,32,8,5,4,2,4,10,3,9,9,14,13,22,5
2016,June,6,10,Columbia,6,15,12,4,18,1,1,3,2,1,3,0,5,12,10,3,15,1
2016,June,6,11,Cortland,6,13,8,2,21,1,3,4,2,0,9,0,3,9,6,2,12,1
2016,June,6,12,Delaware,5,10,6,2,12,1,1,0,4,0,5,1,4,10,2,2,7,0
2016,June,6,13,Dutchess,10,22,19,43,60,0,2,5,2,2,20,0,8,17,17,41,40,0
2016,June,6,14,Erie,142,246,130,99,422,29,35,89,33,18,154,6,107,157,97,81,268,23
2016,June,6,15,Essex,1,1,1,0,3,2,1,0,0,0,2,2,0,1,1,0,1,0
2016,June,6,16,Franklin,10,18,6,20,10,3,4,4,1,6,2,0,6,14,5,14,8,3
2016,June,6,17,Fulton,8,14,5,12,16,1,5,6,2,3,10,0,3,8,3,9,6,1
2016,June,6,18,Genesee,2,8,2,6,16,2,1,1,0,2,6,0,1,7,2,4,10,2
2016,June,6,19,Greene,3,18,8,10,14,0,1,5,1,2,2,0,2,13,7,8,12,0
2016,June,6,20,Hamilton,0,1,0,0,0,0,0,1,0,0,0,0,0,0,0,0,0,0
2016,June,6,21,Herkimer,9,13,6,7,31,3,4,5,2,2,12,0,5,8,4,5,19,3
2016,June,6,22,Jefferson,13,34,16,9,61,11,7,13,3,1,10,4,6,21,13,8,51,7
2016,June,6,23,Lewis,1,1,1,0,3,0,0,1,0,0,1,0,1,0,1,0,2,0
2016,June,6,24,Livingston,7,15,2,9,25,4,4,9,0,0,9,1,3,6,2,9,16,3
2016,June,6,25,Madison,1,4,1,0,13,2,0,1,1,0,1,1,1,3,0,0,12,1
2016,June,6,26,Monroe,30,257,91,61,690,28,16,63,19,3,216,9,14,194,72,58,474,19
2016,June,6,27,Montgomery,5,21,5,10,20,3,3,13,3,2,9,0,2,8,2,8,11,3
2016,June,6,28,Nassau,82,149,149,114,378,15,31,44,20,11,75,3,51,105,129,103,303,12
2016,June,6,66,New York City,386,3469,690,401,6124,3315,187,842,142,104,1960,260,199,2627,548,297,4164,3055
2016,June,6,29,Niagara,23,62,21,19,159,3,13,21,3,1,34,1,10,41,18,18,125,2
2016,June,6,30,Oneida,28,94,80,16,129,7,12,37,20,5,58,3,16,57,60,11,71,4
2016,June,6,31,Onondaga,29,185,65,61,364,17,18,74,15,7,135,6,11,111,50,54,229,11
2016,June,6,32,Ontario,10,32,24,10,36,1,5,7,4,2,11,0,5,25,20,8,25,1
2016,June,6,33,Orange,27,60,86,9,108,3,13,13,17,4,32,0,14,47,69,5,76,3
2016,June,6,34,Orleans,9,11,5,7,27,3,6,1,1,1,2,2,3,10,4,6,25,1
2016,June,6,35,Oswego,19,21,29,18,88,9,8,7,5,1,32,1,11,14,24,17,56,8
2016,June,6,36,Otsego,1,8,5,1,1,0,1,1,1,0,1,0,0,7,4,1,0,0
2016,June,6,37,Putnam,3,6,6,1,9,0,0,3,1,0,3,0,3,3,5,1,6,0
2016,June,6,38,Rensselaer,10,49,28,11,71,4,2,30,17,5,44,1,8,19,11,6,27,3
2016,June,6,39,Rockland,5,17,16,7,44,10,1,8,6,1,19,4,4,9,10,6,25,6
2016,June,6,41,Saratoga,6,3,2,0,11,0,4,0,1,0,2,0,2,3,1,0,9,0
2016,June,6,42,Schenectady,12,44,32,27,67,7,8,15,11,5,23,3,4,29,21,22,44,4
2016,June,6,43,Schoharie,2,5,2,1,4,2,0,3,0,0,3,1,2,2,2,1,1,1
2016,June,6,44,Schuyler,2,6,1,4,14,0,0,1,1,1,6,0,2,5,0,3,8,0
2016,June,6,45,Seneca,1,4,3,0,8,3,0,3,1,0,3,1,1,1,2,0,5,2
2016,June,6,46,Steuben,5,24,16,18,26,2,1,6,5,3,9,1,4,18,11,15,17,1
2016,June,6,40,St. Lawrence,11,27,21,17,66,4,3,10,5,1,27,3,8,17,16,16,39,1
2016,June,6,47,Suffolk,101,234,152,79,924,43,41,70,31,9,199,8,60,164,121,70,725,35
2016,June,6,48,Sullivan,8,9,16,15,24,2,6,1,4,2,10,2,2,8,12,13,14,0
2016,June,6,49,Tioga,4,6,6,1,9,3,4,2,6,1,4,2,0,4,0,0,5,1
2016,June,6,50,Tompkins,9,32,3,6,48,6,3,11,0,0,11,1,6,21,3,6,37,5
2016,June,6,51,Ulster,22,36,60,6,78,5,11,13,14,0,22,2,11,23,46,6,56,3
2016,June,6,52,Warren,8,12,5,3,10,2,3,1,3,0,3,0,5,11,2,3,7,2
2016,June,6,53,Washington,6,5,8,2,10,0,4,0,1,1,5,0,2,5,7,1,5,0
2016,June,6,54,Wayne,10,21,9,4,22,3,5,8,3,1,6,0,5,13,6,3,16,3
2016,June,6,55,Westchester,38,105,103,19,339,19,18,39,13,5,127,3,20,66,90,14,212,16
2016,June,6,56,Wyoming,3,9,0,0,4,0,3,2,0,0,3,0,0,7,0,0,1,0
2016,June,6,57,Yates,1,5,2,1,4,2,0,3,2,0,1,1,1,2,0,1,3,1
2016,May,5,1,Albany,18,63,65,40,140,5,8,21,13,1,51,2,10,42,52,39,89,3
2016,May,5,2,Allegany,0,9,5,3,9,1,0,3,1,1,2,0,0,6,4,2,7,1
2016,May,5,3,Broome,22,110,61,15,277,15,10,31,16,2,75,6,12,79,45,13,202,9
2016,May,5,4,Cattaraugus,4,10,4,2,25,1,3,1,2,0,6,1,1,9,2,2,19,0
2016,May,5,5,Cayuga,7,24,6,10,23,3,4,6,3,2,12,2,3,18,3,8,11,1
2016,May,5,6,Chautauqua,14,45,31,14,82,5,4,20,11,2,32,3,10,25,20,12,50,2
2016,May,5,7,Chemung,3,11,4,1,21,3,0,4,4,0,16,0,3,7,0,1,5,3
2016,May,5,8,Chenango,4,5,5,2,18,0,1,2,1,1,6,0,3,3,4,1,12,0
2016,May,5,9,Clinton,11,15,14,13,20,3,2,2,2,3,6,0,9,13,12,10,14,3
2016,May,5,10,Columbia,5,18,20,4,27,0,2,8,7,1,9,0,3,10,13,3,18,0
2016,May,5,11,Cortland,10,19,14,2,23,2,5,6,4,0,9,0,5,13,10,2,14,2
2016,May,5,12,Delaware,5,5,4,2,9,1,3,1,0,0,5,1,2,4,4,2,4,0
2016,May,5,13,Dutchess,5,16,22,45,54,1,3,4,4,4,19,1,2,12,18,41,35,0
2016,May,5,14,Erie,107,300,133,101,416,14,40,129,41,20,165,4,67,171,92,81,251,10
2016,May,5,15,Essex,2,1,0,0,6,1,1,0,0,0,3,1,1,1,0,0,3,0
2016,May,5,16,Franklin,8,13,9,15,14,2,3,6,1,3,3,1,5,7,8,12,11,1
2016,May,5,17,Fulton,3,15,2,8,19,1,2,5,0,1,9,1,1,10,2,7,10,0
2016,May,5,18,Genesee,2,7,3,4,16,0,0,2,1,2,2,0,2,5,2,2,14,0
2016,May,5,19,Greene,9,15,7,8,19,2,5,3,2,1,4,0,4,12,5,7,15,2
2016,May,5,20,Hamilton,0,1,0,0,1,0,0,0,0,0,0,0,0,1,0,0,1,0
2016,May,5,21,Herkimer,4,13,8,8,21,1,1,3,4,0,7,0,3,10,4,8,14,1
2016,May,5,22,Jefferson,14,39,24,10,71,7,5,15,3,3,19,2,9,24,21,7,52,5
2016,May,5,23,Lewis,0,2,1,0,3,0,0,0,1,0,1,0,0,2,0,0,2,0
2016,May,5,24,Livingston,7,21,11,4,27,6,2,11,4,0,12,1,5,10,7,4,15,5
2016,May,5,25,Madison,4,3,3,3,10,3,2,1,2,1,3,2,2,2,1,2,7,1
2016,May,5,26,Monroe,35,268,81,39,668,24,19,70,15,4,194,5,16,198,66,35,474,19
2016,May,5,27,Montgomery,6,19,2,6,13,0,2,10,1,4,7,0,4,9,1,2,6,0
2016,May,5,28,Nassau,57,123,143,58,364,22,25,37,23,3,96,1,32,86,120,55,268,21
2016,May,5,66,New York City,386,4050,812,403,8057,3016,200,976,160,116,2576,241,186,3074,652,287,5481,2775
2016,May,5,29,Niagara,23,86,24,16,173,9,10,34,4,1,40,5,13,52,20,15,133,4
2016,May,5,30,Oneida,26,69,55,12,136,12,14,29,18,1,56,4,12,40,37,11,80,8
2016,May,5,31,Onondaga,34,186,69,65,406,16,13,65,19,12,139,4,21,121,50,53,267,12
2016,May,5,32,Ontario,5,26,26,9,46,3,2,6,5,3,19,0,3,20,21,6,27,3
2016,May,5,33,Orange,24,69,79,18,82,1,12,25,14,4,26,0,12,44,65,14,56,1
2016,May,5,34,Orleans,2,17,10,11,37,3,1,5,2,1,10,2,1,12,8,10,27,1
2016,May,5,35,Oswego,20,32,31,7,106,5,15,8,9,0,44,0,5,24,22,7,62,5
2016,May,5,36,Otsego,1,7,3,0,8,0,1,0,0,0,3,0,0,7,3,0,5,0
2016,May,5,37,Putnam,0,2,1,1,6,0,0,1,0,0,1,0,0,1,1,1,5,0
2016,May,5,38,Rensselaer,10,36,15,7,79,3,4,22,8,4,43,1,6,14,7,3,36,2
2016,May,5,39,Rockland,1,20,2,7,47,10,0,2,0,1,15,3,1,18,2,6,32,7
2016,May,5,41,Saratoga,4,3,2,0,5,0,2,0,0,0,1,0,2,3,2,0,4,0
2016,May,5,42,Schenectady,11,53,34,34,87,6,5,18,17,2,34,2,6,35,17,32,53,4
2016,May,5,43,Schoharie,1,5,0,0,4,4,0,3,0,0,2,0,1,2,0,0,2,4
2016,May,5,44,Schuyler,3,6,2,2,11,0,2,2,2,1,2,0,1,4,0,1,9,0
2016,May,5,45,Seneca,4,5,5,0,2,0,2,3,3,0,1,0,2,2,2,0,1,0
2016,May,5,46,Steuben,14,16,14,16,39,2,6,4,2,4,13,0,8,12,12,12,26,2
2016,May,5,40,St. Lawrence,14,31,17,7,45,5,5,14,2,0,21,1,9,17,15,7,24,4
2016,May,5,47,Suffolk,115,203,194,76,966,25,44,51,32,13,243,6,71,152,162,63,723,19
2016,May,5,48,Sullivan,4,19,16,13,19,2,4,10,3,2,4,1,0,9,13,11,15,1
2016,May,5,49,Tioga,7,8,3,0,11,0,3,2,1,0,4,0,4,6,2,0,7,0
2016,May,5,50,Tompkins,8,24,12,2,49,2,3,5,1,0,12,0,5,19,11,2,37,2
2016,May,5,51,Ulster,20,44,46,6,94,14,10,23,11,0,33,6,10,21,35,6,61,8
2016,May,5,52,Warren,5,11,5,3,10,0,2,1,1,0,7,0,3,10,4,3,3,0
2016,May,5,53,Washington,9,16,13,2,8,1,5,5,3,1,3,1,4,11,10,1,5,0
2016,May,5,54,Wayne,7,9,6,12,37,2,2,1,1,1,12,1,5,8,5,11,25,1
2016,May,5,55,Westchester,35,106,92,27,259,12,8,35,21,4,85,2,27,71,71,23,174,10
2016,May,5,56,Wyoming,6,8,2,0,2,1,3,0,1,0,0,1,3,8,1,0,2,0
2016,May,5,57,Yates,2,1,4,0,4,2,2,0,2,0,2,1,0,1,2,0,2,1
2016,April,4,1,Albany,18,70,45,37,159,8,10,21,7,3,64,3,8,49,38,34,95,5
2016,April,4,2,Allegany,2,9,3,1,11,1,2,4,0,1,6,1,0,5,3,0,5,0
2016,April,4,3,Broome,26,94,57,15,260,24,13,31,16,1,69,7,13,63,41,14,191,17
2016,April,4,4,Cattaraugus,7,13,6,6,23,1,3,4,1,2,7,0,4,9,5,4,16,1
2016,April,4,5,Cayuga,8,31,11,7,23,3,7,11,3,0,11,1,1,20,8,7,12,2
2016,April,4,6,Chautauqua,10,61,22,22,58,4,5,21,9,2,15,2,5,40,13,20,43,2
2016,April,4,7,Chemung,3,7,6,2,36,3,3,2,3,0,18,2,0,5,3,2,18,1
2016,April,4,8,Chenango,4,14,5,2,25,2,1,4,1,0,9,0,3,10,4,2,16,2
2016,April,4,9,Clinton,18,22,20,18,32,7,10,7,1,3,13,4,8,15,19,15,19,3
2016,April,4,10,Columbia,2,13,19,1,29,3,0,5,3,0,17,1,2,8,16,1,12,2
2016,April,4,11,Cortland,9,18,7,4,20,3,6,3,3,1,6,2,3,15,4,3,14,1
2016,April,4,12,Delaware,2,4,3,3,11,0,2,1,2,0,5,0,0,3,1,3,6,0
2016,April,4,13,Dutchess,6,24,23,36,82,6,2,10,4,2,27,0,4,14,19,34,55,6
2016,April,4,14,Erie,149,219,118,113,400,23,37,94,41,31,149,4,112,125,77,82,251,19
2016,April,4,15,Essex,0,2,2,1,3,0,0,1,0,0,1,0,0,1,2,1,2,0
2016,April,4,16,Franklin,3,12,8,17,17,0,2,4,3,2,4,0,1,8,5,15,13,0
2016,April,4,17,Fulton,6,11,7,7,15,2,4,3,3,2,9,2,2,8,4,5,6,0
2016,April,4,18,Genesee,4,5,5,3,13,3,1,4,2,0,5,0,3,1,3,3,8,3
2016,April,4,19,Greene,7,14,12,10,10,0,1,9,3,0,2,0,6,5,9,10,8,0
2016,April,4,20,Hamilton,0,0,1,0,0,0,0,0,1,0,0,0,0,0,0,0,0,0
2016,April,4,21,Herkimer,5,12,6,9,9,0,0,5,4,5,3,0,5,7,2,4,6,0
2016,April,4,22,Jefferson,13,29,13,16,51,4,8,6,2,2,14,2,5,23,11,14,37,2
2016,April,4,23,Lewis,0,1,2,0,4,1,0,1,0,0,3,0,0,0,2,0,1,1
2016,April,4,24,Livingston,6,22,16,4,18,9,3,5,7,0,5,4,3,17,9,4,13,5
2016,April,4,25,Madison,2,11,2,1,14,2,1,3,1,1,1,1,1,8,1,0,13,1
2016,April,4,26,Monroe,29,258,87,59,713,18,14,88,29,10,230,5,15,170,58,49,483,13
2016,April,4,27,Montgomery,6,19,9,6,28,0,5,10,3,1,14,0,1,9,6,5,14,0
2016,April,4,28,Nassau,59,133,147,46,372,24,27,32,35,8,83,7,32,101,112,38,289,17
2016,April,4,66,New York City,391,3016,551,353,4369,3062,203,766,86,87,1330,282,188,2250,465,266,3039,2780
2016,April,4,29,Niagara,27,60,20,18,173,5,14,25,3,2,46,1,13,35,17,16,127,4
2016,April,4,30,Oneida,23,64,54,11,152,7,14,31,28,1,55,0,9,33,26,10,97,7
2016,April,4,31,Onondaga,21,197,86,49,413,12,14,68,29,12,191,5,7,129,57,37,222,7
2016,April,4,32,Ontario,7,27,25,12,34,3,4,6,6,0,8,1,3,21,19,12,26,2
2016,April,4,33,Orange,12,52,82,12,101,5,7,21,18,2,27,1,5,31,64,10,74,4
2016,April,4,34,Orleans,8,17,10,11,42,1,7,6,3,1,7,0,1,11,7,10,35,1
2016,April,4,35,Oswego,14,37,24,18,103,6,10,13,7,1,52,1,4,24,17,17,51,5
2016,April,4,36,Otsego,5,8,6,1,5,0,1,3,2,0,1,0,4,5,4,1,4,0
2016,April,4,37,Putnam,2,4,3,2,5,2,1,2,1,0,1,0,1,2,2,2,4,2
2016,April,4,38,Rensselaer,9,30,18,6,72,6,7,17,10,3,42,3,2,13,8,3,30,3
2016,April,4,39,Rockland,5,27,3,17,53,3,1,8,1,2,14,2,4,19,2,15,39,1
2016,April,4,41,Saratoga,3,4,0,0,20,0,3,0,0,0,9,0,0,4,0,0,11,0
2016,April,4,42,Schenectady,10,52,35,38,77,10,2,20,14,3,28,5,8,32,21,35,49,5
2016,April,4,43,Schoharie,1,4,1,0,5,1,0,3,0,0,1,0,1,1,1,0,4,1
2016,April,4,44,Schuyler,2,8,5,4,14,2,1,1,2,0,5,1,1,7,3,4,9,1
2016,April,4,45,Seneca,5,10,4,0,5,0,2,1,1,0,1,0,3,9,3,0,4,0
2016,April,4,46,Steuben,7,22,18,16,35,2,2,8,4,4,14,0,5,14,14,12,21,2
2016,April,4,40,St. Lawrence,12,19,16,15,64,4,6,12,2,4,30,0,6,7,14,11,34,4
2016,April,4,47,Suffolk,126,181,170,95,934,31,50,48,28,14,230,6,76,133,142,81,704,25
2016,April,4,48,Sullivan,7,7,23,12,25,2,6,1,7,4,11,1,1,6,16,8,14,1
2016,April,4,49,Tioga,3,7,8,0,14,0,3,3,5,0,8,0,0,4,3,0,6,0
2016,April,4,50,Tompkins,7,16,8,3,51,3,3,5,2,0,16,0,4,11,6,3,35,3
2016,April,4,51,Ulster,23,34,52,6,79,12,7,11,11,2,28,3,16,23,41,4,51,9
2016,April,4,52,Warren,5,9,6,6,9,1,3,2,2,2,2,1,2,7,4,4,7,0
2016,April,4,53,Washington,5,6,7,5,14,2,3,1,1,1,4,1,2,5,6,4,10,1
2016,April,4,54,Wayne,4,21,9,4,24,1,2,7,2,0,8,1,2,14,7,4,16,0
2016,April,4,55,Westchester,42,122,89,37,221,14,14,40,15,1,75,2,28,82,74,36,146,12
2016,April,4,56,Wyoming,2,6,8,0,5,0,2,2,3,0,1,0,0,4,5,0,4,0
2016,April,4,57,Yates,0,6,4,0,7,2,0,2,2,0,3,1,0,4,2,0,4,1
2016,March,3,1,Albany,20,76,56,35,165,9,10,23,16,2,61,1,10,53,40,33,104,8
2016,March,3,2,Allegany,2,11,4,4,14,1,1,5,4,1,8,1,1,6,0,3,6,0
2016,March,3,3,Broome,33,94,41,17,298,15,21,25,10,3,86,2,12,69,31,14,212,13
2016,March,3,4,Cattaraugus,4,15,15,10,25,2,3,3,5,3,5,1,1,12,10,7,20,1
2016,March,3,5,Cayuga,9,18,10,5,24,3,4,1,3,2,10,1,5,17,7,3,14,2
2016,March,3,6,Chautauqua,20,51,27,20,79,7,15,26,12,9,32,6,5,25,15,11,47,1
2016,March,3,7,Chemung,5,5,7,2,35,5,1,3,5,0,18,2,4,2,2,2,17,3
2016,March,3,8,Chenango,5,11,3,0,26,1,2,4,3,0,9,0,3,7,0,0,17,1
2016,March,3,9,Clinton,14,19,19,14,35,7,6,8,2,3,12,4,8,11,17,11,23,3
2016,March,3,10,Columbia,7,10,14,5,29,2,3,3,5,0,10,0,4,7,9,5,19,2
2016,March,3,11,Cortland,4,19,11,2,16,1,3,9,6,0,5,0,1,10,5,2,11,1
2016,March,3,12,Delaware,2,3,4,3,12,1,1,1,0,0,5,0,1,2,4,3,7,1
2016,March,3,13,Dutchess,12,15,20,18,95,7,5,4,4,3,33,1,7,11,16,15,62,6
2016,March,3,14,Erie,149,274,119,143,471,30,52,109,37,27,191,10,97,165,82,116,280,20
2016,March,3,15,Essex,1,1,1,0,6,0,1,0,0,0,1,0,0,1,1,0,5,0
2016,March,3,16,Franklin,7,23,9,12,19,4,3,8,3,1,4,1,4,15,6,11,15,3
2016,March,3,17,Fulton,3,15,0,14,9,2,2,4,0,4,7,2,1,11,0,10,2,0
2016,March,3,18,Genesee,4,6,4,7,19,1,3,2,1,1,5,1,1,4,3,6,14,0
2016,March,3,19,Greene,5,13,3,8,15,0,2,6,0,1,5,0,3,7,3,7,10,0
2016,March,3,20,Hamilton,0,0,0,0,1,0,0,0,0,0,0,0,0,0,0,0,1,0
2016,March,3,21,Herkimer,7,6,12,6,23,2,3,2,3,0,4,0,4,4,9,6,19,2
2016,March,3,22,Jefferson,13,30,9,17,75,5,8,11,2,3,18,1,5,19,7,14,57,4
2016,March,3,23,Lewis,3,0,0,0,6,0,2,0,0,0,5,0,1,0,0,0,1,0
2016,March,3,24,Livingston,4,29,14,0,17,1,1,9,4,0,5,0,3,20,10,0,12,1
2016,March,3,25,Madison,7,7,1,2,8,1,2,1,0,0,4,0,5,6,1,2,4,1
2016,March,3,26,Monroe,36,264,99,64,723,27,20,81,25,9,261,9,16,183,74,55,462,18
2016,March,3,27,Montgomery,9,9,11,7,22,0,8,2,4,2,7,0,1,7,7,5,15,0
2016,March,3,28,Nassau,65,120,166,55,315,12,32,30,25,7,70,3,33,90,141,48,245,9
2016,March,3,66,New York City,432,3660,636,424,8169,3322,230,919,120,99,2756,259,202,2741,516,325,5413,3063
2016,March,3,29,Niagara,19,70,22,12,171,8,10,25,2,1,46,3,9,45,20,11,125,5
2016,March,3,30,Oneida,25,61,48,22,150,4,13,26,13,3,62,0,12,35,35,19,88,4
2016,March,3,31,Onondaga,28,158,68,50,397,26,11,55,28,11,171,7,17,103,40,39,226,19
2016,March,3,32,Ontario,18,21,26,14,38,3,8,6,2,1,16,1,10,15,24,13,22,2
2016,March,3,33,Orange,22,61,77,10,119,7,6,27,15,3,45,3,16,34,62,7,74,4
2016,March,3,34,Orleans,4,18,9,9,32,5,2,7,5,1,4,0,2,11,4,8,28,5
2016,March,3,35,Oswego,24,32,29,20,185,8,8,15,9,2,74,3,16,17,20,18,111,5
2016,March,3,36,Otsego,3,3,2,0,4,0,1,0,0,0,2,0,2,3,2,0,2,0
2016,March,3,37,Putnam,0,8,2,0,4,0,0,2,2,0,2,0,0,6,0,0,2,0
2016,March,3,38,Rensselaer,13,51,15,7,69,9,8,28,9,5,41,3,5,23,6,2,28,6
2016,March,3,39,Rockland,7,23,8,7,42,3,4,6,4,2,13,1,3,17,4,5,29,2
2016,March,3,41,Saratoga,5,7,3,0,9,0,1,3,2,0,5,0,4,4,1,0,4,0
2016,March,3,42,Schenectady,12,49,25,49,106,14,7,17,6,3,45,6,5,32,19,46,61,8
2016,March,3,43,Schoharie,2,5,2,0,11,1,1,1,1,0,6,1,1,4,1,0,5,0
2016,March,3,44,Schuyler,2,5,3,2,11,1,2,3,1,0,4,1,0,2,2,2,7,0
2016,March,3,45,Seneca,4,4,5,0,1,1,3,3,2,0,0,0,1,1,3,0,1,1
2016,March,3,46,Steuben,11,22,8,18,51,1,3,9,3,2,14,1,8,13,5,16,37,0
2016,March,3,40,St. Lawrence,6,23,13,14,55,2,3,8,3,1,22,1,3,15,10,13,33,1
2016,March,3,47,Suffolk,139,172,174,65,1107,27,67,52,41,4,242,10,72,120,133,61,865,17
2016,March,3,48,Sullivan,5,8,17,8,17,3,1,3,2,2,7,0,4,5,15,6,10,3
2016,March,3,49,Tioga,7,5,9,0,6,0,3,1,2,0,2,0,4,4,7,0,4,0
2016,March,3,50,Tompkins,9,20,13,5,35,3,4,4,4,1,8,2,5,16,9,4,27,1
2016,March,3,51,Ulster,21,36,68,5,82,19,6,13,14,0,30,7,15,23,54,5,52,12
2016,March,3,52,Warren,8,13,5,2,12,0,6,3,1,0,6,0,2,10,4,2,6,0
2016,March,3,53,Washington,15,4,9,7,17,3,8,0,1,2,5,2,7,4,8,5,12,1
2016,March,3,54,Wayne,9,12,2,2,25,2,3,2,0,0,6,0,6,10,2,2,19,2
2016,March,3,55,Westchester,59,147,100,33,325,17,20,47,16,2,99,5,39,100,84,31,226,12
2016,March,3,56,Wyoming,2,6,2,0,1,1,2,1,1,0,1,0,0,5,1,0,0,1
2016,March,3,57,Yates,4,4,4,2,9,0,3,1,0,0,5,0,1,3,4,2,4,0
2016,February,2,1,Albany,23,81,71,15,152,10,11,28,16,2,42,3,12,53,55,13,110,7
2016,February,2,2,Allegany,2,11,6,3,11,3,2,3,3,0,5,0,0,8,3,3,6,3
2016,February,2,3,Broome,23,82,63,22,321,28,8,28,20,2,92,10,15,54,43,20,229,18
2016,February,2,4,Cattaraugus,9,16,8,9,22,1,4,5,3,3,4,1,5,11,5,6,18,0
2016,February,2,5,Cayuga,14,17,8,6,20,5,8,3,1,1,5,0,6,14,7,5,15,5
2016,February,2,6,Chautauqua,7,34,30,17,78,9,3,16,11,8,37,3,4,18,19,9,41,6
2016,February,2,7,Chemung,3,11,6,3,28,4,2,5,1,1,16,1,1,6,5,2,12,3
2016,February,2,8,Chenango,4,6,7,1,23,2,4,3,1,0,10,1,0,3,6,1,13,1
2016,February,2,9,Clinton,9,14,10,10,35,9,4,6,2,0,10,3,5,8,8,10,25,6
2016,February,2,10,Columbia,9,12,14,2,25,1,5,3,2,0,8,0,4,9,12,2,17,1
2016,February,2,11,Cortland,12,19,9,2,26,3,6,5,3,0,13,1,6,14,6,2,13,2
2016,February,2,12,Delaware,3,7,6,0,9,1,1,3,1,0,4,0,2,4,5,0,5,1
2016,February,2,13,Dutchess,13,23,17,24,59,1,5,6,3,5,24,0,8,17,14,19,35,1
2016,February,2,14,Erie,137,204,101,116,420,22,45,96,39,25,162,7,92,108,62,91,258,15
2016,February,2,15,Essex,1,1,1,1,3,0,0,0,0,0,2,0,1,1,1,1,1,0
2016,February,2,16,Franklin,7,20,9,11,9,1,3,4,3,4,3,0,4,16,6,7,6,1
2016,February,2,17,Fulton,15,14,0,17,19,1,8,5,0,7,16,0,7,9,0,10,3,1
2016,February,2,18,Genesee,0,7,7,6,11,1,0,0,0,2,5,0,0,7,7,4,6,1
2016,February,2,19,Greene,5,15,8,8,13,2,1,4,2,2,8,0,4,11,6,6,5,2
2016,February,2,20,Hamilton,0,2,0,0,4,0,0,0,0,0,1,0,0,2,0,0,3,0
2016,February,2,21,Herkimer,4,13,6,8,27,1,3,3,1,2,13,0,1,10,5,6,14,1
2016,February,2,22,Jefferson,19,26,15,17,48,6,10,2,3,1,12,3,9,24,12,16,36,3
2016,February,2,23,Lewis,1,1,0,3,4,0,1,1,0,0,2,0,0,0,0,3,2,0
2016,February,2,24,Livingston,2,20,7,6,13,3,0,7,3,1,6,1,2,13,4,5,7,2
2016,February,2,25,Madison,7,4,7,1,6,2,3,1,3,0,2,0,4,3,4,1,4,2
2016,February,2,26,Monroe,38,250,82,75,693,13,17,72,21,7,245,4,21,178,61,68,448,9
2016,February,2,27,Montgomery,5,5,4,12,28,3,4,1,0,1,12,2,1,4,4,11,16,1
2016,February,2,28,Nassau,79,134,141,53,364,8,31,34,31,3,85,2,48,100,110,50,279,6
2016,February,2,66,New York City,388,3499,600,433,6881,3259,215,886,102,116,2239,214,173,2613,498,317,4642,3045
2016,February,2,29,Niagara,20,42,21,11,131,16,11,12,0,3,33,3,9,30,21,8,98,13
2016,February,2,30,Oneida,21,78,47,16,136,4,13,37,11,5,66,2,8,41,36,11,70,2
2016,February,2,31,Onondaga,36,125,71,63,437,18,22,58,22,8,156,5,14,67,49,55,281,13
2016,February,2,32,Ontario,18,27,27,7,31,2,9,9,6,3,7,2,9,18,21,4,24,0
2016,February,2,33,Orange,22,65,53,17,125,4,10,21,10,3,37,0,12,44,43,14,88,4
2016,February,2,34,Orleans,4,9,8,10,20,3,2,4,3,2,7,0,2,5,5,8,13,3
2016,February,2,35,Oswego,17,29,23,17,121,14,6,15,5,5,45,3,11,14,18,12,76,11
2016,February,2,36,Otsego,1,8,2,0,2,0,0,3,2,0,1,0,1,5,0,0,1,0
2016,February,2,37,Putnam,1,2,4,4,5,0,0,0,2,0,1,0,1,2,2,4,4,0
2016,February,2,38,Rensselaer,19,36,27,1,60,3,13,28,16,1,36,1,6,8,11,0,24,2
2016,February,2,39,Rockland,8,24,8,9,55,4,4,11,2,1,18,1,4,13,6,8,37,3
2016,February,2,41,Saratoga,7,6,0,0,5,0,5,1,0,0,0,0,2,5,0,0,5,0
2016,February,2,42,Schenectady,11,61,34,37,114,8,8,20,14,5,37,3,3,41,20,32,77,5
2016,February,2,43,Schoharie,1,3,1,0,9,2,0,0,0,0,3,1,1,3,1,0,6,1
2016,February,2,44,Schuyler,3,7,2,1,12,0,2,4,0,0,7,0,1,3,2,1,5,0
2016,February,2,45,Seneca,3,5,5,1,5,1,3,2,0,1,3,1,0,3,5,0,2,0
2016,February,2,46,Steuben,15,23,13,20,31,1,6,8,4,5,13,0,9,15,9,15,18,1
2016,February,2,40,St. Lawrence,11,20,6,23,68,3,6,3,2,1,24,1,5,17,4,22,44,2
2016,February,2,47,Suffolk,130,202,129,66,966,38,62,61,26,8,232,5,68,141,103,58,734,33
2016,February,2,48,Sullivan,3,13,24,19,21,3,2,3,6,2,13,2,1,10,18,17,8,1
2016,February,2,49,Tioga,4,3,7,2,10,3,2,0,3,0,5,2,2,3,4,2,5,1
2016,February,2,50,Tompkins,6,8,9,4,28,2,3,2,4,0,8,0,3,6,5,4,20,2
2016,February,2,51,Ulster,23,41,62,8,108,5,11,13,22,1,39,3,12,28,40,7,69,2
2016,February,2,52,Warren,2,12,4,4,12,0,2,2,0,3,5,0,0,10,4,1,7,0
2016,February,2,53,Washington,13,6,11,14,15,0,4,5,5,4,7,0,9,1,6,10,8,0
2016,February,2,54,Wayne,10,14,6,1,18,1,7,4,2,0,10,1,3,10,4,1,8,0
2016,February,2,55,Westchester,46,123,90,49,347,11,15,41,11,4,128,3,31,82,79,45,219,8
2016,February,2,56,Wyoming,3,4,0,0,6,1,1,2,0,0,2,0,2,2,0,0,4,1
2016,February,2,57,Yates,3,5,4,3,4,0,3,0,0,0,2,0,0,5,4,3,2,0
2016,January,1,1,Albany,22,78,94,22,158,8,13,26,21,2,56,2,9,52,73,20,102,6
2016,January,1,2,Allegany,2,3,5,1,14,0,0,1,2,0,5,0,2,2,3,1,9,0
2016,January,1,3,Broome,21,76,52,12,251,19,9,19,20,2,56,7,12,57,32,10,195,12
2016,January,1,4,Cattaraugus,6,4,6,9,14,1,4,1,0,1,3,1,2,3,6,8,11,0
2016,January,1,5,Cayuga,9,12,14,6,16,3,3,5,6,4,6,0,6,7,8,2,10,3
2016,January,1,6,Chautauqua,9,34,29,9,63,2,3,15,10,3,26,0,6,19,19,6,37,2
2016,January,1,7,Chemung,6,3,8,8,28,1,6,0,3,2,14,0,0,3,5,6,14,1
2016,January,1,8,Chenango,4,8,4,1,10,1,2,1,1,0,9,1,2,7,3,1,1,0
2016,January,1,9,Clinton,10,16,23,11,29,7,4,4,2,6,5,0,6,12,21,5,24,7
2016,January,1,10,Columbia,7,13,8,3,23,1,2,4,2,0,10,0,5,9,6,3,13,1
2016,January,1,11,Cortland,5,20,11,2,17,1,0,8,3,0,6,1,5,12,8,2,11,0
2016,January,1,12,Delaware,5,5,5,3,19,2,1,3,2,0,8,1,4,2,3,3,11,1
2016,January,1,13,Dutchess,12,20,22,14,78,6,2,6,4,2,29,0,10,14,18,12,49,6
2016,January,1,14,Erie,129,240,128,101,384,21,28,101,40,20,136,4,101,139,88,81,248,17
2016,January,1,15,Essex,0,1,3,2,8,0,0,0,1,0,5,0,0,1,2,2,3,0
2016,January,1,16,Franklin,3,16,9,15,12,2,1,7,2,2,4,1,2,9,7,13,8,1
2016,January,1,17,Fulton,4,5,2,14,18,1,2,1,1,5,11,0,2,4,1,9,7,1
2016,January,1,18,Genesee,4,8,5,6,13,2,3,5,2,1,5,1,1,3,3,5,8,1
2016,January,1,19,Greene,3,15,3,14,16,0,2,4,0,5,3,0,1,11,3,9,13,0
2016,January,1,20,Hamilton,1,0,0,0,0,0,1,0,0,0,0,0,0,0,0,0,0,0
2016,January,1,21,Herkimer,3,6,1,8,28,1,2,2,0,1,9,0,1,4,1,7,19,1
2016,January,1,22,Jefferson,17,24,10,18,66,7,8,9,2,3,14,5,9,15,8,15,52,2
2016,January,1,23,Lewis,0,0,1,0,1,0,0,0,1,0,1,0,0,0,0,0,0,0
2016,January,1,24,Livingston,10,16,5,2,21,5,7,7,3,0,4,1,3,9,2,2,17,4
2016,January,1,25,Madison,2,6,2,2,16,1,1,2,2,0,9,0,1,4,0,2,7,1
2016,January,1,26,Monroe,28,191,77,68,694,18,15,68,20,5,240,3,13,123,57,63,454,15
2016,January,1,27,Montgomery,3,14,7,8,19,1,2,6,3,2,9,0,1,8,4,6,10,1
2016,January,1,28,Nassau,58,135,137,70,342,13,24,49,23,5,89,3,34,86,114,65,253,10
2016,January,1,66,New York City,344,2497,518,422,3649,2522,181,679,79,104,1256,198,163,1818,439,318,2393,2324
2016,January,1,29,Niagara,20,60,23,7,156,15,10,19,9,0,39,4,10,41,14,7,117,11
2016,January,1,30,Oneida,16,56,41,18,119,6,6,23,16,2,47,1,10,33,25,16,72,5
2016,January,1,31,Onondaga,24,160,67,69,425,13,10,61,17,11,172,6,14,99,50,58,253,7
2016,January,1,32,Ontario,7,19,16,10,35,3,2,5,4,1,13,3,5,14,12,9,22,0
2016,January,1,33,Orange,16,51,71,22,98,11,9,14,12,9,35,3,7,37,59,13,63,8
2016,January,1,34,Orleans,1,16,9,10,37,1,1,6,0,3,14,0,0,10,9,7,23,1
2016,January,1,35,Oswego,15,15,21,12,123,13,8,5,7,3,44,4,7,10,14,9,79,9
2016,January,1,36,Otsego,0,4,2,2,4,0,0,0,1,0,1,0,0,4,1,2,3,0
2016,January,1,37,Putnam,0,2,0,2,2,0,0,0,0,0,0,0,0,2,0,2,2,0
2016,January,1,38,Rensselaer,9,45,21,4,50,8,4,30,12,3,27,1,5,15,9,1,23,7
2016,January,1,39,Rockland,4,22,10,9,64,9,2,5,5,2,23,2,2,17,5,7,41,7
2016,January,1,41,Saratoga,5,6,2,0,11,0,1,0,2,0,5,0,4,6,0,0,6,0
2016,January,1,42,Schenectady,14,46,27,40,87,9,4,18,13,2,38,4,10,28,14,38,49,5
2016,January,1,43,Schoharie,5,4,0,0,1,2,2,2,0,0,1,0,3,2,0,0,0,2
2016,January,1,44,Schuyler,3,3,4,3,11,1,2,0,3,2,3,0,1,3,1,1,8,1
2016,January,1,45,Seneca,3,4,7,3,2,0,2,1,3,1,1,0,1,3,4,2,1,0
2016,January,1,46,Steuben,9,20,11,23,37,1,6,6,3,8,16,0,3,14,8,15,21,1
2016,January,1,40,St. Lawrence,9,18,11,3,54,1,3,6,5,1,22,0,6,12,6,2,32,1
2016,January,1,47,Suffolk,190,195,140,59,933,43,98,57,25,7,242,11,92,138,115,52,691,32
2016,January,1,48,Sullivan,4,11,14,15,13,1,3,4,1,3,4,0,1,7,13,12,9,1
2016,January,1,49,Tioga,3,6,8,1,13,0,3,1,2,0,9,0,0,5,6,1,4,0
2016,January,1,50,Tompkins,6,13,6,3,38,4,4,5,3,0,11,2,2,8,3,3,27,2
2016,January,1,51,Ulster,14,38,65,12,95,7,7,15,11,3,32,3,7,23,54,9,63,4
2016,January,1,52,Warren,7,6,5,3,4,0,3,1,1,0,0,0,4,5,4,3,4,0
2016,January,1,53,Washington,11,2,4,4,14,1,5,0,1,4,8,1,6,2,3,0,6,0
2016,January,1,54,Wayne,5,13,4,2,34,1,3,5,2,1,14,0,2,8,2,1,20,1
2016,January,1,55,Westchester,36,148,105,46,342,17,16,47,27,6,110,4,20,101,78,40,232,13
2016,January,1,56,Wyoming,0,2,5,0,6,0,0,1,2,0,3,0,0,1,3,0,3,0
2016,January,1,57,Yates,0,3,10,2,1,2,0,1,3,1,0,2,0,2,7,1,1,0
2015,December,12,1,Albany,23,76,76,23,162,4,13,32,23,0,72,1,10,44,53,23,90,3
2015,December,12,2,Allegany,5,5,2,3,10,0,3,0,2,0,5,0,2,5,0,3,5,0
2015,December,12,3,Broome,25,81,66,19,267,18,17,21,14,1,68,5,8,60,52,18,199,13
2015,December,12,4,Cattaraugus,9,15,6,6,25,3,7,5,2,1,7,0,2,10,4,5,18,3
2015,December,12,5,Cayuga,6,15,5,5,14,1,4,9,2,2,6,0,2,6,3,3,8,1
2015,December,12,6,Chautauqua,16,39,22,5,89,6,9,15,6,3,43,2,7,24,16,2,46,4
2015,December,12,7,Chemung,1,10,6,6,26,3,1,6,3,1,11,0,0,4,3,5,15,3
2015,December,12,8,Chenango,2,6,3,8,15,2,1,3,2,2,9,0,1,3,1,6,6,2
2015,December,12,9,Clinton,5,19,16,17,36,16,2,3,4,8,13,4,3,16,12,9,23,12
2015,December,12,10,Columbia,1,11,3,3,22,3,0,4,1,0,8,0,1,7,2,3,14,3
2015,December,12,11,Cortland,3,13,12,0,12,3,1,6,2,0,4,1,2,7,10,0,8,2
2015,December,12,12,Delaware,6,7,6,4,7,0,5,4,1,3,5,0,1,3,5,1,2,0
2015,December,12,13,Dutchess,11,25,21,11,58,11,5,12,6,2,18,0,6,13,15,9,40,11
2015,December,12,14,Erie,131,262,98,111,441,32,41,110,35,23,168,8,90,152,63,88,273,24
2015,December,12,15,Essex,0,1,2,1,4,0,0,0,2,0,1,0,0,1,0,1,3,0
2015,December,12,16,Franklin,7,9,9,24,18,3,1,3,2,5,6,2,6,6,7,19,12,1
2015,December,12,17,Fulton,4,10,2,13,21,3,2,4,1,4,11,1,2,6,1,9,10,2
2015,December,12,18,Genesee,4,6,4,3,11,2,0,1,1,1,1,1,4,5,3,2,10,1
2015,December,12,19,Greene,2,13,5,8,23,1,1,3,2,0,8,0,1,10,3,8,15,1
2015,December,12,20,Hamilton,0,0,0,0,0,0,0,0,0,0,0,0,0,0,0,0,0,0
2015,December,12,21,Herkimer,5,7,2,12,31,2,3,5,1,1,11,1,2,2,1,11,20,1
2015,December,12,22,Jefferson,6,33,19,13,55,3,2,11,4,1,14,0,4,22,15,12,41,3
2015,December,12,23,Lewis,0,0,1,2,3,1,0,0,0,0,1,0,0,0,1,2,2,1
2015,December,12,24,Livingston,3,16,14,2,27,4,0,8,1,0,9,2,3,8,13,2,18,2
2015,December,12,25,Madison,4,2,2,2,11,2,4,2,2,0,6,1,0,0,0,2,5,1
2015,December,12,26,Monroe,28,275,83,66,741,14,17,83,30,4,249,5,11,192,53,62,492,9
2015,December,12,27,Montgomery,7,21,13,8,21,0,4,11,2,2,10,0,3,10,11,6,11,0
2015,December,12,28,Nassau,71,148,123,74,351,21,30,51,13,9,95,7,41,97,110,65,256,14
2015,December,12,66,New York City,400,3734,644,966,7056,3245,231,999,100,143,2492,227,169,2735,544,823,4564,3018
2015,December,12,29,Niagara,14,53,17,16,185,4,5,17,5,2,39,1,9,36,12,14,146,3
2015,December,12,30,Oneida,27,63,66,14,149,2,13,24,27,4,66,1,14,39,39,10,83,1
2015,December,12,31,Onondaga,38,173,65,65,440,20,23,74,20,7,166,8,15,99,45,58,274,12
2015,December,12,32,Ontario,7,20,18,11,43,4,5,8,7,1,10,0,2,12,11,10,33,4
2015,December,12,33,Orange,25,60,71,11,121,8,13,18,12,2,39,2,12,42,59,9,82,6
2015,December,12,34,Orleans,1,15,17,13,29,5,0,9,3,5,7,3,1,6,14,8,22,2
2015,December,12,35,Oswego,17,25,10,11,113,10,9,10,4,3,42,2,8,15,6,8,71,8
2015,December,12,36,Otsego,2,1,0,1,6,0,1,0,0,0,2,0,1,1,0,1,4,0
2015,December,12,37,Putnam,1,2,2,0,5,0,0,0,0,0,1,0,1,2,2,0,4,0
2015,December,12,38,Rensselaer,10,44,21,7,47,8,7,25,15,5,33,3,3,19,6,2,14,5
2015,December,12,39,Rockland,4,19,13,5,51,1,0,7,6,0,14,0,4,12,7,5,37,1
2015,December,12,41,Saratoga,9,7,3,0,11,0,5,2,2,0,6,0,4,5,1,0,5,0
2015,December,12,42,Schenectady,8,54,24,22,105,12,4,25,10,3,47,5,4,29,14,19,58,7
2015,December,12,43,Schoharie,1,2,2,0,7,1,0,2,1,0,4,0,1,0,1,0,3,1
2015,December,12,44,Schuyler,1,3,5,2,7,1,1,0,2,1,2,0,0,3,3,1,5,1
2015,December,12,45,Seneca,2,7,3,1,5,0,2,5,0,1,1,0,0,2,3,0,4,0
2015,December,12,46,Steuben,10,26,11,19,45,3,3,5,3,3,16,1,7,21,8,16,29,2
2015,December,12,40,St. Lawrence,13,24,12,19,70,6,8,7,2,2,25,3,5,17,10,17,45,3
2015,December,12,47,Suffolk,136,205,161,93,1076,38,58,67,30,10,242,7,78,138,131,83,834,31
2015,December,12,48,Sullivan,3,12,10,13,27,1,2,3,2,2,8,1,1,9,8,11,19,0
2015,December,12,49,Tioga,7,13,6,2,11,0,1,4,3,1,3,0,6,9,3,1,8,0
2015,December,12,50,Tompkins,0,16,9,5,25,3,0,4,2,0,8,1,0,12,7,5,17,2
2015,December,12,51,Ulster,17,49,67,20,83,23,6,21,21,0,21,8,11,28,46,20,62,15
2015,December,12,52,Warren,1,8,4,1,8,2,0,1,1,1,1,0,1,7,3,0,7,2
2015,December,12,53,Washington,2,4,2,8,11,2,2,2,2,2,2,0,0,2,0,6,9,2
2015,December,12,54,Wayne,7,7,5,1,21,0,5,4,1,0,7,0,2,3,4,1,14,0
2015,December,12,55,Westchester,47,144,89,26,269,15,23,48,14,6,94,3,24,96,75,20,175,12
2015,December,12,56,Wyoming,2,1,4,0,2,0,2,0,2,0,2,0,0,1,2,0,0,0
2015,December,12,57,Yates,3,9,3,0,5,0,3,4,0,0,2,0,0,5,3,0,3,0
2015,November,11,1,Albany,18,80,66,21,130,11,10,29,19,3,58,3,8,51,47,18,72,8
2015,November,11,2,Allegany,2,14,4,3,15,1,2,4,1,0,8,0,0,10,3,3,7,1
2015,November,11,3,Broome,25,93,53,11,320,11,12,36,11,0,102,4,13,57,42,11,218,7
2015,November,11,4,Cattaraugus,6,12,7,4,23,1,4,3,1,1,13,0,2,9,6,3,10,1
2015,November,11,5,Cayuga,5,21,9,7,18,1,2,8,3,0,3,1,3,13,6,7,15,0
2015,November,11,6,Chautauqua,12,53,38,7,81,6,7,17,11,1,30,3,5,36,27,6,51,3
2015,November,11,7,Chemung,4,15,7,4,34,2,3,3,2,2,13,1,1,12,5,2,21,1
2015,November,11,8,Chenango,2,7,6,5,24,0,1,4,2,4,14,0,1,3,4,1,10,0
2015,November,11,9,Clinton,10,14,10,22,31,13,3,3,2,7,9,7,7,11,8,15,22,6
2015,November,11,10,Columbia,2,16,7,4,18,1,0,6,1,0,6,0,2,10,6,4,12,1
2015,November,11,11,Cortland,5,16,21,4,20,2,3,6,5,0,5,2,2,10,16,4,15,0
2015,November,11,12,Delaware,1,5,1,1,11,3,1,2,0,0,5,0,0,3,1,1,6,3
2015,November,11,13,Dutchess,8,24,20,4,79,1,2,10,11,0,33,0,6,14,9,4,46,1
2015,November,11,14,Erie,155,261,96,93,439,27,56,124,38,23,159,6,99,137,58,70,280,21
2015,November,11,15,Essex,2,2,1,1,5,0,1,1,1,0,1,0,1,1,0,1,4,0
2015,November,11,16,Franklin,6,22,13,12,10,2,3,5,5,0,3,1,3,17,8,12,7,1
2015,November,11,17,Fulton,8,11,2,11,23,1,4,4,1,4,14,1,4,7,1,7,9,0
2015,November,11,18,Genesee,4,3,11,4,13,0,2,2,0,0,2,0,2,1,11,4,11,0
2015,November,11,19,Greene,3,17,5,10,16,3,1,6,3,3,5,0,2,11,2,7,11,3
2015,November,11,20,Hamilton,0,0,1,0,1,0,0,0,0,0,0,0,0,0,1,0,1,0
2015,November,11,21,Herkimer,8,17,7,8,33,1,5,5,3,2,13,0,3,12,4,6,20,1
2015,November,11,22,Jefferson,17,29,23,13,67,2,8,6,4,4,9,1,9,23,19,9,58,1
2015,November,11,23,Lewis,1,0,0,2,5,1,0,0,0,0,3,0,1,0,0,2,2,1
2015,November,11,24,Livingston,3,14,12,2,23,1,2,4,5,0,9,1,1,10,7,2,14,0
2015,November,11,25,Madison,2,8,1,1,11,0,1,1,0,0,5,0,1,7,1,1,6,0
2015,November,11,26,Monroe,30,248,75,70,756,16,15,83,24,5,265,4,15,165,51,65,491,12
2015,November,11,27,Montgomery,9,17,8,13,22,2,4,8,6,3,13,1,5,9,2,10,9,1
2015,November,11,28,Nassau,64,128,129,89,400,16,13,45,28,8,108,1,51,83,101,81,292,15
2015,November,11,66,New York City,389,3715,604,1244,5652,3025,198,992,108,112,1914,237,191,2723,496,1132,3738,2788
2015,November,11,29,Niagara,18,59,21,11,144,15,5,20,5,3,33,3,13,39,16,8,111,12
2015,November,11,30,Oneida,24,75,61,21,132,6,13,31,23,3,47,0,11,44,38,18,85,6
2015,November,11,31,Onondaga,43,180,59,73,384,25,24,84,25,9,161,10,19,96,34,64,223,15
2015,November,11,32,Ontario,9,23,19,6,48,2,6,8,2,0,13,0,3,15,17,6,35,2
2015,November,11,33,Orange,25,64,51,10,103,5,13,25,11,1,28,2,12,39,40,9,75,3
2015,November,11,34,Orleans,5,11,3,5,24,4,3,4,1,1,7,1,2,7,2,4,17,3
2015,November,11,35,Oswego,11,21,15,14,121,16,4,6,5,1,59,2,7,15,10,13,62,14
2015,November,11,36,Otsego,3,5,3,1,7,0,0,0,1,0,2,0,3,5,2,1,5,0
2015,November,11,37,Putnam,0,3,1,3,3,1,0,1,1,0,0,0,0,2,0,3,3,1
2015,November,11,38,Rensselaer,6,45,29,11,83,9,4,30,17,6,52,6,2,15,12,5,31,3
2015,November,11,39,Rockland,6,18,11,15,53,4,1,6,3,3,12,0,5,12,8,12,41,4
2015,November,11,41,Saratoga,2,3,2,1,12,0,1,1,1,0,8,0,1,2,1,1,4,0
2015,November,11,42,Schenectady,17,51,34,30,114,8,8,16,13,3,49,2,9,35,21,27,65,6
2015,November,11,43,Schoharie,0,2,0,0,7,0,0,1,0,0,5,0,0,1,0,0,2,0
2015,November,11,44,Schuyler,2,7,2,4,15,0,0,3,2,0,2,0,2,4,0,4,13,0
2015,November,11,45,Seneca,2,4,6,0,7,0,2,3,4,0,2,0,0,1,2,0,5,0
2015,November,11,46,Steuben,12,18,19,25,38,3,7,12,5,4,10,0,5,6,14,21,28,3
2015,November,11,40,St. Lawrence,14,27,6,4,37,3,7,15,3,1,21,1,7,12,3,3,16,2
2015,November,11,47,Suffolk,90,223,130,102,983,44,37,69,27,11,213,6,53,154,103,91,770,38
2015,November,11,48,Sullivan,9,17,18,16,23,1,4,10,4,6,12,0,5,7,14,10,11,1
2015,November,11,49,Tioga,5,10,12,1,20,0,3,5,9,1,7,0,2,5,3,0,13,0
2015,November,11,50,Tompkins,5,21,9,6,33,5,3,10,0,1,13,0,2,11,9,5,20,5
2015,November,11,51,Ulster,21,52,43,9,79,14,12,25,11,0,25,6,9,27,32,9,54,8
2015,November,11,52,Warren,6,9,9,3,10,0,4,4,1,1,4,0,2,5,8,2,6,0
2015,November,11,53,Washington,1,4,4,1,12,1,0,0,1,0,6,1,1,4,3,1,6,0
2015,November,11,54,Wayne,4,14,3,2,26,1,2,2,0,0,7,0,2,12,3,2,19,1
2015,November,11,55,Westchester,34,135,91,37,270,16,13,53,19,2,96,1,21,82,72,35,174,15
2015,November,11,56,Wyoming,1,3,3,1,6,1,1,0,3,1,3,0,0,3,0,0,3,1
2015,November,11,57,Yates,5,2,4,1,8,0,1,0,0,0,4,0,4,2,4,1,4,0
2015,October,10,1,Albany,17,92,66,23,144,11,6,31,28,4,72,5,11,61,38,19,72,6
2015,October,10,2,Allegany,3,6,4,2,11,2,2,5,1,1,7,2,1,1,3,1,4,0
2015,October,10,3,Broome,29,118,66,18,356,16,15,34,19,2,88,7,14,84,47,16,268,9
2015,October,10,4,Cattaraugus,10,9,3,6,25,1,3,0,0,2,8,0,7,9,3,4,17,1
2015,October,10,5,Cayuga,9,11,11,2,15,3,7,6,7,0,10,0,2,5,4,2,5,3
2015,October,10,6,Chautauqua,18,52,35,19,68,3,10,20,12,8,35,2,8,32,23,11,33,1
2015,October,10,7,Chemung,2,9,4,5,43,4,1,3,1,1,20,1,1,6,3,4,23,3
2015,October,10,8,Chenango,9,9,5,4,17,0,5,1,2,0,6,0,4,8,3,4,11,0
2015,October,10,9,Clinton,8,23,11,14,33,8,4,5,3,5,14,2,4,18,8,9,19,6
2015,October,10,10,Columbia,5,17,3,8,20,1,2,4,1,0,7,1,3,13,2,8,13,0
2015,October,10,11,Cortland,8,15,5,2,28,0,2,6,2,0,6,0,6,9,3,2,22,0
2015,October,10,12,Delaware,2,3,6,1,10,1,0,1,3,0,4,0,2,2,3,1,6,1
2015,October,10,13,Dutchess,8,23,20,6,71,6,6,6,3,1,31,1,2,17,17,5,40,5
2015,October,10,14,Erie,159,348,134,134,475,24,58,154,49,38,159,8,101,194,85,96,316,16
2015,October,10,15,Essex,1,2,4,3,5,1,0,1,1,2,3,1,1,1,3,1,2,0
2015,October,10,16,Franklin,8,14,7,14,15,3,4,2,3,3,4,1,4,12,4,11,11,2
2015,October,10,17,Fulton,10,10,2,21,17,1,7,5,0,5,6,0,3,5,2,16,11,1
2015,October,10,18,Genesee,2,8,2,5,8,1,0,1,0,3,1,0,2,7,2,2,7,1
2015,October,10,19,Greene,4,17,9,8,24,1,2,10,2,1,10,0,2,7,7,7,14,1
2015,October,10,20,Hamilton,0,0,0,0,2,0,0,0,0,0,1,0,0,0,0,0,1,0
2015,October,10,21,Herkimer,6,8,4,6,19,2,3,4,1,3,8,0,3,4,3,3,11,2
2015,October,10,22,Jefferson,16,20,17,13,87,6,11,4,6,4,30,2,5,16,11,9,57,4
2015,October,10,23,Lewis,4,5,2,0,7,0,1,3,1,0,6,0,3,2,1,0,1,0
2015,October,10,24,Livingston,7,22,12,2,26,4,4,10,5,0,7,2,3,12,7,2,19,2
2015,October,10,25,Madison,5,10,10,1,6,2,4,5,4,0,1,2,1,5,6,1,5,0
2015,October,10,26,Monroe,42,299,91,71,849,23,31,99,34,12,300,6,11,200,57,59,549,17
2015,October,10,27,Montgomery,5,17,5,6,14,2,4,7,1,5,6,0,1,10,4,1,8,2
2015,October,10,28,Nassau,81,157,127,86,406,28,21,53,34,15,104,12,60,104,93,71,302,16
2015,October,10,66,New York City,404,3749,516,1117,4981,3219,205,883,105,149,1696,287,199,2866,411,968,3285,2932
2015,October,10,29,Niagara,23,65,35,9,177,23,10,22,10,4,49,1,13,43,25,5,128,22
2015,October,10,30,Oneida,15,103,67,19,179,12,13,50,15,4,84,5,2,53,52,15,95,7
2015,October,10,31,Onondaga,43,191,82,86,448,20,23,85,39,10,186,5,20,106,43,76,262,15
2015,October,10,32,Ontario,7,30,22,12,31,5,3,13,8,1,13,4,4,17,14,11,18,1
2015,October,10,33,Orange,35,54,61,12,110,7,19,19,23,1,35,0,16,35,38,11,75,7
2015,October,10,34,Orleans,4,23,7,11,21,0,1,8,3,5,5,0,3,15,4,6,16,0
2015,October,10,35,Oswego,15,23,23,9,119,11,8,7,5,1,53,4,7,16,18,8,66,7
2015,October,10,36,Otsego,0,6,2,1,2,1,0,3,2,0,2,1,0,3,0,1,0,0
2015,October,10,37,Putnam,0,2,1,3,4,0,0,0,0,0,0,0,0,2,1,3,4,0
2015,October,10,38,Rensselaer,10,47,20,5,77,3,9,27,9,2,38,1,1,20,11,3,39,2
2015,October,10,39,Rockland,16,28,12,9,61,10,10,12,4,2,23,1,6,16,8,7,38,9
2015,October,10,41,Saratoga,0,7,4,0,15,0,0,2,1,0,7,0,0,5,3,0,8,0
2015,October,10,42,Schenectady,11,63,41,42,91,11,4,25,21,4,43,7,7,38,20,38,48,4
2015,October,10,43,Schoharie,1,1,0,0,3,1,0,0,0,0,2,0,1,1,0,0,1,1
2015,October,10,44,Schuyler,1,7,3,3,5,2,0,4,1,1,2,0,1,3,2,2,3,2
2015,October,10,45,Seneca,0,11,8,1,10,1,0,5,5,1,5,0,0,6,3,0,5,1
2015,October,10,46,Steuben,9,19,18,14,33,3,4,5,10,4,12,1,5,14,8,10,21,2
2015,October,10,40,St. Lawrence,17,31,17,15,62,3,5,11,6,3,26,2,12,20,11,12,36,1
2015,October,10,47,Suffolk,119,229,187,100,1177,60,55,63,41,10,272,13,64,166,146,90,905,47
2015,October,10,48,Sullivan,7,16,15,19,12,5,4,5,5,5,7,4,3,11,10,14,5,1
2015,October,10,49,Tioga,6,6,7,0,17,2,4,2,5,0,7,2,2,4,2,0,10,0
2015,October,10,50,Tompkins,4,28,7,5,36,2,1,16,2,0,9,0,3,12,5,5,27,2
2015,October,10,51,Ulster,18,53,59,6,133,9,7,22,9,1,43,0,11,31,50,5,90,9
2015,October,10,52,Warren,1,5,1,7,11,1,0,3,0,2,3,0,1,2,1,5,8,1
2015,October,10,53,Washington,6,2,8,2,8,1,5,2,4,0,3,0,1,0,4,2,5,1
2015,October,10,54,Wayne,5,13,5,0,23,1,3,5,1,0,7,0,2,8,4,0,16,1
2015,October,10,55,Westchester,38,122,107,76,331,17,20,42,17,7,119,2,18,80,90,69,212,15
2015,October,10,56,Wyoming,4,2,3,0,1,0,3,2,0,0,0,0,1,0,3,0,1,0
2015,October,10,57,Yates,1,1,6,0,4,0,0,0,3,0,1,0,1,1,3,0,3,0
2015,September,9,1,Albany,15,61,47,18,104,13,9,22,21,2,45,3,6,39,26,16,59,10
2015,September,9,2,Allegany,9,6,4,2,9,1,5,4,2,2,4,1,4,2,2,0,5,0
2015,September,9,3,Broome,25,117,75,15,211,24,16,44,21,3,71,10,9,73,54,12,140,14
2015,September,9,4,Cattaraugus,9,10,5,3,21,1,4,3,3,0,3,0,5,7,2,3,18,1
2015,September,9,5,Cayuga,6,14,11,4,21,3,5,2,4,1,8,2,1,12,7,3,13,1
2015,September,9,6,Chautauqua,11,44,32,21,71,5,5,21,15,11,28,2,6,23,17,10,43,3
2015,September,9,7,Chemung,8,10,6,7,36,3,5,1,3,2,14,0,3,9,3,5,22,3
2015,September,9,8,Chenango,2,7,5,4,16,0,1,3,1,0,8,0,1,4,4,4,8,0
2015,September,9,9,Clinton,11,28,14,23,35,8,6,5,3,7,9,6,5,23,11,16,26,2
2015,September,9,10,Columbia,5,10,27,7,22,3,3,2,6,0,9,0,2,8,21,7,13,3
2015,September,9,11,Cortland,3,19,11,0,11,3,1,7,1,0,3,0,2,12,10,0,8,3
2015,September,9,12,Delaware,5,9,1,1,18,2,4,3,1,0,9,1,1,6,0,1,9,1
2015,September,9,13,Dutchess,7,18,23,8,66,4,2,5,7,0,21,1,5,13,16,8,45,3
2015,September,9,14,Erie,167,272,128,126,438,27,43,126,43,31,157,7,124,146,85,95,281,20
2015,September,9,15,Essex,3,1,1,0,4,1,2,0,0,0,1,0,1,1,1,0,3,1
2015,September,9,16,Franklin,4,18,13,14,22,3,3,5,1,2,10,1,1,13,12,12,12,2
2015,September,9,17,Fulton,8,10,3,16,19,5,5,2,1,7,8,3,3,8,2,9,11,2
2015,September,9,18,Genesee,4,9,5,8,17,1,1,4,2,1,4,0,3,5,3,7,13,1
2015,September,9,19,Greene,10,17,7,5,19,2,3,8,2,1,5,0,7,9,5,4,14,2
2015,September,9,20,Hamilton,0,1,0,0,0,0,0,0,0,0,0,0,0,1,0,0,0,0
2015,September,9,21,Herkimer,5,9,4,9,34,2,3,2,0,1,16,1,2,7,4,8,18,1
2015,September,9,22,Jefferson,19,20,16,9,67,6,10,7,6,1,18,1,9,13,10,8,49,5
2015,September,9,23,Lewis,0,2,1,1,1,0,0,2,0,1,1,0,0,0,1,0,0,0
2015,September,9,24,Livingston,3,17,17,0,22,5,3,7,1,0,9,1,0,10,16,0,13,4
2015,September,9,25,Madison,5,8,4,0,16,4,2,1,2,0,6,2,3,7,2,0,10,2
2015,September,9,26,Monroe,33,309,101,68,740,20,20,105,30,7,267,6,13,204,71,61,473,14
2015,September,9,27,Montgomery,21,13,3,7,16,0,14,6,3,2,10,0,7,7,0,5,6,0
2015,September,9,28,Nassau,74,132,149,98,363,40,29,54,20,9,97,14,45,78,129,89,266,26
2015,September,9,66,New York City,401,3460,559,1342,4600,3349,216,905,120,164,1469,294,185,2555,439,1178,3131,3055
2015,September,9,29,Niagara,25,65,21,12,165,14,9,21,4,3,42,5,16,44,17,9,123,9
2015,September,9,30,Oneida,23,76,69,19,154,6,13,34,30,4,72,0,10,42,39,15,82,6
2015,September,9,31,Onondaga,47,154,68,88,368,23,17,68,27,15,145,6,30,86,41,73,223,17
2015,September,9,32,Ontario,7,21,20,8,31,2,3,10,4,3,10,1,4,11,16,5,21,1
2015,September,9,33,Orange,21,71,69,17,104,9,10,14,10,1,30,4,11,57,59,16,74,5
2015,September,9,34,Orleans,4,17,12,10,31,4,1,7,5,3,9,4,3,10,7,7,22,0
2015,September,9,35,Oswego,18,38,36,15,115,7,9,10,9,4,48,1,9,28,27,11,67,6
2015,September,9,36,Otsego,4,7,3,1,6,0,3,2,2,0,1,0,1,5,1,1,5,0
2015,September,9,37,Putnam,0,8,3,2,2,0,0,3,2,0,0,0,0,5,1,2,2,0
2015,September,9,38,Rensselaer,7,46,26,6,79,3,6,26,21,4,53,1,1,20,5,2,26,2
2015,September,9,39,Rockland,2,24,8,13,28,4,1,9,3,2,7,2,1,15,5,11,21,2
2015,September,9,41,Saratoga,3,3,4,1,8,1,2,0,1,0,4,1,1,3,3,1,4,0
2015,September,9,42,Schenectady,15,60,37,29,77,9,6,25,13,3,33,5,9,35,24,26,44,4
2015,September,9,43,Schoharie,0,8,0,0,3,2,0,2,0,0,0,1,0,6,0,0,3,1
2015,September,9,44,Schuyler,5,9,2,2,16,1,1,1,0,1,6,1,4,8,2,1,10,0
2015,September,9,45,Seneca,7,3,7,1,5,3,6,1,3,0,1,0,1,2,4,1,4,3
2015,September,9,46,Steuben,20,27,15,23,55,7,13,9,3,7,19,3,7,18,12,16,36,4
2015,September,9,40,St. Lawrence,10,26,16,12,68,3,7,7,7,1,27,1,3,19,9,11,41,2
2015,September,9,47,Suffolk,122,208,161,99,1097,39,53,62,28,11,266,11,69,146,133,88,831,28
2015,September,9,48,Sullivan,4,10,8,17,35,0,3,4,3,0,16,0,1,6,5,17,19,0
2015,September,9,49,Tioga,4,3,8,1,3,4,1,1,5,1,0,2,3,2,3,0,3,2
2015,September,9,50,Tompkins,8,27,12,0,40,4,5,13,4,0,14,4,3,14,8,0,26,0
2015,September,9,51,Ulster,16,52,66,7,98,9,10,29,17,0,37,2,6,23,49,7,61,7
2015,September,9,52,Warren,0,8,3,6,7,1,0,1,1,3,4,0,0,7,2,3,3,1
2015,September,9,53,Washington,4,3,7,2,4,0,0,1,1,0,2,0,4,2,6,2,2,0
2015,September,9,54,Wayne,5,16,8,2,29,0,1,3,1,0,11,0,4,13,7,2,18,0
2015,September,9,55,Westchester,57,129,93,51,272,12,19,41,28,13,69,2,38,88,65,38,203,10
2015,September,9,56,Wyoming,5,3,1,1,3,1,4,0,0,0,2,0,1,3,1,1,1,1
2015,September,9,57,Yates,2,4,2,2,7,0,2,1,1,0,2,0,0,3,1,2,5,0
2015,August,8,1,Albany,17,58,60,16,131,11,10,23,19,3,62,3,7,35,41,13,69,8
2015,August,8,2,Allegany,3,8,5,1,13,0,2,5,1,0,8,0,1,3,4,1,5,0
2015,August,8,3,Broome,29,81,61,4,273,23,13,18,21,1,80,9,16,63,40,3,193,14
2015,August,8,4,Cattaraugus,8,11,7,6,19,1,5,1,0,1,8,0,3,10,7,5,11,1
2015,August,8,5,Cayuga,6,21,13,4,15,1,5,12,7,1,9,0,1,9,6,3,6,1
2015,August,8,6,Chautauqua,27,65,37,15,86,5,16,29,13,3,32,1,11,36,24,12,54,4
2015,August,8,7,Chemung,7,15,9,4,26,2,4,6,3,0,13,0,3,9,6,4,13,2
2015,August,8,8,Chenango,3,13,7,2,14,1,1,3,2,0,9,0,2,10,5,2,5,1
2015,August,8,9,Clinton,16,23,9,15,36,12,9,6,3,6,9,6,7,17,6,9,27,6
2015,August,8,10,Columbia,9,13,10,8,29,2,2,5,2,0,13,0,7,8,8,8,16,2
2015,August,8,11,Cortland,2,26,7,2,24,3,1,5,2,0,5,0,1,21,5,2,19,3
2015,August,8,12,Delaware,3,7,6,0,16,4,3,1,2,0,9,1,0,6,4,0,7,3
2015,August,8,13,Dutchess,11,16,21,10,79,7,9,7,12,4,33,1,2,9,9,6,46,6
2015,August,8,14,Erie,126,263,114,105,490,13,35,104,36,23,171,2,91,159,78,82,319,11
2015,August,8,15,Essex,5,2,3,1,5,2,3,0,2,1,2,1,2,2,1,0,3,1
2015,August,8,16,Franklin,4,24,6,9,29,1,1,6,2,0,13,1,3,18,4,9,16,0
2015,August,8,17,Fulton,7,15,2,13,26,1,3,6,1,3,11,1,4,9,1,10,15,0
2015,August,8,18,Genesee,6,8,5,4,16,1,5,3,4,1,5,1,1,5,1,3,11,0
2015,August,8,19,Greene,5,13,5,3,16,1,3,7,0,0,7,1,2,6,5,3,9,0
2015,August,8,20,Hamilton,0,0,0,0,1,0,0,0,0,0,1,0,0,0,0,0,0,0
2015,August,8,21,Herkimer,8,7,6,11,26,1,5,0,0,1,15,0,3,7,6,10,11,1
2015,August,8,22,Jefferson,13,40,20,19,49,12,6,11,2,3,10,2,7,29,18,16,39,10
2015,August,8,23,Lewis,2,5,3,1,3,0,1,1,2,1,1,0,1,4,1,0,2,0
2015,August,8,24,Livingston,3,30,13,2,29,5,1,14,5,1,12,2,2,16,8,1,17,3
2015,August,8,25,Madison,3,5,5,4,7,6,2,1,3,1,4,1,1,4,2,3,3,5
2015,August,8,26,Monroe,41,322,115,74,759,22,21,117,37,6,267,5,20,205,78,68,492,17
2015,August,8,27,Montgomery,7,17,6,9,21,0,4,5,2,5,10,0,3,12,4,4,11,0
2015,August,8,28,Nassau,81,159,127,84,456,25,33,49,32,9,129,11,48,110,95,75,327,14
2015,August,8,66,New York City,379,3452,552,1526,4598,2734,206,885,119,189,1448,334,173,2567,433,1337,3150,2400
2015,August,8,29,Niagara,31,59,17,17,147,19,15,21,6,4,39,4,16,38,11,13,108,15
2015,August,8,30,Oneida,26,89,69,22,122,7,16,37,27,6,58,3,10,52,42,16,64,4
2015,August,8,31,Onondaga,36,141,55,60,381,15,21,75,21,15,178,5,15,66,34,45,203,10
2015,August,8,32,Ontario,8,32,27,12,48,3,3,13,6,6,16,2,5,19,21,6,32,1
2015,August,8,33,Orange,30,68,70,13,105,10,12,28,16,5,40,2,18,40,54,8,65,8
2015,August,8,34,Orleans,4,21,12,7,27,3,1,8,6,1,10,1,3,13,6,6,17,2
2015,August,8,35,Oswego,13,38,26,17,108,9,6,18,10,6,37,2,7,20,16,11,71,7
2015,August,8,36,Otsego,0,9,2,4,6,1,0,4,1,0,3,1,0,5,1,4,3,0
2015,August,8,37,Putnam,0,5,6,1,2,0,0,1,2,0,0,0,0,4,4,1,2,0
2015,August,8,38,Rensselaer,13,46,31,11,66,4,8,29,22,7,44,3,5,17,9,4,22,1
2015,August,8,39,Rockland,11,28,8,14,49,4,6,10,1,3,19,2,5,18,7,11,30,2
2015,August,8,41,Saratoga,4,4,7,2,15,1,2,2,6,0,6,1,2,2,1,2,9,0
2015,August,8,42,Schenectady,15,67,28,35,88,7,9,30,16,3,42,5,6,37,12,32,46,2
2015,August,8,43,Schoharie,0,4,0,3,6,1,0,2,0,0,5,1,0,2,0,3,1,0
2015,August,8,44,Schuyler,4,6,8,2,8,3,1,4,3,0,2,2,3,2,5,2,6,1
2015,August,8,45,Seneca,1,16,5,2,17,1,1,4,0,0,8,1,0,12,5,2,9,0
2015,August,8,46,Steuben,17,31,15,19,41,5,8,11,4,5,18,3,9,20,11,14,23,2
2015,August,8,40,St. Lawrence,10,26,20,27,79,5,3,9,5,3,32,2,7,17,15,24,47,3
2015,August,8,47,Suffolk,140,247,186,85,977,47,66,58,46,8,236,10,74,189,140,77,741,37
2015,August,8,48,Sullivan,6,12,14,21,17,2,0,6,2,3,7,0,6,6,12,18,10,2
2015,August,8,49,Tioga,4,6,14,0,13,2,0,1,8,0,7,2,4,5,6,0,6,0
2015,August,8,50,Tompkins,8,33,9,6,43,5,2,5,3,1,17,0,6,28,6,5,26,5
2015,August,8,51,Ulster,16,33,53,3,82,10,8,13,10,0,41,5,8,20,43,3,41,5
2015,August,8,52,Warren,6,5,6,5,11,2,3,1,0,1,5,1,3,4,6,4,6,1
2015,August,8,53,Washington,12,10,6,2,7,2,3,5,3,0,4,2,9,5,3,2,3,0
2015,August,8,54,Wayne,3,10,6,1,17,1,1,4,3,1,5,0,2,6,3,0,12,1
2015,August,8,55,Westchester,57,117,94,45,327,19,21,36,18,3,124,4,36,81,76,42,203,15
2015,August,8,56,Wyoming,4,2,4,2,6,1,4,1,2,0,3,0,0,1,2,2,3,1
2015,August,8,57,Yates,3,2,4,3,6,2,2,0,1,1,3,1,1,2,3,2,3,1
2015,July,7,1,Albany,16,67,48,34,116,5,10,29,20,3,55,2,6,38,28,31,61,3
2015,July,7,2,Allegany,1,15,1,3,13,1,1,6,0,1,8,0,0,9,1,2,5,1
2015,July,7,3,Broome,39,76,51,12,288,21,22,21,22,1,88,6,17,55,29,11,200,15
2015,July,7,4,Cattaraugus,12,16,9,6,18,1,6,1,3,1,8,1,6,15,6,5,10,0
2015,July,7,5,Cayuga,6,19,8,6,18,4,2,9,4,0,8,0,4,10,4,6,10,4
2015,July,7,6,Chautauqua,17,54,39,12,52,6,13,19,12,7,24,3,4,35,27,5,28,3
2015,July,7,7,Chemung,8,8,6,6,28,3,6,2,4,1,17,1,2,6,2,5,11,2
2015,July,7,8,Chenango,5,12,4,2,23,1,2,2,2,0,16,0,3,10,2,2,7,1
2015,July,7,9,Clinton,9,18,11,16,41,19,7,9,1,2,13,10,2,9,10,14,28,9
2015,July,7,10,Columbia,5,8,21,6,20,4,2,2,5,1,7,0,3,6,16,5,13,4
2015,July,7,11,Cortland,7,22,17,4,16,0,4,13,6,0,4,0,3,9,11,4,12,0
2015,July,7,12,Delaware,1,10,7,2,16,2,1,3,3,1,11,0,0,7,4,1,5,2
2015,July,7,13,Dutchess,6,24,22,8,91,3,2,5,6,1,34,1,4,19,16,7,57,2
2015,July,7,14,Erie,141,299,139,118,430,12,38,139,48,24,136,2,103,160,91,94,294,10
2015,July,7,15,Essex,4,3,2,0,8,0,2,1,0,0,6,0,2,2,2,0,2,0
2015,July,7,16,Franklin,5,13,10,10,18,2,4,7,2,2,5,0,1,6,8,8,13,2
2015,July,7,17,Fulton,7,13,3,12,13,3,3,5,2,6,7,3,4,8,1,6,6,0
2015,July,7,18,Genesee,4,15,5,5,26,3,1,5,0,2,11,1,3,10,5,3,15,2
2015,July,7,19,Greene,6,13,7,9,18,2,2,4,2,3,8,1,4,9,5,6,10,1
2015,July,7,20,Hamilton,0,0,0,0,1,0,0,0,0,0,0,0,0,0,0,0,1,0
2015,July,7,21,Herkimer,8,8,3,10,30,0,5,3,1,2,7,0,3,5,2,8,23,0
2015,July,7,22,Jefferson,12,27,9,19,77,3,5,10,1,0,25,0,7,17,8,19,52,3
2015,July,7,23,Lewis,3,6,3,1,3,3,2,3,1,0,2,1,1,3,2,1,1,2
2015,July,7,24,Livingston,7,19,14,0,33,3,4,8,4,0,7,0,3,11,10,0,26,3
2015,July,7,25,Madison,3,4,3,3,12,5,2,1,0,3,6,3,1,3,3,0,6,2
2015,July,7,26,Monroe,36,302,81,64,841,37,21,96,24,8,272,6,15,206,57,56,569,31
2015,July,7,27,Montgomery,13,17,4,4,27,0,7,7,2,2,14,0,6,10,2,2,13,0
2015,July,7,28,Nassau,66,188,183,98,483,24,31,56,39,11,125,8,35,132,144,87,358,16
2015,July,7,66,New York City,367,3177,589,1384,4988,3003,197,859,99,177,1739,285,170,2318,490,1207,3249,2718
2015,July,7,29,Niagara,30,86,16,25,179,16,17,30,4,1,61,6,13,56,12,24,118,10
2015,July,7,30,Oneida,20,86,66,18,153,6,10,41,25,5,75,2,10,45,41,13,78,4
2015,July,7,31,Onondaga,44,166,66,67,415,20,19,74,24,19,169,5,25,92,42,48,246,15
2015,July,7,32,Ontario,9,23,8,12,43,5,4,8,2,2,13,2,5,15,6,10,30,3
2015,July,7,33,Orange,23,38,63,12,112,9,11,13,12,2,37,2,12,25,51,10,75,7
2015,July,7,34,Orleans,2,17,11,5,11,5,0,3,5,0,5,2,2,14,6,5,6,3
2015,July,7,35,Oswego,17,30,18,18,124,7,11,11,4,6,48,0,6,19,14,12,76,7
2015,July,7,36,Otsego,1,6,2,1,6,0,1,2,0,0,2,0,0,4,2,1,4,0
2015,July,7,37,Putnam,0,3,2,2,4,0,0,1,0,0,3,0,0,2,2,2,1,0
2015,July,7,38,Rensselaer,8,60,24,11,64,5,5,34,15,7,40,1,3,26,9,4,24,4
2015,July,7,39,Rockland,13,33,13,12,73,10,5,21,8,5,19,2,8,12,5,7,54,8
2015,July,7,41,Saratoga,3,4,8,1,20,1,3,1,4,1,8,0,0,3,4,0,12,1
2015,July,7,42,Schenectady,19,62,35,43,103,13,11,27,17,4,40,9,8,35,18,39,63,4
2015,July,7,43,Schoharie,3,5,3,1,12,1,1,2,1,1,4,0,2,3,2,0,8,1
2015,July,7,44,Schuyler,3,5,3,2,11,3,1,2,2,1,5,1,2,3,1,1,6,2
2015,July,7,45,Seneca,1,11,4,2,5,0,1,2,1,0,3,0,0,9,3,2,2,0
2015,July,7,46,Steuben,18,28,9,13,37,2,10,8,4,5,11,1,8,20,5,8,26,1
2015,July,7,40,St. Lawrence,18,26,13,16,71,2,12,9,4,0,30,1,6,17,9,16,41,1
2015,July,7,47,Suffolk,107,229,209,109,1086,39,46,54,51,14,241,5,61,175,158,95,845,34
2015,July,7,48,Sullivan,10,19,16,16,35,3,6,8,7,3,17,2,4,11,9,13,18,1
2015,July,7,49,Tioga,5,6,16,0,7,0,2,2,10,0,3,0,3,4,6,0,4,0
2015,July,7,50,Tompkins,12,15,3,2,45,2,7,4,1,0,16,1,5,11,2,2,29,1
2015,July,7,51,Ulster,15,35,52,6,117,8,3,13,15,2,40,1,12,22,37,4,77,7
2015,July,7,52,Warren,11,8,8,10,18,1,5,1,2,3,7,1,6,7,6,7,11,0
2015,July,7,53,Washington,7,7,3,0,15,1,5,0,1,0,7,0,2,7,2,0,8,1
2015,July,7,54,Wayne,5,16,12,0,29,1,3,5,5,0,18,0,2,11,7,0,11,1
2015,July,7,55,Westchester,50,118,109,53,353,11,13,47,15,13,130,0,37,71,94,40,223,11
2015,July,7,56,Wyoming,3,2,6,0,3,0,3,1,1,0,2,0,0,1,5,0,1,0
2015,July,7,57,Yates,2,7,4,1,7,0,0,2,2,0,2,0,2,5,2,1,5,0
2015,June,6,1,Albany,17,62,61,36,131,4,9,21,19,3,59,3,8,41,42,33,72,1
2015,June,6,2,Allegany,2,12,5,7,17,1,2,4,4,1,8,1,0,8,1,6,9,0
2015,June,6,3,Broome,42,95,59,21,256,11,18,23,18,4,64,3,24,72,41,17,192,8
2015,June,6,4,Cattaraugus,13,13,10,5,19,0,4,3,4,2,10,0,9,10,6,3,9,0
2015,June,6,5,Cayuga,5,15,6,4,18,7,1,3,3,2,7,2,4,12,3,2,11,5
2015,June,6,6,Chautauqua,22,56,33,17,75,4,17,30,13,6,22,2,5,26,20,11,53,2
2015,June,6,7,Chemung,5,14,5,7,32,4,3,4,4,0,14,0,2,10,1,7,18,4
2015,June,6,8,Chenango,4,8,4,4,23,2,2,2,2,0,11,1,2,6,2,4,12,1
2015,June,6,9,Clinton,10,21,14,19,38,13,8,2,2,9,18,5,2,19,12,10,20,8
2015,June,6,10,Columbia,4,13,21,7,38,2,4,5,2,0,17,0,0,8,19,7,21,2
2015,June,6,11,Cortland,6,13,10,0,10,1,2,3,2,0,3,0,4,10,8,0,7,1
2015,June,6,12,Delaware,2,20,3,1,18,0,1,9,1,0,7,0,1,11,2,1,11,0
2015,June,6,13,Dutchess,14,20,17,13,79,0,4,3,1,0,29,0,10,17,16,13,50,0
2015,June,6,14,Erie,153,267,136,108,481,23,41,109,26,20,161,3,112,158,110,88,320,20
2015,June,6,15,Essex,1,2,1,0,3,0,1,0,0,0,1,0,0,2,1,0,2,0
2015,June,6,16,Franklin,5,14,10,22,14,2,3,3,4,4,7,0,2,11,6,18,7,2
2015,June,6,17,Fulton,4,13,4,16,12,2,2,5,0,1,7,0,2,8,4,15,5,2
2015,June,6,18,Genesee,5,11,5,3,15,2,4,4,2,0,5,2,1,7,3,3,10,0
2015,June,6,19,Greene,4,24,6,5,20,3,3,5,3,0,5,1,1,19,3,5,15,2
2015,June,6,20,Hamilton,0,0,2,1,0,0,0,0,1,0,0,0,0,0,1,1,0,0
2015,June,6,21,Herkimer,6,8,7,6,21,2,3,3,3,3,9,1,3,5,4,3,12,1
2015,June,6,22,Jefferson,13,38,11,10,84,7,9,16,3,1,21,0,4,22,8,9,63,7
2015,June,6,23,Lewis,1,5,1,0,4,1,1,2,0,0,3,1,0,3,1,0,1,0
2015,June,6,24,Livingston,10,26,20,7,18,2,5,15,7,0,9,1,5,11,13,7,9,1
2015,June,6,25,Madison,4,7,8,4,13,2,2,4,1,3,7,0,2,3,7,1,6,2
2015,June,6,26,Monroe,29,276,91,78,800,36,14,104,33,7,274,10,15,172,58,71,526,26
2015,June,6,27,Montgomery,8,14,5,6,33,3,6,7,0,5,21,1,2,7,5,1,12,2
2015,June,6,28,Nassau,85,142,149,94,434,15,38,48,22,8,115,6,47,94,127,86,319,9
2015,June,6,66,New York City,415,3568,698,1748,4842,3143,216,931,163,196,1510,267,199,2637,535,1552,3332,2876
2015,June,6,29,Niagara,35,70,19,17,167,6,18,30,7,0,57,0,17,40,12,17,110,6
2015,June,6,30,Oneida,23,93,60,25,127,10,15,42,23,8,54,6,8,51,37,17,73,4
2015,June,6,31,Onondaga,32,164,72,69,379,12,18,67,26,11,154,2,14,97,46,58,225,10
2015,June,6,32,Ontario,12,35,31,8,48,3,8,11,7,1,10,1,4,24,24,7,38,2
2015,June,6,33,Orange,33,50,71,13,112,8,11,11,11,3,26,1,22,39,60,10,86,7
2015,June,6,34,Orleans,5,27,8,3,35,4,0,8,4,2,13,2,5,19,4,1,22,2
2015,June,6,35,Oswego,17,38,19,15,108,9,12,13,7,1,46,4,5,25,12,14,62,5
2015,June,6,36,Otsego,1,5,10,0,5,0,1,0,3,0,2,0,0,5,7,0,3,0
2015,June,6,37,Putnam,1,4,2,2,4,0,0,0,0,0,1,0,1,4,2,2,3,0
2015,June,6,38,Rensselaer,5,33,27,4,80,3,4,19,12,3,48,0,1,14,15,1,32,3
2015,June,6,39,Rockland,12,30,8,5,73,2,3,12,3,0,26,1,9,18,5,5,47,1
2015,June,6,41,Saratoga,9,5,8,0,12,0,5,0,6,0,7,0,4,5,2,0,5,0
2015,June,6,42,Schenectady,19,56,20,37,73,10,15,18,9,8,28,5,4,38,11,29,45,5
2015,June,6,43,Schoharie,1,2,3,0,5,0,1,1,3,0,4,0,0,1,0,0,1,0
2015,June,6,44,Schuyler,4,7,6,3,6,1,2,4,2,0,3,0,2,3,4,3,3,1
2015,June,6,45,Seneca,2,7,4,2,8,2,0,3,3,0,2,0,2,4,1,2,6,2
2015,June,6,46,Steuben,17,19,14,18,33,3,7,4,2,6,14,1,10,15,12,12,19,2
2015,June,6,40,St. Lawrence,13,21,11,10,63,4,7,9,1,2,36,2,6,12,10,8,27,2
2015,June,6,47,Suffolk,120,209,178,93,1157,49,54,65,38,8,322,8,66,144,140,85,835,41
2015,June,6,48,Sullivan,6,18,16,16,31,2,1,5,4,1,10,0,5,13,12,15,21,2
2015,June,6,49,Tioga,3,10,21,0,14,0,1,3,10,0,6,0,2,7,11,0,8,0
2015,June,6,50,Tompkins,3,15,4,1,43,3,1,5,1,0,14,2,2,10,3,1,29,1
2015,June,6,51,Ulster,20,55,53,9,102,6,8,21,16,2,35,3,12,34,37,7,67,3
2015,June,6,52,Warren,2,12,5,2,15,0,1,4,1,2,7,0,1,8,4,0,8,0
2015,June,6,53,Washington,4,3,3,0,8,1,2,2,0,0,5,1,2,1,3,0,3,0
2015,June,6,54,Wayne,7,21,4,1,21,0,3,8,1,0,8,0,4,13,3,1,13,0
2015,June,6,55,Westchester,51,113,114,40,362,14,25,41,14,8,147,5,26,72,100,32,215,9
2015,June,6,56,Wyoming,0,4,5,1,4,1,0,2,2,0,3,0,0,2,3,1,1,1
2015,June,6,57,Yates,2,5,6,1,7,2,2,2,1,0,2,0,0,3,5,1,5,2
2015,May,5,1,Albany,15,77,46,17,108,8,9,28,12,4,49,4,6,49,34,13,59,4
2015,May,5,2,Allegany,5,12,6,3,19,2,4,5,3,1,10,1,1,7,3,2,9,1
2015,May,5,3,Broome,15,116,48,22,291,16,6,32,16,1,90,5,9,84,32,21,201,11
2015,May,5,4,Cattaraugus,16,16,10,6,29,3,14,4,5,4,9,2,2,12,5,2,20,1
2015,May,5,5,Cayuga,3,25,4,3,13,0,2,6,2,0,5,0,1,19,2,3,8,0
2015,May,5,6,Chautauqua,17,47,28,16,93,9,9,17,7,4,43,4,8,30,21,12,50,5
2015,May,5,7,Chemung,7,9,4,8,34,3,5,3,2,1,16,1,2,6,2,7,18,2
2015,May,5,8,Chenango,9,8,6,6,18,2,5,2,2,1,7,1,4,6,4,5,11,1
2015,May,5,9,Clinton,14,15,13,24,31,3,5,6,2,9,11,1,9,9,11,15,20,2
2015,May,5,10,Columbia,2,24,15,5,35,5,0,7,6,0,11,0,2,17,9,5,24,5
2015,May,5,11,Cortland,4,22,9,2,15,0,1,5,1,0,6,0,3,17,8,2,9,0
2015,May,5,12,Delaware,3,5,3,0,11,3,1,3,2,0,4,1,2,2,1,0,7,2
2015,May,5,13,Dutchess,13,26,11,6,80,2,7,8,2,1,26,1,6,18,9,5,54,1
2015,May,5,14,Erie,143,297,112,82,481,27,41,113,37,22,168,5,102,184,75,60,313,22
2015,May,5,15,Essex,4,4,2,0,2,0,3,0,1,0,1,0,1,4,1,0,1,0
2015,May,5,16,Franklin,6,14,6,11,14,0,0,5,1,1,5,0,6,9,5,10,9,0
2015,May,5,17,Fulton,6,14,4,11,16,1,1,7,1,2,9,1,5,7,3,9,7,0
2015,May,5,18,Genesee,5,14,4,7,18,1,3,3,2,2,6,0,2,11,2,5,12,1
2015,May,5,19,Greene,2,12,7,14,17,1,1,6,2,3,3,0,1,6,5,11,14,1
2015,May,5,20,Hamilton,0,0,0,0,0,0,0,0,0,0,0,0,0,0,0,0,0,0
2015,May,5,21,Herkimer,2,20,12,12,23,2,1,3,4,3,11,0,1,17,8,9,12,2
2015,May,5,22,Jefferson,9,47,13,16,75,3,2,17,5,0,22,1,7,30,8,16,53,2
2015,May,5,23,Lewis,1,4,1,1,2,0,1,1,0,1,1,0,0,3,1,0,1,0
2015,May,5,24,Livingston,12,35,17,4,34,3,6,12,6,2,9,2,6,23,11,2,25,1
2015,May,5,25,Madison,3,6,4,7,20,4,2,3,1,4,9,2,1,3,3,3,11,2
2015,May,5,26,Monroe,41,263,104,84,853,26,18,78,24,9,323,6,23,185,80,75,530,20
2015,May,5,27,Montgomery,7,21,3,5,15,1,5,7,2,2,13,0,2,14,1,3,2,1
2015,May,5,28,Nassau,50,151,132,96,417,18,19,38,24,7,106,4,31,113,108,89,311,14
2015,May,5,66,New York City,354,2870,471,1317,3745,2783,187,675,97,151,1175,227,167,2195,374,1166,2570,2556
2015,May,5,29,Niagara,31,79,16,18,170,18,12,31,5,3,51,2,19,48,11,15,119,16
2015,May,5,30,Oneida,21,89,59,29,158,3,10,36,23,7,72,0,11,53,36,22,86,3
2015,May,5,31,Onondaga,47,179,63,61,381,18,20,69,33,8,159,10,27,110,30,53,222,8
2015,May,5,32,Ontario,7,32,25,12,56,3,3,11,8,1,14,3,4,21,17,11,42,0
2015,May,5,33,Orange,32,71,70,14,115,10,16,22,19,2,36,2,16,49,51,12,79,8
2015,May,5,34,Orleans,9,23,6,14,25,2,5,8,1,3,6,1,4,15,5,11,19,1
2015,May,5,35,Oswego,23,31,25,10,123,7,9,13,3,3,52,1,14,18,22,7,71,6
2015,May,5,36,Otsego,3,7,1,0,9,1,2,2,1,0,5,0,1,5,0,0,4,1
2015,May,5,37,Putnam,1,8,2,2,6,0,0,2,0,0,2,0,1,6,2,2,4,0
2015,May,5,38,Rensselaer,3,46,26,9,75,3,3,25,15,3,55,1,0,21,11,6,20,2
2015,May,5,39,Rockland,14,28,6,17,99,6,2,12,1,2,27,1,12,16,5,15,72,5
2015,May,5,41,Saratoga,5,5,6,1,13,1,2,1,3,0,9,0,3,4,3,1,4,1
2015,May,5,42,Schenectady,26,54,31,39,104,6,11,21,11,5,40,4,15,33,20,34,64,2
2015,May,5,43,Schoharie,1,2,1,2,12,1,1,0,0,1,5,0,0,2,1,1,7,1
2015,May,5,44,Schuyler,3,8,3,3,17,0,1,2,0,2,7,0,2,6,3,1,10,0
2015,May,5,45,Seneca,0,15,6,0,9,1,0,6,1,0,5,1,0,9,5,0,4,0
2015,May,5,46,Steuben,7,31,8,18,48,0,5,7,3,5,16,0,2,24,5,13,32,0
2015,May,5,40,St. Lawrence,12,36,16,18,76,1,7,14,6,4,35,0,5,22,10,14,41,1
2015,May,5,47,Suffolk,111,255,173,114,1136,51,47,77,48,10,268,9,64,178,125,104,868,42
2015,May,5,48,Sullivan,2,13,9,16,15,4,2,6,3,3,7,1,0,7,6,13,8,3
2015,May,5,49,Tioga,1,6,5,0,15,1,1,0,0,0,10,0,0,6,5,0,5,1
2015,May,5,50,Tompkins,6,25,8,6,54,3,4,6,3,0,17,0,2,19,5,6,37,3
2015,May,5,51,Ulster,18,62,57,5,111,9,10,21,16,0,36,2,8,41,41,5,75,7
2015,May,5,52,Warren,4,12,4,11,13,1,2,4,2,5,9,1,2,8,2,6,4,0
2015,May,5,53,Washington,4,6,3,1,12,1,3,2,1,0,7,0,1,4,2,1,5,1
2015,May,5,54,Wayne,8,10,10,3,27,0,5,3,0,1,8,0,3,7,10,2,19,0
2015,May,5,55,Westchester,47,142,95,60,390,10,13,44,21,3,127,1,34,98,74,57,263,9
2015,May,5,56,Wyoming,0,5,4,2,1,0,0,1,0,0,0,0,0,4,4,2,1,0
2015,May,5,57,Yates,1,5,2,1,6,2,1,0,1,1,5,1,0,5,1,0,1,1
2015,April,4,1,Albany,19,52,64,29,89,8,7,20,30,8,40,5,12,32,34,21,49,3
2015,April,4,2,Allegany,3,7,2,2,14,3,3,3,1,1,9,2,0,4,1,1,5,1
2015,April,4,3,Broome,34,80,41,20,299,17,19,21,11,2,86,5,15,59,30,18,213,12
2015,April,4,4,Cattaraugus,6,10,7,4,36,1,2,0,1,1,10,0,4,10,6,3,26,1
2015,April,4,5,Cayuga,8,18,11,2,19,2,5,3,2,0,5,0,3,15,9,2,14,2
2015,April,4,6,Chautauqua,20,39,33,14,53,6,12,13,13,6,22,3,8,26,20,8,31,3
2015,April,4,7,Chemung,6,13,8,3,28,3,1,3,4,0,20,0,5,10,4,3,8,3
2015,April,4,8,Chenango,0,8,6,6,18,1,0,0,3,1,8,1,0,8,3,5,10,0
2015,April,4,9,Clinton,11,19,4,19,36,5,2,3,0,7,10,2,9,16,4,12,26,3
2015,April,4,10,Columbia,4,5,7,3,26,5,3,2,1,0,9,2,1,3,6,3,17,3
2015,April,4,11,Cortland,8,13,14,0,25,1,3,4,4,0,5,0,5,9,10,0,20,1
2015,April,4,12,Delaware,4,6,5,4,22,0,0,3,3,1,11,0,4,3,2,3,11,0
2015,April,4,13,Dutchess,10,19,18,16,82,6,2,8,4,6,33,1,8,11,14,10,49,5
2015,April,4,14,Erie,158,242,108,92,414,17,44,107,28,18,163,2,114,135,80,74,251,15
2015,April,4,15,Essex,3,2,0,0,7,0,0,1,0,0,5,0,3,1,0,0,2,0
2015,April,4,16,Franklin,11,14,5,14,11,1,2,3,1,2,4,0,9,11,4,12,7,1
2015,April,4,17,Fulton,5,9,5,10,13,1,3,4,1,5,7,1,2,5,4,5,6,0
2015,April,4,18,Genesee,2,10,6,4,24,1,0,1,1,2,10,0,2,9,5,2,14,1
2015,April,4,19,Greene,5,20,7,4,19,0,2,9,2,1,4,0,3,11,5,3,15,0
2015,April,4,20,Hamilton,0,0,1,0,0,0,0,0,1,0,0,0,0,0,0,0,0,0
2015,April,4,21,Herkimer,5,13,8,5,33,1,3,5,5,0,8,1,2,8,3,5,25,0
2015,April,4,22,Jefferson,15,36,14,11,60,2,11,10,5,1,18,1,4,26,9,10,42,1
2015,April,4,23,Lewis,3,2,1,0,5,0,3,1,1,0,2,0,0,1,0,0,3,0
2015,April,4,24,Livingston,8,15,14,4,21,4,1,7,5,1,11,0,7,8,9,3,10,4
2015,April,4,25,Madison,3,4,5,4,10,0,2,0,1,2,5,0,1,4,4,2,5,0
2015,April,4,26,Monroe,31,248,98,83,855,25,16,77,27,12,285,11,15,171,71,71,570,14
2015,April,4,27,Montgomery,6,10,6,8,27,0,4,3,3,2,14,0,2,7,3,6,13,0
2015,April,4,28,Nassau,48,149,151,108,378,17,24,49,28,7,102,5,24,100,123,101,276,12
2015,April,4,66,New York City,400,3382,568,1368,5505,2875,202,885,105,160,1942,247,198,2497,463,1208,3563,2628
2015,April,4,29,Niagara,15,61,14,11,141,9,7,23,5,2,34,3,8,38,9,9,107,6
2015,April,4,30,Oneida,12,65,53,25,143,3,9,28,20,3,53,0,3,37,33,22,90,3
2015,April,4,31,Onondaga,33,161,70,64,353,16,20,68,22,13,154,3,13,93,48,51,199,13
2015,April,4,32,Ontario,11,30,23,7,40,6,5,5,3,0,17,3,6,25,20,7,23,3
2015,April,4,33,Orange,21,51,59,6,111,7,6,20,15,1,52,1,15,31,44,5,59,6
2015,April,4,34,Orleans,5,20,4,9,31,4,4,5,1,0,9,2,1,15,3,9,22,2
2015,April,4,35,Oswego,26,28,28,18,99,11,16,11,9,6,44,1,10,17,19,12,55,10
2015,April,4,36,Otsego,2,4,4,0,7,1,2,0,1,0,3,0,0,4,3,0,4,1
2015,April,4,37,Putnam,0,6,2,1,6,0,0,1,1,1,1,0,0,5,1,0,5,0
2015,April,4,38,Rensselaer,13,30,20,5,69,4,8,19,16,0,55,3,5,11,4,5,14,1
2015,April,4,39,Rockland,9,37,15,20,92,10,6,10,4,5,28,3,3,27,11,15,64,7
2015,April,4,41,Saratoga,3,7,3,1,21,0,1,2,0,1,8,0,2,5,3,0,13,0
2015,April,4,42,Schenectady,23,34,31,34,96,6,9,13,11,2,34,2,14,21,20,32,62,4
2015,April,4,43,Schoharie,1,3,1,2,8,2,0,0,1,0,2,1,1,3,0,2,6,1
2015,April,4,44,Schuyler,1,6,8,2,8,0,0,2,4,0,2,0,1,4,4,2,6,0
2015,April,4,45,Seneca,3,4,9,0,8,2,2,1,1,0,3,1,1,3,8,0,5,1
2015,April,4,46,Steuben,23,19,21,11,38,0,11,5,5,3,11,0,12,14,16,8,27,0
2015,April,4,40,St. Lawrence,16,26,17,10,54,3,5,11,2,2,25,1,11,15,15,8,29,2
2015,April,4,47,Suffolk,140,217,182,102,1289,44,52,59,43,8,321,12,88,158,139,94,968,32
2015,April,4,48,Sullivan,8,10,12,8,15,1,5,3,3,1,8,0,3,7,9,7,7,1
2015,April,4,49,Tioga,5,5,11,1,7,1,1,0,6,0,2,0,4,5,5,1,5,1
2015,April,4,50,Tompkins,14,19,10,7,45,2,5,4,4,0,8,2,9,15,6,7,37,0
2015,April,4,51,Ulster,24,30,43,5,106,9,11,11,11,0,32,4,13,19,32,5,74,5
2015,April,4,52,Warren,6,9,3,6,18,1,2,2,1,4,8,0,4,7,2,2,10,1
2015,April,4,53,Washington,3,4,4,4,7,1,3,2,2,0,4,0,0,2,2,4,3,1
2015,April,4,54,Wayne,3,15,7,0,24,0,0,1,1,0,8,0,3,14,6,0,16,0
2015,April,4,55,Westchester,39,92,87,29,325,16,12,29,19,4,116,4,27,63,68,25,209,12
2015,April,4,56,Wyoming,1,5,2,0,2,1,1,0,1,0,1,1,0,5,1,0,1,0
2015,April,4,57,Yates,4,4,4,1,6,1,1,1,1,0,3,1,3,3,3,1,3,0
2015,March,3,1,Albany,21,68,82,30,120,13,13,23,23,8,40,3,8,45,59,22,80,10
2015,March,3,2,Allegany,5,13,6,2,13,1,5,7,2,0,9,0,0,6,4,2,4,1
2015,March,3,3,Broome,29,74,49,17,366,19,14,20,14,2,111,3,15,54,35,15,255,16
2015,March,3,4,Cattaraugus,6,12,7,8,24,1,2,3,4,1,9,0,4,9,3,7,15,1
2015,March,3,5,Cayuga,18,11,7,6,5,1,11,6,4,0,4,0,7,5,3,6,1,1
2015,March,3,6,Chautauqua,17,57,29,18,66,9,12,19,14,4,25,2,5,38,15,14,41,7
2015,March,3,7,Chemung,13,8,7,10,35,4,5,2,0,3,22,0,8,6,7,7,13,4
2015,March,3,8,Chenango,3,7,6,7,17,2,2,2,3,2,11,0,1,5,3,5,6,2
2015,March,3,9,Clinton,13,18,11,17,37,10,4,3,1,7,12,6,9,15,10,10,25,4
2015,March,3,10,Columbia,7,15,14,3,24,1,5,5,7,1,10,0,2,10,7,2,14,1
2015,March,3,11,Cortland,11,24,17,4,28,3,7,6,4,0,11,1,4,18,13,4,17,2
2015,March,3,12,Delaware,3,8,3,3,14,1,0,1,1,0,11,0,3,7,2,3,3,1
2015,March,3,13,Dutchess,18,12,13,12,83,4,9,2,1,2,18,3,9,10,12,10,65,1
2015,March,3,14,Erie,129,255,147,106,460,27,45,88,52,19,175,4,84,167,95,87,285,23
2015,March,3,15,Essex,2,7,1,1,4,0,1,0,0,0,3,0,1,7,1,1,1,0
2015,March,3,16,Franklin,8,14,13,10,13,2,4,5,2,1,6,1,4,9,11,9,7,1
2015,March,3,17,Fulton,6,13,3,13,14,0,3,4,1,4,10,0,3,9,2,9,4,0
2015,March,3,18,Genesee,2,5,4,9,19,3,0,3,0,3,9,2,2,2,4,6,10,1
2015,March,3,19,Greene,5,24,12,8,25,2,1,6,6,1,9,0,4,18,6,7,16,2
2015,March,3,20,Hamilton,0,0,0,0,1,0,0,0,0,0,0,0,0,0,0,0,1,0
2015,March,3,21,Herkimer,6,18,5,3,36,1,3,4,0,3,17,0,3,14,5,0,19,1
2015,March,3,22,Jefferson,17,35,23,17,87,9,10,10,7,3,13,2,7,25,16,14,74,7
2015,March,3,23,Lewis,1,3,2,0,6,1,1,2,0,0,3,0,0,1,2,0,3,1
2015,March,3,24,Livingston,10,27,10,4,22,2,5,10,3,1,9,2,5,17,7,3,13,0
2015,March,3,25,Madison,6,2,3,1,3,0,4,0,1,0,1,0,2,2,2,1,2,0
2015,March,3,26,Monroe,33,229,72,67,813,19,15,74,17,5,292,4,18,155,55,62,521,15
2015,March,3,27,Montgomery,6,12,3,1,17,0,4,3,0,0,9,0,2,9,3,1,8,0
2015,March,3,28,Nassau,57,119,159,69,495,28,22,39,22,7,122,8,35,80,137,62,373,20
2015,March,3,66,New York City,435,3215,547,1634,7695,2997,237,902,98,170,2799,269,198,2313,449,1464,4896,2728
2015,March,3,29,Niagara,18,43,14,20,164,24,8,20,5,2,39,3,10,23,9,18,125,21
2015,March,3,30,Oneida,13,69,49,27,179,13,9,28,23,5,90,3,4,41,26,22,89,10
2015,March,3,31,Onondaga,39,138,54,70,386,19,22,57,21,12,177,6,17,81,33,58,209,13
2015,March,3,32,Ontario,10,31,19,12,52,4,6,12,8,1,17,0,4,19,11,11,35,4
2015,March,3,33,Orange,15,61,72,14,128,8,9,25,18,4,31,2,6,36,54,10,97,6
2015,March,3,34,Orleans,3,27,11,8,34,3,1,8,4,0,15,1,2,19,7,8,19,2
2015,March,3,35,Oswego,24,29,35,18,131,11,13,8,5,7,52,2,11,21,30,11,79,9
2015,March,3,36,Otsego,2,8,2,0,4,0,0,2,0,0,2,0,2,6,2,0,2,0
2015,March,3,37,Putnam,1,2,3,0,9,0,0,0,0,0,1,0,1,2,3,0,8,0
2015,March,3,38,Rensselaer,9,50,31,10,87,4,4,28,19,7,49,1,5,22,12,3,38,3
2015,March,3,39,Rockland,16,22,10,14,111,7,9,9,3,4,39,3,7,13,7,10,72,4
2015,March,3,41,Saratoga,6,4,6,0,13,0,3,0,2,0,7,0,3,4,4,0,6,0
2015,March,3,42,Schenectady,19,49,30,47,133,12,7,12,14,3,47,4,12,37,16,44,86,8
2015,March,3,43,Schoharie,1,5,2,0,4,2,1,2,1,0,2,2,0,3,1,0,2,0
2015,March,3,44,Schuyler,5,7,2,3,7,1,1,1,0,0,5,0,4,6,2,3,2,1
2015,March,3,45,Seneca,3,5,5,1,5,0,1,1,3,0,2,0,2,4,2,1,3,0
2015,March,3,46,Steuben,12,25,20,24,35,2,6,6,6,2,7,1,6,19,14,22,28,1
2015,March,3,40,St. Lawrence,16,18,15,7,66,4,11,5,7,3,30,1,5,13,8,4,36,3
2015,March,3,47,Suffolk,131,216,156,91,1316,44,58,63,30,7,307,7,73,153,126,84,1009,37
2015,March,3,48,Sullivan,9,10,10,3,37,2,3,5,6,0,18,1,6,5,4,3,19,1
2015,March,3,49,Tioga,4,5,16,1,10,3,3,1,7,0,7,1,1,4,9,1,3,2
2015,March,3,50,Tompkins,6,13,10,1,61,2,1,3,3,0,15,0,5,10,7,1,46,2
2015,March,3,51,Ulster,15,40,61,9,101,5,7,11,13,2,32,2,8,29,48,7,69,3
2015,March,3,52,Warren,2,10,12,8,13,0,1,0,4,2,3,0,1,10,8,6,10,0
2015,March,3,53,Washington,4,9,10,4,21,1,3,0,1,1,9,0,1,9,9,3,12,1
2015,March,3,54,Wayne,4,17,5,2,23,1,2,6,2,1,12,0,2,11,3,1,11,1
2015,March,3,55,Westchester,49,98,91,49,340,22,17,28,19,6,95,4,32,70,72,43,245,18
2015,March,3,56,Wyoming,2,7,3,0,4,0,1,3,2,0,2,0,1,4,1,0,2,0
2015,March,3,57,Yates,1,10,3,0,12,2,1,2,0,0,5,0,0,8,3,0,7,2
2015,February,2,1,Albany,19,53,56,33,153,3,12,22,24,5,69,0,7,31,32,28,84,3
2015,February,2,2,Allegany,5,9,4,1,13,1,3,4,3,0,8,0,2,5,1,1,5,1
2015,February,2,3,Broome,23,83,39,15,272,18,12,20,13,1,94,11,11,63,26,14,178,7
2015,February,2,4,Cattaraugus,12,14,9,7,22,1,9,7,1,2,9,0,3,7,8,5,13,1
2015,February,2,5,Cayuga,3,8,6,2,14,2,1,1,3,1,5,0,2,7,3,1,9,2
2015,February,2,6,Chautauqua,8,42,24,17,80,6,2,22,4,6,39,4,6,20,20,11,41,2
2015,February,2,7,Chemung,3,8,6,6,36,3,1,2,3,3,23,0,2,6,3,3,13,3
2015,February,2,8,Chenango,6,9,0,3,21,0,5,2,0,1,12,0,1,7,0,2,9,0
2015,February,2,9,Clinton,11,12,11,17,32,10,3,5,2,5,10,6,8,7,9,12,22,4
2015,February,2,10,Columbia,4,14,12,1,31,0,1,7,4,0,10,0,3,7,8,1,21,0
2015,February,2,11,Cortland,7,20,7,1,18,2,3,6,3,1,9,0,4,14,4,0,9,2
2015,February,2,12,Delaware,1,10,5,4,24,0,1,0,3,2,10,0,0,10,2,2,14,0
2015,February,2,13,Dutchess,7,25,16,8,85,4,1,6,4,1,33,0,6,19,12,7,52,4
2015,February,2,14,Erie,155,245,114,99,470,22,36,115,29,21,165,5,119,130,85,78,305,17
2015,February,2,15,Essex,2,2,1,1,7,0,1,2,0,0,3,0,1,0,1,1,4,0
2015,February,2,16,Franklin,10,10,8,16,7,1,2,4,2,3,3,0,8,6,6,13,4,1
2015,February,2,17,Fulton,6,8,6,24,23,1,4,3,2,2,13,0,2,5,4,22,10,1
2015,February,2,18,Genesee,4,5,7,13,26,1,2,0,4,1,11,0,2,5,3,12,15,1
2015,February,2,19,Greene,3,17,8,5,15,1,2,6,4,2,4,1,1,11,4,3,11,0
2015,February,2,20,Hamilton,1,0,1,0,0,0,1,0,1,0,0,0,0,0,0,0,0,0
2015,February,2,21,Herkimer,9,3,6,13,38,0,3,2,3,2,16,0,6,1,3,11,22,0
2015,February,2,22,Jefferson,12,23,10,14,66,1,5,3,3,0,15,1,7,20,7,14,51,0
2015,February,2,23,Lewis,2,3,0,2,4,2,2,0,0,1,3,1,0,3,0,1,1,1
2015,February,2,24,Livingston,3,25,10,3,19,5,2,10,2,1,8,1,1,15,8,2,11,4
2015,February,2,25,Madison,4,9,0,2,13,2,2,2,0,0,7,1,2,7,0,2,6,1
2015,February,2,26,Monroe,28,205,77,75,780,16,19,73,25,11,281,6,9,132,52,64,499,10
2015,February,2,27,Montgomery,3,6,6,6,27,0,1,4,1,2,19,0,2,2,5,4,8,0
2015,February,2,28,Nassau,67,92,92,66,399,29,28,38,25,8,104,6,39,54,67,58,295,23
2015,February,2,66,New York City,376,2562,546,903,5089,2799,204,677,102,152,1971,256,172,1885,444,751,3118,2543
2015,February,2,29,Niagara,25,48,24,17,150,7,12,19,5,2,41,2,13,29,19,15,109,5
2015,February,2,30,Oneida,21,58,48,26,128,6,10,23,18,7,61,1,11,35,30,19,67,5
2015,February,2,31,Onondaga,30,125,43,90,376,14,16,45,15,17,158,5,14,80,28,73,218,9
2015,February,2,32,Ontario,7,29,16,11,38,3,3,9,5,0,12,0,4,20,11,11,26,3
2015,February,2,33,Orange,22,57,53,7,99,4,9,18,6,0,33,2,13,39,47,7,66,2
2015,February,2,34,Orleans,3,22,8,4,26,0,1,9,4,1,8,0,2,13,4,3,18,0
2015,February,2,35,Oswego,11,28,17,20,118,4,6,7,7,2,51,0,5,21,10,18,67,4
2015,February,2,36,Otsego,6,9,3,0,6,0,4,3,0,0,3,0,2,6,3,0,3,0
2015,February,2,37,Putnam,1,3,5,0,7,1,1,0,2,0,3,0,0,3,3,0,4,1
2015,February,2,38,Rensselaer,14,37,25,3,69,3,10,20,15,1,46,1,4,17,10,2,23,2
2015,February,2,39,Rockland,14,24,8,10,79,8,6,8,2,0,24,2,8,16,6,10,55,6
2015,February,2,41,Saratoga,5,7,2,0,15,0,3,3,1,0,7,0,2,4,1,0,8,0
2015,February,2,42,Schenectady,16,47,60,40,94,8,7,16,11,6,46,3,9,31,49,34,48,5
2015,February,2,43,Schoharie,3,5,1,0,6,0,0,1,0,0,3,0,3,4,1,0,3,0
2015,February,2,44,Schuyler,1,2,2,0,6,0,0,0,1,0,1,0,1,2,1,0,5,0
2015,February,2,45,Seneca,4,8,9,0,10,1,0,2,5,0,3,0,4,6,4,0,7,1
2015,February,2,46,Steuben,16,17,12,16,37,1,8,4,0,4,15,0,8,13,12,12,22,1
2015,February,2,40,St. Lawrence,15,17,12,4,72,4,7,5,6,1,34,2,8,12,6,3,38,2
2015,February,2,47,Suffolk,130,183,132,66,1016,40,53,69,37,11,242,9,77,114,95,55,774,31
2015,February,2,48,Sullivan,4,8,12,3,13,5,3,4,6,3,7,2,1,4,6,0,6,3
2015,February,2,49,Tioga,3,8,1,0,10,6,3,3,0,0,5,1,0,5,1,0,5,5
2015,February,2,50,Tompkins,10,23,9,3,28,2,6,7,2,1,7,0,4,16,7,2,21,2
2015,February,2,51,Ulster,22,37,48,8,103,7,14,12,13,0,39,2,8,25,35,8,64,5
2015,February,2,52,Warren,6,9,3,8,8,0,2,1,0,3,1,0,4,8,3,5,7,0
2015,February,2,53,Washington,3,6,2,6,13,1,3,1,1,2,5,0,0,5,1,4,8,1
2015,February,2,54,Wayne,4,5,5,2,19,1,2,3,2,0,8,1,2,2,3,2,11,0
2015,February,2,55,Westchester,42,106,94,47,364,12,14,36,15,2,130,3,28,70,79,45,234,9
2015,February,2,56,Wyoming,2,3,2,0,2,0,1,3,0,0,1,0,1,0,2,0,1,0
2015,February,2,57,Yates,1,8,3,0,15,1,1,2,2,0,8,1,0,6,1,0,7,0
2015,January,1,1,Albany,15,63,51,22,137,5,6,20,19,4,48,2,9,43,32,18,89,3
2015,January,1,2,Allegany,3,13,4,3,11,1,2,5,2,0,6,1,1,8,2,3,5,0
2015,January,1,3,Broome,17,64,31,22,291,10,8,19,8,4,85,1,9,45,23,18,206,9
2015,January,1,4,Cattaraugus,7,11,10,4,18,1,5,3,3,1,6,0,2,8,7,3,12,1
2015,January,1,5,Cayuga,7,12,4,1,9,0,3,2,0,0,3,0,4,10,4,1,6,0
2015,January,1,6,Chautauqua,15,24,25,13,65,3,9,11,5,2,31,1,6,13,20,11,34,2
2015,January,1,7,Chemung,9,11,1,6,41,5,6,4,0,2,20,1,3,7,1,4,21,4
2015,January,1,8,Chenango,3,11,9,1,15,1,2,2,3,0,5,0,1,9,6,1,10,1
2015,January,1,9,Clinton,12,15,13,22,48,12,5,5,2,4,20,4,7,10,11,18,28,8
2015,January,1,10,Columbia,1,12,8,2,19,1,1,3,1,0,8,0,0,9,7,2,11,1
2015,January,1,11,Cortland,8,15,8,0,18,3,5,7,1,0,1,1,3,8,7,0,17,2
2015,January,1,12,Delaware,5,5,4,6,12,2,4,1,2,2,7,1,1,4,2,4,5,1
2015,January,1,13,Dutchess,7,24,18,8,90,4,4,8,3,2,25,2,3,16,15,6,65,2
2015,January,1,14,Erie,133,216,117,124,429,21,51,79,48,31,151,6,82,137,69,93,278,15
2015,January,1,15,Essex,2,1,0,1,4,0,2,1,0,0,2,0,0,0,0,1,2,0
2015,January,1,16,Franklin,8,10,11,19,8,1,2,1,5,6,2,1,6,9,6,13,6,0
2015,January,1,17,Fulton,8,17,0,29,19,1,4,5,0,6,11,0,4,12,0,23,8,1
2015,January,1,18,Genesee,4,7,6,8,15,0,1,3,2,4,6,0,3,4,4,4,9,0
2015,January,1,19,Greene,4,16,6,10,16,0,2,7,2,5,2,0,2,9,4,5,14,0
2015,January,1,20,Hamilton,0,0,0,0,1,0,0,0,0,0,0,0,0,0,0,0,1,0
2015,January,1,21,Herkimer,2,7,7,5,27,0,1,3,3,1,16,0,1,4,4,4,11,0
2015,January,1,22,Jefferson,13,26,19,23,63,6,6,7,3,2,17,1,7,19,16,21,46,5
2015,January,1,23,Lewis,1,2,2,2,0,1,1,1,2,2,0,0,0,1,0,0,0,1
2015,January,1,24,Livingston,5,18,7,1,20,7,4,7,1,0,6,1,1,11,6,1,14,6
2015,January,1,25,Madison,1,7,3,6,14,0,0,2,2,2,6,0,1,5,1,4,8,0
2015,January,1,26,Monroe,30,215,69,62,804,25,20,65,20,4,299,6,10,150,49,58,505,19
2015,January,1,27,Montgomery,10,16,2,8,21,2,4,6,1,3,14,0,6,10,1,5,7,2
2015,January,1,28,Nassau,72,125,140,62,412,16,32,42,20,5,117,3,40,83,120,57,295,13
2015,January,1,66,New York City,358,2349,466,1361,3246,2900,221,659,93,177,1162,213,137,1690,373,1184,2084,2687
2015,January,1,29,Niagara,28,36,27,12,164,6,19,11,8,1,58,2,9,25,19,11,106,4
2015,January,1,30,Oneida,16,67,65,23,152,9,10,21,24,5,64,1,6,46,41,18,88,8
2015,January,1,31,Onondaga,41,122,52,61,404,24,24,54,21,15,183,8,17,68,31,46,221,16
2015,January,1,32,Ontario,6,21,24,8,33,5,3,5,3,1,11,3,3,16,21,7,22,2
2015,January,1,33,Orange,16,63,53,13,136,9,3,24,10,2,45,2,13,39,43,11,91,7
2015,January,1,34,Orleans,1,18,12,6,25,2,0,5,3,0,6,1,1,13,9,6,19,1
2015,January,1,35,Oswego,12,21,23,18,108,5,4,7,4,2,51,1,8,14,19,16,57,4
2015,January,1,36,Otsego,1,5,3,0,7,0,0,0,0,0,2,0,1,5,3,0,5,0
2015,January,1,37,Putnam,1,1,5,1,7,1,0,0,0,0,2,0,1,1,5,1,5,1
2015,January,1,38,Rensselaer,15,33,20,8,61,4,13,21,15,3,38,1,2,12,5,5,23,3
2015,January,1,39,Rockland,8,28,9,4,81,8,6,11,4,0,23,3,2,17,5,4,58,5
2015,January,1,41,Saratoga,2,7,6,0,9,1,2,3,4,0,3,0,0,4,2,0,6,1
2015,January,1,42,Schenectady,18,45,27,42,86,8,10,17,13,8,35,3,8,28,14,34,51,5
2015,January,1,43,Schoharie,3,1,2,0,4,0,1,1,0,0,0,0,2,0,2,0,4,0
2015,January,1,44,Schuyler,0,4,5,0,5,0,0,0,2,0,2,0,0,4,3,0,3,0
2015,January,1,45,Seneca,1,8,4,1,9,0,1,3,3,1,3,0,0,5,1,0,6,0
2015,January,1,46,Steuben,10,24,11,20,43,2,5,4,3,9,15,0,5,20,8,11,28,2
2015,January,1,40,St. Lawrence,9,19,10,15,87,4,3,12,1,3,46,1,6,7,9,12,41,3
2015,January,1,47,Suffolk,110,218,151,68,1111,48,43,72,32,7,248,8,67,146,119,61,863,40
2015,January,1,48,Sullivan,2,6,10,3,31,4,2,1,3,1,17,0,0,5,7,2,14,4
2015,January,1,49,Tioga,5,5,7,2,6,0,5,0,5,0,2,0,0,5,2,2,4,0
2015,January,1,50,Tompkins,1,16,13,3,38,1,1,7,2,0,9,0,0,9,11,3,29,1
2015,January,1,51,Ulster,14,31,57,3,107,11,8,9,18,1,39,4,6,22,39,2,68,7
2015,January,1,52,Warren,5,3,4,10,12,0,4,0,2,4,3,0,1,3,2,6,9,0
2015,January,1,53,Washington,3,5,8,3,12,2,1,0,3,1,7,0,2,5,5,2,5,2
2015,January,1,54,Wayne,2,13,8,1,24,1,2,2,2,1,9,0,0,11,6,0,15,1
2015,January,1,55,Westchester,53,140,109,37,373,16,18,46,14,5,137,5,35,94,95,32,236,11
2015,January,1,56,Wyoming,4,2,2,0,1,1,4,2,0,0,0,0,0,0,2,0,1,1
2015,January,1,57,Yates,2,3,5,0,8,3,2,0,3,0,3,0,0,3,2,0,5,3
2014,December,12,1,Albany,17,57,62,22,117,7,8,29,27,2,63,3,9,28,35,20,54,4
2014,December,12,2,Allegany,0,8,5,1,9,2,0,2,5,0,8,1,0,6,0,1,1,1
2014,December,12,3,Broome,20,69,38,16,266,14,8,19,10,5,79,4,12,50,28,11,187,10
2014,December,12,4,Cattaraugus,4,6,4,6,30,1,2,2,0,0,13,0,2,4,4,6,17,1
2014,December,12,5,Cayuga,3,10,15,1,4,1,2,3,3,0,2,0,1,7,12,1,2,1
2014,December,12,6,Chautauqua,10,39,32,14,85,9,7,20,11,4,46,3,3,19,21,10,39,6
2014,December,12,7,Chemung,8,8,7,3,39,4,4,5,2,0,7,0,4,3,5,3,32,4
2014,December,12,8,Chenango,5,7,6,2,22,2,3,3,2,0,11,0,2,4,4,2,11,2
2014,December,12,9,Clinton,9,19,8,17,27,12,2,9,1,2,8,7,7,10,7,15,19,5
2014,December,12,10,Columbia,5,12,16,7,25,0,3,3,6,1,15,0,2,9,10,6,10,0
2014,December,12,11,Cortland,6,14,7,4,19,3,2,7,1,0,7,0,4,7,6,4,12,3
2014,December,12,12,Delaware,1,4,6,1,9,2,0,0,2,1,5,2,1,4,4,0,4,0
2014,December,12,13,Dutchess,8,31,16,17,80,4,4,10,3,5,29,1,4,21,13,12,51,3
2014,December,12,14,Erie,140,244,121,107,469,16,42,109,31,24,161,4,98,135,90,83,308,12
2014,December,12,15,Essex,1,3,2,3,5,0,1,0,1,1,3,0,0,3,1,2,2,0
2014,December,12,16,Franklin,4,9,4,13,8,1,3,4,2,6,4,0,1,5,2,7,4,1
2014,December,12,17,Fulton,6,11,2,24,16,2,1,6,1,4,7,0,5,5,1,20,9,2
2014,December,12,18,Genesee,1,11,4,3,13,4,1,2,1,1,7,1,0,9,3,2,6,3
2014,December,12,19,Greene,9,19,6,16,25,1,4,8,3,3,4,1,5,11,3,13,21,0
2014,December,12,20,Hamilton,0,2,1,0,1,0,0,1,1,0,0,0,0,1,0,0,1,0
2014,December,12,21,Herkimer,4,8,7,7,27,2,2,3,4,1,13,0,2,5,3,6,14,2
2014,December,12,22,Jefferson,12,24,20,16,76,2,8,9,4,0,18,0,4,15,16,16,58,2
2014,December,12,23,Lewis,2,1,0,0,2,2,1,1,0,0,1,1,1,0,0,0,1,1
2014,December,12,24,Livingston,9,23,5,0,27,5,5,9,1,0,10,1,4,14,4,0,17,4
2014,December,12,25,Madison,1,9,3,0,7,0,1,4,1,0,2,0,0,5,2,0,5,0
2014,December,12,26,Monroe,29,252,96,82,895,12,16,97,28,9,332,2,13,155,68,73,563,10
2014,December,12,27,Montgomery,10,12,8,5,25,1,7,8,6,0,17,0,3,4,2,5,8,1
2014,December,12,28,Nassau,60,103,106,67,305,23,22,40,21,6,86,7,38,63,85,61,219,16
2014,December,12,66,New York City,376,4313,584,1743,7440,3108,205,1157,148,202,2844,281,171,3156,436,1541,4596,2827
2014,December,12,29,Niagara,15,74,13,15,180,11,9,28,4,3,54,2,6,46,9,12,126,9
2014,December,12,30,Oneida,15,63,32,15,138,7,12,22,12,4,68,0,3,41,20,11,70,7
2014,December,12,31,Onondaga,26,145,56,83,335,9,10,70,21,12,135,3,16,75,35,71,200,6
2014,December,12,32,Ontario,7,21,30,17,35,1,5,8,11,3,10,1,2,13,19,14,25,0
2014,December,12,33,Orange,25,54,44,10,125,3,11,15,13,1,47,2,14,39,31,9,78,1
2014,December,12,34,Orleans,1,11,13,6,24,1,0,3,5,2,12,0,1,8,8,4,12,1
2014,December,12,35,Oswego,21,25,30,27,112,3,12,10,8,5,44,1,9,15,22,22,68,2
2014,December,12,36,Otsego,1,3,1,0,10,0,1,1,1,0,3,0,0,2,0,0,7,0
2014,December,12,37,Putnam,0,5,2,0,4,1,0,2,0,0,0,1,0,3,2,0,4,0
2014,December,12,38,Rensselaer,6,45,32,4,85,4,4,31,20,1,58,1,2,14,12,3,27,3
2014,December,12,39,Rockland,6,35,21,9,72,9,3,9,9,0,30,5,3,26,12,9,42,4
2014,December,12,41,Saratoga,6,3,6,1,5,0,3,0,2,0,2,0,3,3,4,1,3,0
2014,December,12,42,Schenectady,13,48,30,44,98,11,5,19,13,7,52,2,8,29,17,37,46,9
2014,December,12,43,Schoharie,3,2,4,1,6,1,1,0,0,0,3,0,2,2,4,1,3,1
2014,December,12,44,Schuyler,2,4,7,0,3,1,1,0,0,0,0,0,1,4,7,0,3,1
2014,December,12,45,Seneca,2,4,6,0,8,1,0,2,3,0,4,0,2,2,3,0,4,1
2014,December,12,46,Steuben,17,12,8,22,46,0,7,8,1,6,16,0,10,4,7,16,30,0
2014,December,12,40,St. Lawrence,3,31,11,13,55,3,2,15,4,3,20,0,1,16,7,10,35,3
2014,December,12,47,Suffolk,128,213,154,90,1117,59,54,75,29,12,271,11,74,138,125,78,846,48
2014,December,12,48,Sullivan,5,5,5,2,21,2,2,2,2,0,13,1,3,3,3,2,8,1
2014,December,12,49,Tioga,4,5,5,4,7,1,1,0,2,0,2,0,3,5,3,4,5,1
2014,December,12,50,Tompkins,3,22,12,1,34,2,1,7,2,0,10,1,2,15,10,1,24,1
2014,December,12,51,Ulster,17,38,44,6,93,11,13,13,9,0,29,3,4,25,35,6,64,8
2014,December,12,52,Warren,4,11,8,7,5,0,2,1,2,2,2,0,2,10,6,5,3,0
2014,December,12,53,Washington,2,4,3,1,17,0,1,1,2,0,6,0,1,3,1,1,11,0
2014,December,12,54,Wayne,2,12,6,0,13,0,1,3,2,0,4,0,1,9,4,0,9,0
2014,December,12,55,Westchester,52,151,118,43,318,16,16,40,15,3,118,5,36,111,103,40,200,11
2014,December,12,56,Wyoming,6,6,5,0,4,1,6,2,1,0,3,0,0,4,4,0,1,1
2014,December,12,57,Yates,0,9,7,0,3,1,0,4,2,0,0,1,0,5,5,0,3,0
2014,November,11,1,Albany,14,80,56,21,148,5,10,39,28,5,82,2,4,41,28,16,66,3
2014,November,11,2,Allegany,2,6,5,2,9,0,1,3,3,1,7,0,1,3,2,1,2,0
2014,November,11,3,Broome,23,117,45,24,254,16,13,46,13,6,90,8,10,71,32,18,164,8
2014,November,11,4,Cattaraugus,4,7,6,4,16,4,4,2,4,1,5,1,0,5,2,3,11,3
2014,November,11,5,Cayuga,9,11,10,1,14,2,7,5,2,0,7,1,2,6,8,1,7,1
2014,November,11,6,Chautauqua,9,39,27,10,67,3,4,13,9,5,31,1,5,26,18,5,36,2
2014,November,11,7,Chemung,9,11,11,4,28,3,3,4,7,1,12,0,6,7,4,3,16,3
2014,November,11,8,Chenango,1,6,3,3,12,0,0,0,0,0,7,0,1,6,3,3,5,0
2014,November,11,9,Clinton,5,18,9,11,30,12,2,5,2,1,11,2,3,13,7,10,19,10
2014,November,11,10,Columbia,5,10,6,5,23,3,4,3,4,2,12,2,1,7,2,3,11,1
2014,November,11,11,Cortland,4,22,11,3,19,0,1,8,4,0,3,0,3,14,7,3,16,0
2014,November,11,12,Delaware,2,11,2,2,20,0,2,2,2,1,11,0,0,9,0,1,9,0
2014,November,11,13,Dutchess,13,21,24,13,77,4,5,4,7,4,29,1,8,17,17,9,48,3
2014,November,11,14,Erie,86,199,104,76,361,16,26,84,30,17,136,1,60,115,74,59,225,15
2014,November,11,15,Essex,2,2,1,2,4,0,1,1,1,1,2,0,1,1,0,1,2,0
2014,November,11,16,Franklin,7,10,8,16,6,3,5,2,1,2,3,0,2,8,7,14,3,3
2014,November,11,17,Fulton,2,10,4,11,17,2,1,4,2,1,8,1,1,6,2,10,9,1
2014,November,11,18,Genesee,5,7,3,5,19,1,2,4,1,2,9,1,3,3,2,3,10,0
2014,November,11,19,Greene,3,15,7,9,11,1,2,3,2,2,3,0,1,12,5,7,8,1
2014,November,11,20,Hamilton,0,0,0,0,2,1,0,0,0,0,0,0,0,0,0,0,2,1
2014,November,11,21,Herkimer,8,16,5,1,32,1,4,3,2,1,18,0,4,13,3,0,14,1
2014,November,11,22,Jefferson,11,29,14,11,49,8,7,4,2,2,17,2,4,25,12,9,32,6
2014,November,11,23,Lewis,0,3,0,1,5,0,0,1,0,1,1,0,0,2,0,0,4,0
2014,November,11,24,Livingston,0,18,15,3,26,3,0,6,5,0,12,2,0,12,10,3,14,1
2014,November,11,25,Madison,3,5,4,1,18,1,0,1,3,0,8,0,3,4,1,1,10,1
2014,November,11,26,Monroe,25,263,93,87,993,24,11,85,26,11,395,7,14,178,67,76,598,17
2014,November,11,27,Montgomery,6,15,4,7,27,1,4,7,2,5,15,0,2,8,2,2,12,1
2014,November,11,28,Nassau,38,151,118,96,360,14,14,63,26,8,102,2,24,88,92,88,258,12
2014,November,11,66,New York City,332,2646,514,1387,3387,2752,195,672,122,167,1211,224,137,1974,392,1220,2176,2528
2014,November,11,29,Niagara,19,64,25,15,188,9,7,28,4,2,61,3,12,36,21,13,127,6
2014,November,11,30,Oneida,16,80,38,20,137,10,9,36,17,6,60,3,7,44,21,14,77,7
2014,November,11,31,Onondaga,30,170,49,72,350,22,18,73,18,15,137,5,12,97,31,57,213,17
2014,November,11,32,Ontario,11,21,20,15,45,3,6,6,6,3,17,0,5,15,14,12,28,3
2014,November,11,33,Orange,12,60,69,13,122,9,3,20,14,2,41,2,9,40,55,11,81,7
2014,November,11,34,Orleans,4,36,11,5,21,2,1,11,1,1,8,1,3,25,10,4,13,1
2014,November,11,35,Oswego,10,29,25,6,78,4,8,10,7,2,35,0,2,19,18,4,43,4
2014,November,11,36,Otsego,4,1,3,0,9,0,1,0,3,0,4,0,3,1,0,0,5,0
2014,November,11,37,Putnam,1,6,4,3,3,0,0,2,2,0,0,0,1,4,2,3,3,0
2014,November,11,38,Rensselaer,15,28,19,7,71,1,9,19,16,5,52,1,6,9,3,2,19,0
2014,November,11,39,Rockland,8,32,13,15,76,8,3,13,10,0,27,4,5,19,3,15,49,4
2014,November,11,41,Saratoga,2,3,3,1,12,0,1,1,1,0,3,0,1,2,2,1,9,0
2014,November,11,42,Schenectady,9,61,27,29,61,11,6,28,10,4,31,7,3,33,17,25,30,4
2014,November,11,43,Schoharie,1,5,1,1,3,1,1,0,1,0,2,0,0,5,0,1,1,1
2014,November,11,44,Schuyler,2,4,0,1,3,1,2,1,0,0,2,1,0,3,0,1,1,0
2014,November,11,45,Seneca,1,3,5,0,6,1,1,0,1,0,2,0,0,3,4,0,4,1
2014,November,11,46,Steuben,13,23,23,19,43,1,5,5,5,6,23,1,8,18,18,13,20,0
2014,November,11,40,St. Lawrence,10,23,13,7,46,4,7,5,1,2,27,2,3,18,12,5,19,2
2014,November,11,47,Suffolk,111,185,114,106,1003,40,51,59,32,8,262,8,60,126,82,98,741,32
2014,November,11,48,Sullivan,5,6,5,5,29,0,5,3,2,1,17,0,0,3,3,4,12,0
2014,November,11,49,Tioga,3,10,12,0,11,1,2,3,6,0,7,1,1,7,6,0,4,0
2014,November,11,50,Tompkins,7,15,12,2,50,0,5,4,3,0,13,0,2,11,9,2,37,0
2014,November,11,51,Ulster,16,45,50,1,90,14,10,20,18,0,37,5,6,25,32,1,53,9
2014,November,11,52,Warren,6,3,5,5,14,0,3,0,2,0,3,0,3,3,3,5,11,0
2014,November,11,53,Washington,2,4,3,2,14,0,2,1,3,0,7,0,0,3,0,2,7,0
2014,November,11,54,Wayne,3,13,6,2,23,0,2,4,2,1,13,0,1,9,4,1,10,0
2014,November,11,55,Westchester,53,133,76,36,318,13,20,43,17,5,124,1,33,90,59,31,194,12
2014,November,11,56,Wyoming,2,5,3,1,3,1,2,0,1,1,1,0,0,5,2,0,2,1
2014,November,11,57,Yates,2,4,5,2,6,3,0,1,1,0,2,1,2,3,4,2,4,2
2014,October,10,1,Albany,26,101,98,48,162,14,19,40,32,7,54,2,7,61,66,41,108,12
2014,October,10,2,Allegany,8,9,6,3,11,1,5,4,4,1,8,0,3,5,2,2,3,1
2014,October,10,3,Broome,38,91,91,9,249,15,16,36,46,2,91,7,22,55,45,7,158,8
2014,October,10,4,Cattaraugus,10,13,8,2,26,2,4,4,7,0,9,2,6,9,1,2,17,0
2014,October,10,5,Cayuga,10,13,11,5,9,0,6,0,5,1,5,0,4,13,6,4,4,0
2014,October,10,6,Chautauqua,6,35,33,6,70,4,3,18,9,1,43,1,3,17,24,5,27,3
2014,October,10,7,Chemung,3,14,11,7,28,4,1,2,4,2,15,1,2,12,7,5,13,3
2014,October,10,8,Chenango,5,13,9,2,19,2,1,2,5,0,12,2,4,11,4,2,7,0
2014,October,10,9,Clinton,9,20,10,18,40,7,6,8,1,6,16,3,3,12,9,12,24,4
2014,October,10,10,Columbia,2,22,17,13,18,0,1,8,3,2,8,0,1,14,14,11,10,0
2014,October,10,11,Cortland,9,18,20,1,16,1,5,8,5,0,4,0,4,10,15,1,12,1
2014,October,10,12,Delaware,2,9,5,2,14,3,2,5,3,1,3,2,0,4,2,1,11,1
2014,October,10,13,Dutchess,7,27,22,21,85,10,5,11,5,5,28,4,2,16,17,16,57,6
2014,October,10,14,Erie,216,290,140,168,521,26,59,127,43,27,192,2,157,163,97,141,329,24
2014,October,10,15,Essex,0,2,0,1,3,2,0,0,0,0,1,1,0,2,0,1,2,1
2014,October,10,16,Franklin,2,12,4,15,11,2,1,2,1,1,8,0,1,10,3,14,3,2
2014,October,10,17,Fulton,14,17,3,18,16,5,9,5,0,4,10,2,5,12,3,14,6,3
2014,October,10,18,Genesee,4,5,3,3,18,1,3,2,1,2,7,0,1,3,2,1,11,1
2014,October,10,19,Greene,4,18,7,15,19,0,3,9,3,5,4,0,1,9,4,10,15,0
2014,October,10,20,Hamilton,0,1,0,0,2,0,0,0,0,0,2,0,0,1,0,0,0,0
2014,October,10,21,Herkimer,6,13,5,8,32,1,3,7,3,2,10,0,3,6,2,6,22,1
2014,October,10,22,Jefferson,11,32,11,14,54,0,7,10,4,0,13,0,4,22,7,14,41,0
2014,October,10,23,Lewis,1,2,0,0,5,1,0,1,0,0,5,0,1,1,0,0,0,1
2014,October,10,24,Livingston,9,21,7,2,31,4,5,9,4,0,8,0,4,12,3,2,23,4
2014,October,10,25,Madison,5,6,7,10,6,0,3,4,5,3,2,0,2,2,2,7,4,0
2014,October,10,26,Monroe,31,273,89,81,815,34,17,95,22,10,319,8,14,178,67,71,496,26
2014,October,10,27,Montgomery,8,19,9,4,20,1,4,14,2,2,10,0,4,5,7,2,10,1
2014,October,10,28,Nassau,69,151,122,87,367,18,37,57,29,12,104,4,32,94,93,75,263,14
2014,October,10,66,New York City,370,3025,608,1767,5645,3403,215,864,148,228,2080,255,155,2161,460,1539,3565,3148
2014,October,10,29,Niagara,36,58,17,17,217,7,16,26,5,4,61,1,20,32,12,13,156,6
2014,October,10,30,Oneida,29,86,67,27,172,11,21,37,24,3,75,2,8,49,43,24,97,9
2014,October,10,31,Onondaga,59,191,75,120,427,27,29,96,31,21,168,10,30,95,44,99,259,17
2014,October,10,32,Ontario,6,40,24,14,44,6,2,18,6,5,11,3,4,22,18,9,33,3
2014,October,10,33,Orange,28,55,46,18,126,9,14,21,11,3,36,2,14,34,35,15,90,7
2014,October,10,34,Orleans,5,30,17,6,29,2,4,12,8,1,10,1,1,18,9,5,19,1
2014,October,10,35,Oswego,13,24,26,27,150,16,7,8,5,7,62,3,6,16,21,20,88,13
2014,October,10,36,Otsego,4,6,1,1,8,2,3,3,1,0,5,2,1,3,0,1,3,0
2014,October,10,37,Putnam,2,4,0,4,3,0,2,1,0,0,0,0,0,3,0,4,3,0
2014,October,10,38,Rensselaer,11,67,22,4,72,4,6,36,18,4,48,1,5,31,4,0,24,3
2014,October,10,39,Rockland,8,46,10,10,86,13,4,18,2,0,36,8,4,28,8,10,50,5
2014,October,10,41,Saratoga,5,3,6,0,14,0,5,1,2,0,7,0,0,2,4,0,7,0
2014,October,10,42,Schenectady,32,70,36,36,84,8,20,25,16,3,40,5,12,45,20,33,44,3
2014,October,10,43,Schoharie,4,6,3,1,7,3,1,2,1,0,4,2,3,4,2,1,3,1
2014,October,10,44,Schuyler,4,6,7,1,8,1,1,1,4,0,2,0,3,5,3,1,6,1
2014,October,10,45,Seneca,3,10,5,0,7,1,1,3,2,0,4,0,2,7,3,0,3,1
2014,October,10,46,Steuben,17,25,10,15,37,0,13,9,3,5,15,0,4,16,7,10,22,0
2014,October,10,40,St. Lawrence,20,31,11,11,76,9,14,15,5,4,30,3,6,16,6,7,46,6
2014,October,10,47,Suffolk,158,246,175,133,1194,53,72,81,46,19,324,10,86,165,129,114,870,43
2014,October,10,48,Sullivan,15,11,10,3,48,4,7,6,4,1,23,0,8,5,6,2,25,4
2014,October,10,49,Tioga,3,9,14,1,7,1,1,4,6,0,3,1,2,5,8,1,4,0
2014,October,10,50,Tompkins,8,37,11,3,47,1,5,14,5,1,18,1,3,23,6,2,29,0
2014,October,10,51,Ulster,27,68,94,6,98,7,13,30,31,0,35,4,14,38,63,6,63,3
2014,October,10,52,Warren,6,7,3,10,8,1,3,4,2,1,1,1,3,3,1,9,7,0
2014,October,10,53,Washington,3,8,6,2,9,0,1,2,1,0,5,0,2,6,5,2,4,0
2014,October,10,54,Wayne,11,16,11,0,21,1,3,8,4,0,10,0,8,8,7,0,11,1
2014,October,10,55,Westchester,54,132,130,37,458,20,21,43,24,4,163,6,33,89,106,33,295,14
2014,October,10,56,Wyoming,3,3,4,0,5,0,3,1,2,0,2,0,0,2,2,0,3,0
2014,October,10,57,Yates,3,4,5,3,8,1,2,2,0,2,1,1,1,2,5,1,7,0
2014,September,9,1,Albany,18,67,67,43,96,5,10,22,27,13,34,0,8,45,40,30,62,5
2014,September,9,2,Allegany,5,13,10,6,14,1,5,7,6,2,10,1,0,6,4,4,4,0
2014,September,9,3,Broome,29,102,53,21,259,10,13,39,16,6,99,1,16,63,37,15,160,9
2014,September,9,4,Cattaraugus,3,12,6,3,22,2,1,4,2,1,4,0,2,8,4,2,18,2
2014,September,9,5,Cayuga,12,14,15,4,19,2,8,4,5,0,11,1,4,10,10,4,8,1
2014,September,9,6,Chautauqua,13,42,49,17,65,4,8,17,15,2,29,1,5,25,34,15,36,3
2014,September,9,7,Chemung,7,18,5,1,38,9,4,3,3,0,15,2,3,15,2,1,23,7
2014,September,9,8,Chenango,3,12,5,2,12,2,2,6,3,1,5,1,1,6,2,1,7,1
2014,September,9,9,Clinton,8,24,12,17,22,14,4,7,2,3,7,4,4,17,10,14,15,10
2014,September,9,10,Columbia,8,8,20,7,30,1,4,2,7,1,9,0,4,6,13,6,21,1
2014,September,9,11,Cortland,7,18,11,5,15,3,4,7,4,0,3,1,3,11,7,5,12,2
2014,September,9,12,Delaware,7,15,4,2,28,1,6,4,1,1,11,0,1,11,3,1,17,1
2014,September,9,13,Dutchess,7,26,13,12,92,6,4,9,1,3,34,1,3,17,12,9,58,5
2014,September,9,14,Erie,135,205,126,134,417,25,39,85,42,28,156,7,96,120,84,106,261,18
2014,September,9,15,Essex,1,3,2,1,6,1,1,0,2,0,3,0,0,3,0,1,3,1
2014,September,9,16,Franklin,16,21,9,14,8,2,9,8,4,2,4,1,7,13,5,12,4,1
2014,September,9,17,Fulton,9,7,3,19,14,4,5,5,1,7,5,1,4,2,2,12,9,3
2014,September,9,18,Genesee,5,16,7,5,15,2,3,7,2,2,7,2,2,9,5,3,8,0
2014,September,9,19,Greene,10,23,12,10,27,0,6,7,6,3,5,0,4,16,6,7,22,0
2014,September,9,20,Hamilton,1,0,0,0,1,1,1,0,0,0,1,1,0,0,0,0,0,0
2014,September,9,21,Herkimer,4,8,7,16,42,2,3,3,3,5,24,2,1,5,4,11,18,0
2014,September,9,22,Jefferson,11,31,24,7,66,5,5,15,7,1,24,3,6,16,17,6,42,2
2014,September,9,23,Lewis,4,3,0,2,4,1,4,1,0,1,1,0,0,2,0,1,3,1
2014,September,9,24,Livingston,3,22,16,5,26,2,2,9,5,0,11,1,1,13,11,5,15,1
2014,September,9,25,Madison,3,6,4,4,17,3,3,3,2,1,10,3,0,3,2,3,7,0
2014,September,9,26,Monroe,39,283,88,129,828,21,15,99,26,16,322,9,24,184,62,113,506,12
2014,September,9,27,Montgomery,13,19,8,6,31,1,11,11,4,1,17,0,2,8,4,5,14,1
2014,September,9,28,Nassau,60,135,122,62,359,15,22,53,30,6,83,8,38,82,92,56,276,7
2014,September,9,66,New York City,411,3755,454,2437,7777,2929,251,991,118,365,2898,230,160,2764,336,2072,4879,2699
2014,September,9,29,Niagara,35,70,28,26,195,9,17,17,9,3,61,0,18,53,19,23,134,9
2014,September,9,30,Oneida,25,66,64,22,148,10,15,24,25,5,71,1,10,42,39,17,77,9
2014,September,9,31,Onondaga,49,159,64,102,406,18,22,80,28,22,172,7,27,79,36,80,234,11
2014,September,9,32,Ontario,9,32,6,15,51,6,4,8,2,1,21,4,5,24,4,14,30,2
2014,September,9,33,Orange,30,54,53,19,95,12,18,18,14,7,39,2,12,36,39,12,56,10
2014,September,9,34,Orleans,2,28,10,7,27,2,2,12,2,2,9,1,0,16,8,5,18,1
2014,September,9,35,Oswego,17,25,22,13,156,6,10,7,7,3,64,0,7,18,15,10,92,6
2014,September,9,36,Otsego,3,4,0,0,3,0,2,2,0,0,1,0,1,2,0,0,2,0
2014,September,9,37,Putnam,4,5,3,4,5,0,2,1,1,0,2,0,2,4,2,4,3,0
2014,September,9,38,Rensselaer,12,31,23,4,72,7,10,20,16,1,48,2,2,11,7,3,24,5
2014,September,9,39,Rockland,15,37,10,9,99,10,7,18,3,2,29,4,8,19,7,7,70,6
2014,September,9,41,Saratoga,4,10,8,1,13,0,2,3,3,0,4,0,2,7,5,1,9,0
2014,September,9,42,Schenectady,12,53,48,40,70,8,8,21,19,5,38,5,4,32,29,35,32,3
2014,September,9,43,Schoharie,3,3,4,0,4,1,3,1,0,0,3,1,0,2,4,0,1,0
2014,September,9,44,Schuyler,6,10,2,3,7,1,5,1,1,0,3,0,1,9,1,3,4,1
2014,September,9,45,Seneca,2,3,10,0,12,1,0,2,2,0,3,0,2,1,8,0,9,1
2014,September,9,46,Steuben,20,24,17,19,37,1,7,7,4,3,15,1,13,17,13,16,22,0
2014,September,9,40,St. Lawrence,6,20,19,11,74,4,4,4,4,0,32,2,2,16,15,11,42,2
2014,September,9,47,Suffolk,114,188,170,116,1159,57,55,71,40,12,305,6,59,117,130,104,854,51
2014,September,9,48,Sullivan,8,8,6,4,46,4,3,4,4,3,26,1,5,4,2,1,20,3
2014,September,9,49,Tioga,4,7,8,0,11,2,3,2,5,0,4,1,1,5,3,0,7,1
2014,September,9,50,Tompkins,6,27,16,3,50,2,2,8,4,0,19,0,4,19,12,3,31,2
2014,September,9,51,Ulster,23,52,63,6,79,20,15,18,21,2,25,8,8,34,42,4,54,12
2014,September,9,52,Warren,3,8,9,4,14,0,0,2,2,1,6,0,3,6,7,3,8,0
2014,September,9,53,Washington,7,3,8,2,4,0,7,0,1,1,2,0,0,3,7,1,2,0
2014,September,9,54,Wayne,9,12,13,1,14,4,6,6,1,1,7,0,3,6,12,0,7,4
2014,September,9,55,Westchester,44,135,119,46,384,20,12,46,21,8,133,6,32,89,98,38,251,14
2014,September,9,56,Wyoming,0,5,1,0,3,1,0,2,0,0,3,0,0,3,1,0,0,1
2014,September,9,57,Yates,1,7,2,1,9,1,1,4,2,0,2,0,0,3,0,1,7,1
2014,August,8,1,Albany,13,70,73,43,122,4,6,22,37,11,40,2,7,48,36,32,82,2
2014,August,8,2,Allegany,0,15,7,4,23,3,0,5,4,2,15,1,0,10,3,2,8,2
2014,August,8,3,Broome,30,102,61,29,264,12,19,42,24,6,102,5,11,60,37,23,162,7
2014,August,8,4,Cattaraugus,12,9,10,3,25,1,7,2,5,0,8,1,5,7,5,3,17,0
2014,August,8,5,Cayuga,9,21,12,9,18,3,9,8,3,2,4,1,0,13,9,7,14,2
2014,August,8,6,Chautauqua,20,53,43,13,72,5,15,30,13,7,32,3,5,23,30,6,40,2
2014,August,8,7,Chemung,5,15,8,3,25,4,2,6,4,0,10,1,3,9,4,3,15,3
2014,August,8,8,Chenango,6,9,5,3,22,0,5,4,2,0,7,0,1,5,3,3,15,0
2014,August,8,9,Clinton,18,27,12,20,34,13,9,4,1,4,13,2,9,23,11,16,21,11
2014,August,8,10,Columbia,9,20,11,8,30,1,6,8,0,1,11,0,3,12,11,7,19,1
2014,August,8,11,Cortland,2,25,11,5,22,1,1,9,3,1,6,1,1,16,8,4,16,0
2014,August,8,12,Delaware,5,11,6,1,24,2,3,3,1,1,12,0,2,8,5,0,12,2
2014,August,8,13,Dutchess,17,27,27,14,97,7,7,6,9,5,28,2,10,21,18,9,69,5
2014,August,8,14,Erie,125,238,110,106,379,23,47,102,39,17,157,4,78,136,71,89,222,19
2014,August,8,15,Essex,1,4,2,0,5,2,1,1,1,0,2,1,0,3,1,0,3,1
2014,August,8,16,Franklin,6,31,13,11,14,2,3,13,2,0,9,0,3,18,11,11,5,2
2014,August,8,17,Fulton,8,18,3,14,16,0,3,3,2,2,8,0,5,15,1,12,8,0
2014,August,8,18,Genesee,5,9,1,2,29,3,3,3,0,1,13,1,2,6,1,1,16,2
2014,August,8,19,Greene,4,19,15,12,22,2,1,7,7,3,3,2,3,12,8,9,19,0
2014,August,8,20,Hamilton,1,1,1,0,1,0,1,1,0,0,0,0,0,0,1,0,1,0
2014,August,8,21,Herkimer,6,11,11,10,23,1,4,4,5,1,12,0,2,7,6,9,11,1
2014,August,8,22,Jefferson,24,37,12,10,58,1,15,7,3,1,18,0,9,30,9,9,40,1
2014,August,8,23,Lewis,5,5,1,0,5,0,4,2,1,0,2,0,1,3,0,0,3,0
2014,August,8,24,Livingston,10,31,16,5,40,3,5,16,8,1,11,1,5,15,8,4,29,2
2014,August,8,25,Madison,2,3,1,4,30,4,2,0,0,2,12,2,0,3,1,2,18,2
2014,August,8,26,Monroe,35,291,125,146,922,27,15,90,29,16,315,9,20,201,96,130,607,18
2014,August,8,27,Montgomery,7,17,12,2,30,1,4,6,2,2,15,1,3,11,10,0,15,0
2014,August,8,28,Nassau,65,118,107,97,429,21,30,46,25,13,115,4,35,72,82,84,314,17
2014,August,8,66,New York City,372,2517,405,2128,4887,2672,224,670,69,321,1641,272,148,1847,336,1807,3246,2400
2014,August,8,29,Niagara,25,76,27,20,200,3,9,32,10,2,64,1,16,44,17,18,136,2
2014,August,8,30,Oneida,19,77,53,21,138,14,12,30,20,4,69,2,7,47,33,17,69,12
2014,August,8,31,Onondaga,45,193,76,110,417,17,21,86,38,17,189,3,24,107,38,93,228,14
2014,August,8,32,Ontario,14,33,18,15,36,4,9,16,4,3,13,3,5,17,14,12,23,1
2014,August,8,33,Orange,28,71,61,18,122,8,13,16,9,7,49,3,15,55,52,11,73,5
2014,August,8,34,Orleans,6,29,22,5,26,3,2,11,12,2,11,1,4,18,10,3,15,2
2014,August,8,35,Oswego,17,36,26,10,138,9,7,15,9,2,71,3,10,21,17,8,67,6
2014,August,8,36,Otsego,4,8,2,0,8,0,2,3,1,0,4,0,2,5,1,0,4,0
2014,August,8,37,Putnam,2,4,3,1,4,0,1,0,0,0,0,0,1,4,3,1,4,0
2014,August,8,38,Rensselaer,10,62,27,10,91,3,8,41,14,6,57,0,2,21,13,4,34,3
2014,August,8,39,Rockland,18,24,11,6,87,16,9,7,3,1,32,9,9,17,8,5,55,7
2014,August,8,41,Saratoga,5,7,4,2,24,0,2,3,3,1,10,0,3,4,1,1,14,0
2014,August,8,42,Schenectady,13,70,27,45,75,14,6,23,8,5,46,5,7,47,19,40,29,9
2014,August,8,43,Schoharie,4,4,0,1,12,4,2,0,0,1,7,2,2,4,0,0,5,2
2014,August,8,44,Schuyler,2,5,4,0,5,0,1,3,3,0,3,0,1,2,1,0,2,0
2014,August,8,45,Seneca,2,7,8,1,9,1,1,5,1,0,3,0,1,2,7,1,6,1
2014,August,8,46,Steuben,22,30,20,27,55,1,16,13,13,8,26,0,6,17,7,19,29,1
2014,August,8,40,St. Lawrence,7,29,20,9,89,2,3,5,3,3,35,2,4,24,17,6,54,0
2014,August,8,47,Suffolk,118,229,201,150,997,48,52,80,47,8,279,14,66,149,154,142,718,34
2014,August,8,48,Sullivan,8,18,5,6,32,3,3,8,3,0,16,1,5,10,2,6,16,2
2014,August,8,49,Tioga,2,6,10,4,12,0,2,2,6,1,8,0,0,4,4,3,4,0
2014,August,8,50,Tompkins,6,32,17,5,43,4,2,8,3,0,13,2,4,24,14,5,30,2
2014,August,8,51,Ulster,21,55,61,3,102,17,12,15,14,2,34,5,9,40,47,1,68,12
2014,August,8,52,Warren,9,7,5,7,13,1,4,1,0,3,4,0,5,6,5,4,9,1
2014,August,8,53,Washington,3,4,4,6,13,3,2,0,1,2,12,1,1,4,3,4,1,2
2014,August,8,54,Wayne,4,15,9,1,14,1,3,5,4,1,9,1,1,10,5,0,5,0
2014,August,8,55,Westchester,47,168,103,43,327,18,17,66,25,8,129,1,30,102,78,35,198,17
2014,August,8,56,Wyoming,2,2,6,0,2,1,0,1,3,0,0,1,2,1,3,0,2,0
2014,August,8,57,Yates,1,6,2,0,11,1,0,2,2,0,7,1,1,4,0,0,4,0
2014,July,7,1,Albany,21,71,59,44,113,14,11,19,20,10,38,2,10,52,39,34,75,12
2014,July,7,2,Allegany,6,14,11,2,12,2,2,6,6,0,7,1,4,8,5,2,5,1
2014,July,7,3,Broome,28,99,54,24,223,9,13,32,13,3,72,2,15,67,41,21,151,7
2014,July,7,4,Cattaraugus,12,10,6,1,20,1,9,3,1,0,4,1,3,7,5,1,16,0
2014,July,7,5,Cayuga,15,18,12,3,14,0,11,3,5,1,7,0,4,15,7,2,7,0
2014,July,7,6,Chautauqua,15,34,37,6,75,6,9,14,15,4,38,2,6,20,22,2,37,4
2014,July,7,7,Chemung,5,15,4,2,35,4,4,3,1,2,17,0,1,12,3,0,18,4
2014,July,7,8,Chenango,5,9,6,1,21,1,4,3,4,1,11,0,1,6,2,0,10,1
2014,July,7,9,Clinton,14,25,10,23,30,11,8,5,1,2,6,4,6,20,9,21,24,7
2014,July,7,10,Columbia,3,15,17,2,18,1,1,6,4,0,5,0,2,9,13,2,13,1
2014,July,7,11,Cortland,7,16,8,6,25,1,5,8,4,1,9,0,2,8,4,5,16,1
2014,July,7,12,Delaware,6,10,3,0,12,2,4,6,3,0,6,1,2,4,0,0,6,1
2014,July,7,13,Dutchess,16,18,19,26,99,4,7,9,1,7,37,2,9,9,18,19,62,2
2014,July,7,14,Erie,127,199,117,103,383,21,34,78,27,24,134,9,93,121,90,79,249,12
2014,July,7,15,Essex,5,7,2,0,12,1,2,3,1,0,7,1,3,4,1,0,5,0
2014,July,7,16,Franklin,10,14,10,13,7,4,5,5,3,4,2,0,5,9,7,9,5,4
2014,July,7,17,Fulton,7,13,10,26,20,1,5,3,3,1,10,1,2,10,7,25,10,0
2014,July,7,18,Genesee,3,15,11,4,16,3,2,3,6,0,1,0,1,12,5,4,15,3
2014,July,7,19,Greene,3,22,12,5,27,0,3,6,5,2,3,0,0,16,7,3,24,0
2014,July,7,20,Hamilton,3,0,0,0,0,0,3,0,0,0,0,0,0,0,0,0,0,0
2014,July,7,21,Herkimer,6,6,8,6,21,0,4,2,3,3,9,0,2,4,5,3,12,0
2014,July,7,22,Jefferson,12,29,6,14,67,6,7,6,3,2,11,0,5,23,3,12,56,6
2014,July,7,23,Lewis,4,1,0,1,1,1,3,0,0,1,1,0,1,1,0,0,0,1
2014,July,7,24,Livingston,3,22,9,4,24,3,2,5,6,0,14,2,1,17,3,4,10,1
2014,July,7,25,Madison,3,4,4,1,7,0,1,3,2,1,2,0,2,1,2,0,5,0
2014,July,7,26,Monroe,44,246,117,129,747,27,23,71,33,13,255,6,21,175,84,116,492,21
2014,July,7,27,Montgomery,11,8,8,4,20,0,7,4,3,3,10,0,4,4,5,1,10,0
2014,July,7,28,Nassau,74,155,118,72,407,28,29,53,27,8,102,7,45,102,91,64,305,21
2014,July,7,66,New York City,340,2907,314,2340,5833,2677,194,752,59,349,1977,281,146,2155,255,1991,3856,2396
2014,July,7,29,Niagara,40,82,13,18,177,5,18,31,3,2,48,2,22,51,10,16,129,3
2014,July,7,30,Oneida,15,72,51,20,147,9,11,30,14,3,71,3,4,42,37,17,76,6
2014,July,7,31,Onondaga,42,147,59,103,378,25,24,60,31,15,171,6,18,87,28,88,207,19
2014,July,7,32,Ontario,6,31,21,15,41,4,5,13,6,2,16,1,1,18,15,13,25,3
2014,July,7,33,Orange,22,49,46,21,101,6,9,16,12,5,46,2,13,33,34,16,55,4
2014,July,7,34,Orleans,5,18,20,8,14,7,2,6,9,1,5,3,3,12,11,7,9,4
2014,July,7,35,Oswego,27,43,26,20,99,9,20,27,9,4,49,3,7,16,17,16,50,6
2014,July,7,36,Otsego,2,6,0,2,9,1,2,0,0,0,5,0,0,6,0,2,4,1
2014,July,7,37,Putnam,2,4,3,0,7,0,2,2,1,0,3,0,0,2,2,0,4,0
2014,July,7,38,Rensselaer,7,49,23,8,59,6,6,26,14,7,42,3,1,23,9,1,17,3
2014,July,7,39,Rockland,13,34,15,4,93,12,5,14,5,0,35,9,8,20,10,4,58,3
2014,July,7,41,Saratoga,6,5,4,0,12,2,4,2,1,0,6,0,2,3,3,0,6,2
2014,July,7,42,Schenectady,13,48,37,49,56,16,3,13,20,4,25,6,10,35,17,45,31,10
2014,July,7,43,Schoharie,4,3,3,1,7,1,2,0,2,1,3,0,2,3,1,0,4,1
2014,July,7,44,Schuyler,2,6,5,1,6,2,2,3,1,0,1,1,0,3,4,1,5,1
2014,July,7,45,Seneca,3,8,5,1,4,0,1,3,4,0,1,0,2,5,1,1,3,0
2014,July,7,46,Steuben,18,29,13,17,49,2,7,8,5,3,29,0,11,21,8,14,20,2
2014,July,7,40,St. Lawrence,13,24,16,10,67,6,8,11,6,3,33,3,5,13,10,7,34,3
2014,July,7,47,Suffolk,121,230,153,99,989,54,53,74,36,8,277,8,68,156,117,91,712,46
2014,July,7,48,Sullivan,5,11,18,9,32,6,2,2,8,2,10,2,3,9,10,7,22,4
2014,July,7,49,Tioga,14,7,6,0,12,3,9,2,5,0,7,0,5,5,1,0,5,3
2014,July,7,50,Tompkins,14,22,10,3,38,5,7,3,2,1,6,0,7,19,8,2,32,5
2014,July,7,51,Ulster,16,60,56,10,82,7,8,17,15,0,35,3,8,43,41,10,47,4
2014,July,7,52,Warren,7,14,8,6,12,0,4,3,2,1,5,0,3,11,6,5,7,0
2014,July,7,53,Washington,4,12,8,4,10,2,4,4,2,2,4,1,0,8,6,2,6,1
2014,July,7,54,Wayne,4,19,9,2,23,0,3,5,4,0,7,0,1,14,5,2,16,0
2014,July,7,55,Westchester,61,147,106,38,370,19,19,30,18,6,157,2,42,117,88,32,213,17
2014,July,7,56,Wyoming,0,3,3,0,5,0,0,0,0,0,3,0,0,3,3,0,2,0
2014,July,7,57,Yates,4,4,2,0,6,1,1,2,1,0,3,1,3,2,1,0,3,0
2014,June,6,1,Albany,17,66,68,39,128,7,9,21,18,8,54,1,8,45,50,31,74,6
2014,June,6,2,Allegany,6,8,6,1,10,0,4,5,3,1,5,0,2,3,3,0,5,0
2014,June,6,3,Broome,29,96,43,34,248,17,19,35,13,5,82,2,10,61,30,29,166,15
2014,June,6,4,Cattaraugus,9,19,3,4,24,3,5,4,2,1,8,1,4,15,1,3,16,2
2014,June,6,5,Cayuga,17,18,10,5,8,4,9,7,1,3,4,1,8,11,9,2,4,3
2014,June,6,6,Chautauqua,13,43,41,17,57,3,9,15,10,6,23,1,4,28,31,11,34,2
2014,June,6,7,Chemung,1,12,11,2,17,2,1,2,2,0,6,1,0,10,9,2,11,1
2014,June,6,8,Chenango,1,8,4,4,16,0,1,5,2,0,8,0,0,3,2,4,8,0
2014,June,6,9,Clinton,15,21,12,10,35,6,9,7,4,1,15,1,6,14,8,9,20,5
2014,June,6,10,Columbia,8,16,10,3,33,0,0,3,1,1,8,0,8,13,9,2,25,0
2014,June,6,11,Cortland,9,33,6,4,25,1,2,11,2,2,14,1,7,22,4,2,11,0
2014,June,6,12,Delaware,7,16,8,3,17,1,3,6,4,1,6,0,4,10,4,2,11,1
2014,June,6,13,Dutchess,14,18,16,16,86,8,7,5,6,1,33,2,7,13,10,15,53,6
2014,June,6,14,Erie,162,262,111,130,470,25,41,103,36,30,158,5,121,159,75,100,312,20
2014,June,6,15,Essex,1,2,3,1,9,1,0,0,2,0,7,0,1,2,1,1,2,1
2014,June,6,16,Franklin,2,18,6,14,8,0,2,8,0,3,3,0,0,10,6,11,5,0
2014,June,6,17,Fulton,7,13,5,16,23,2,1,2,3,6,16,1,6,11,2,10,7,1
2014,June,6,18,Genesee,2,16,6,8,14,5,2,4,1,2,5,3,0,12,5,6,9,2
2014,June,6,19,Greene,5,22,4,16,23,0,3,10,0,4,7,0,2,12,4,12,16,0
2014,June,6,20,Hamilton,0,1,0,0,0,0,0,1,0,0,0,0,0,0,0,0,0,0
2014,June,6,21,Herkimer,10,10,8,9,21,1,7,6,2,2,8,0,3,4,6,7,13,1
2014,June,6,22,Jefferson,16,24,15,10,72,7,10,5,5,1,20,1,6,19,10,9,52,6
2014,June,6,23,Lewis,1,3,1,0,3,1,0,2,0,0,1,0,1,1,1,0,2,1
2014,June,6,24,Livingston,8,25,16,7,17,1,6,11,8,0,5,0,2,14,8,7,12,1
2014,June,6,25,Madison,3,12,4,3,11,4,3,5,1,0,5,1,0,7,3,3,6,3
2014,June,6,26,Monroe,28,240,84,116,812,27,17,66,30,8,260,7,11,174,54,108,552,20
2014,June,6,27,Montgomery,7,8,10,3,21,0,3,6,4,1,16,0,4,2,6,2,5,0
2014,June,6,28,Nassau,62,130,84,115,378,16,25,45,18,2,101,5,37,85,66,113,277,11
2014,June,6,66,New York City,353,3089,422,2725,8108,2669,189,814,99,357,2956,341,164,2275,323,2368,5152,2328
2014,June,6,29,Niagara,28,89,20,29,172,10,15,27,5,7,54,1,13,62,15,22,118,9
2014,June,6,30,Oneida,19,92,62,28,117,15,12,45,25,6,55,5,7,47,37,22,62,10
2014,June,6,31,Onondaga,48,155,60,118,371,20,33,68,16,22,163,11,15,87,44,96,208,9
2014,June,6,32,Ontario,8,27,16,15,46,5,7,11,4,4,13,3,1,16,12,11,33,2
2014,June,6,33,Orange,28,68,57,23,99,8,12,28,16,3,37,1,16,40,41,20,62,7
2014,June,6,34,Orleans,6,18,10,11,30,2,4,5,3,4,8,1,2,13,7,7,22,1
2014,June,6,35,Oswego,25,18,22,15,93,16,14,6,7,4,38,7,11,12,15,11,55,9
2014,June,6,36,Otsego,2,6,3,4,6,3,1,0,1,0,3,0,1,6,2,4,3,3
2014,June,6,37,Putnam,4,4,2,1,3,0,1,2,0,0,1,0,3,2,2,1,2,0
2014,June,6,38,Rensselaer,13,29,24,2,87,4,11,24,11,1,55,3,2,5,13,1,32,1
2014,June,6,39,Rockland,10,40,13,25,55,11,6,18,1,3,21,3,4,22,12,22,34,8
2014,June,6,41,Saratoga,5,5,3,0,17,2,1,0,1,0,7,1,4,5,2,0,10,1
2014,June,6,42,Schenectady,12,65,37,42,69,15,7,24,20,5,31,7,5,41,17,37,38,8
2014,June,6,43,Schoharie,0,8,1,1,16,1,0,3,1,1,10,0,0,5,0,0,6,1
2014,June,6,44,Schuyler,2,3,6,0,8,2,1,2,1,0,0,0,1,1,5,0,8,2
2014,June,6,45,Seneca,4,4,6,3,7,2,3,1,2,1,1,2,1,3,4,2,6,0
2014,June,6,46,Steuben,19,34,23,22,52,0,10,12,8,2,27,0,9,22,15,20,25,0
2014,June,6,40,St. Lawrence,17,29,13,18,58,3,10,7,4,0,32,0,7,22,9,18,26,3
2014,June,6,47,Suffolk,113,232,170,150,1033,56,54,65,34,16,258,12,59,167,136,134,775,44
2014,June,6,48,Sullivan,6,9,12,9,26,6,4,2,4,0,14,3,2,7,8,9,12,3
2014,June,6,49,Tioga,5,8,12,1,11,3,4,5,9,1,6,0,1,3,3,0,5,3
2014,June,6,50,Tompkins,9,40,8,5,48,2,4,13,2,1,15,0,5,27,6,4,33,2
2014,June,6,51,Ulster,17,32,62,13,75,7,8,9,15,0,29,3,9,23,47,13,46,4
2014,June,6,52,Warren,4,6,2,4,14,0,4,1,1,2,3,0,0,5,1,2,11,0
2014,June,6,53,Washington,1,6,2,4,7,0,1,4,0,0,4,0,0,2,2,4,3,0
2014,June,6,54,Wayne,7,16,11,5,20,0,4,3,0,1,6,0,3,13,11,4,14,0
2014,June,6,55,Westchester,47,110,132,56,417,10,16,33,26,8,149,4,31,77,106,48,268,6
2014,June,6,56,Wyoming,6,1,2,1,3,1,4,1,0,0,2,1,2,0,2,1,1,0
2014,June,6,57,Yates,4,9,6,3,9,0,4,0,3,1,4,0,0,9,3,2,5,0
2014,May,5,1,Albany,16,76,66,45,171,6,7,19,25,7,64,1,9,57,41,38,107,5
2014,May,5,2,Allegany,6,8,3,7,9,0,4,1,0,0,5,0,2,7,3,7,4,0
2014,May,5,3,Broome,20,115,63,34,234,12,11,34,19,6,74,5,9,81,44,28,160,7
2014,May,5,4,Cattaraugus,6,7,13,6,19,4,3,4,8,1,4,1,3,3,5,5,15,3
2014,May,5,5,Cayuga,8,21,8,6,26,6,6,4,2,0,12,1,2,17,6,6,14,5
2014,May,5,6,Chautauqua,7,57,32,18,57,6,3,28,9,6,24,2,4,29,23,12,33,4
2014,May,5,7,Chemung,8,7,9,7,51,2,5,2,2,1,20,0,3,5,7,6,31,2
2014,May,5,8,Chenango,3,16,4,2,11,1,0,4,0,1,2,0,3,12,4,1,9,1
2014,May,5,9,Clinton,13,31,21,24,34,5,9,10,3,8,10,0,4,21,18,16,24,5
2014,May,5,10,Columbia,8,23,18,15,20,1,4,9,3,1,7,0,4,14,15,14,13,1
2014,May,5,11,Cortland,6,31,16,1,27,3,3,12,2,0,10,2,3,19,14,1,17,1
2014,May,5,12,Delaware,2,19,4,0,16,6,2,4,1,0,4,1,0,15,3,0,12,5
2014,May,5,13,Dutchess,10,27,16,17,111,6,3,7,5,2,38,0,7,20,11,15,73,6
2014,May,5,14,Erie,190,257,114,146,381,21,44,119,31,25,135,4,146,138,83,121,246,17
2014,May,5,15,Essex,0,7,2,1,7,2,0,2,0,1,4,2,0,5,2,0,3,0
2014,May,5,16,Franklin,9,11,7,12,11,0,6,9,1,3,5,0,3,2,6,9,6,0
2014,May,5,17,Fulton,14,17,4,17,32,1,8,2,2,0,13,0,6,15,2,17,19,1
2014,May,5,18,Genesee,2,19,5,7,25,0,1,8,2,1,5,0,1,11,3,6,20,0
2014,May,5,19,Greene,9,30,13,20,31,2,2,9,5,4,10,0,7,21,8,16,21,2
2014,May,5,20,Hamilton,0,1,1,0,2,0,0,0,0,0,1,0,0,1,1,0,1,0
2014,May,5,21,Herkimer,8,14,9,14,29,1,5,6,2,5,14,0,3,8,7,9,15,1
2014,May,5,22,Jefferson,9,33,14,24,72,10,5,11,2,2,18,2,4,22,12,22,54,8
2014,May,5,23,Lewis,2,2,1,0,5,0,0,1,1,0,2,0,2,1,0,0,3,0
2014,May,5,24,Livingston,11,22,17,4,38,2,7,7,7,0,12,0,4,15,10,4,26,2
2014,May,5,25,Madison,5,11,6,3,18,4,3,4,3,0,4,3,2,7,3,3,14,1
2014,May,5,26,Monroe,35,252,79,92,915,30,13,83,17,12,313,7,22,169,62,80,602,23
2014,May,5,27,Montgomery,8,10,9,2,37,0,3,4,5,1,29,0,5,6,4,1,8,0
2014,May,5,28,Nassau,68,139,101,122,447,15,24,47,17,2,127,4,44,92,84,120,320,11
2014,May,5,66,New York City,391,2495,356,2380,5111,2408,237,642,76,338,1707,267,154,1853,280,2042,3404,2141
2014,May,5,29,Niagara,24,91,24,23,221,12,11,29,6,3,61,3,13,62,18,20,160,9
2014,May,5,30,Oneida,20,79,55,33,131,18,17,24,20,5,43,6,3,55,35,28,88,12
2014,May,5,31,Onondaga,38,183,78,105,490,25,24,71,24,18,219,5,14,112,54,87,271,20
2014,May,5,32,Ontario,10,33,23,10,50,5,3,10,12,0,19,4,7,23,11,10,31,1
2014,May,5,33,Orange,35,48,42,24,121,3,17,11,13,2,40,1,18,37,29,22,81,2
2014,May,5,34,Orleans,3,29,10,7,25,1,1,11,2,2,9,0,2,18,8,5,16,1
2014,May,5,35,Oswego,14,40,32,10,162,7,8,11,7,2,74,2,6,29,25,8,88,5
2014,May,5,36,Otsego,0,8,1,1,5,2,0,4,0,1,4,2,0,4,1,0,1,0
2014,May,5,37,Putnam,0,5,2,2,9,0,0,0,1,0,2,0,0,5,1,2,7,0
2014,May,5,38,Rensselaer,15,50,14,6,83,4,10,32,8,4,54,2,5,18,6,2,29,2
2014,May,5,39,Rockland,17,41,15,18,99,8,12,14,8,1,46,6,5,27,7,17,53,2
2014,May,5,41,Saratoga,3,10,10,0,18,1,2,4,6,0,8,0,1,6,4,0,10,1
2014,May,5,42,Schenectady,15,54,39,49,100,16,10,22,16,4,39,8,5,32,23,45,61,8
2014,May,5,43,Schoharie,2,7,4,1,5,2,0,3,0,0,4,1,2,4,4,1,1,1
2014,May,5,44,Schuyler,0,14,7,2,12,0,0,6,5,0,3,0,0,8,2,2,9,0
2014,May,5,45,Seneca,3,10,6,2,2,0,1,3,2,0,2,0,2,7,4,2,0,0
2014,May,5,46,Steuben,6,29,13,29,44,3,1,10,5,3,23,1,5,19,8,26,21,2
2014,May,5,40,St. Lawrence,13,16,11,18,56,5,7,8,4,4,28,1,6,8,7,14,28,4
2014,May,5,47,Suffolk,96,251,154,153,915,37,34,64,34,15,236,5,62,187,120,138,679,32
2014,May,5,48,Sullivan,7,15,14,4,21,3,4,8,5,1,11,0,3,7,9,3,10,3
2014,May,5,49,Tioga,8,11,9,2,11,2,8,4,6,1,5,0,0,7,3,1,6,2
2014,May,5,50,Tompkins,6,25,12,5,48,4,4,11,2,1,11,1,2,14,10,4,37,3
2014,May,5,51,Ulster,27,45,58,5,95,15,15,19,13,0,43,8,12,26,45,5,52,7
2014,May,5,52,Warren,7,12,3,3,6,0,2,4,0,1,1,0,5,8,3,2,5,0
2014,May,5,53,Washington,1,6,6,3,11,1,0,1,1,0,7,0,1,5,5,3,4,1
2014,May,5,54,Wayne,5,15,12,2,24,0,2,5,2,1,9,0,3,10,10,1,15,0
2014,May,5,55,Westchester,58,110,81,76,338,12,28,32,16,8,122,3,30,78,65,68,216,9
2014,May,5,56,Wyoming,2,5,2,1,4,0,1,2,0,0,2,0,1,3,2,1,2,0
2014,May,5,57,Yates,1,7,3,0,9,0,1,1,0,0,4,0,0,6,3,0,5,0
2014,April,4,1,Albany,21,61,62,59,111,6,14,17,30,8,47,1,7,44,32,51,64,5
2014,April,4,2,Allegany,1,18,6,2,7,2,1,9,1,1,3,1,0,9,5,1,4,1
2014,April,4,3,Broome,22,87,68,30,218,27,8,29,21,2,74,8,14,58,47,28,144,19
2014,April,4,4,Cattaraugus,11,12,9,4,20,1,6,3,5,1,6,0,5,9,4,3,14,1
2014,April,4,5,Cayuga,8,14,9,7,10,1,3,5,6,3,4,0,5,9,3,4,6,1
2014,April,4,6,Chautauqua,8,31,32,17,58,7,7,14,15,4,30,4,1,17,17,13,28,3
2014,April,4,7,Chemung,3,12,7,8,22,4,1,2,3,1,13,1,2,10,4,7,9,3
2014,April,4,8,Chenango,4,8,8,1,13,0,2,1,3,0,8,0,2,7,5,1,5,0
2014,April,4,9,Clinton,14,16,9,18,33,11,6,5,1,5,14,3,8,11,8,13,19,8
2014,April,4,10,Columbia,4,23,16,10,37,2,1,9,1,2,15,0,3,14,15,8,22,2
2014,April,4,11,Cortland,10,14,11,2,15,0,7,4,5,0,5,0,3,10,6,2,10,0
2014,April,4,12,Delaware,1,8,4,1,18,1,1,3,0,0,4,1,0,5,4,1,14,0
2014,April,4,13,Dutchess,10,22,17,20,93,4,3,4,4,1,31,4,7,18,13,19,62,0
2014,April,4,14,Erie,158,192,142,123,386,27,32,75,44,26,143,6,126,117,98,97,243,21
2014,April,4,15,Essex,5,4,2,0,7,1,2,0,2,0,6,1,3,4,0,0,1,0
2014,April,4,16,Franklin,9,16,10,12,8,1,4,3,2,2,3,0,5,13,8,10,5,1
2014,April,4,17,Fulton,11,3,6,18,22,3,4,1,4,2,18,1,7,2,2,16,4,2
2014,April,4,18,Genesee,4,5,6,10,8,2,0,0,1,4,3,1,4,5,5,6,5,1
2014,April,4,19,Greene,6,26,17,8,22,0,3,9,8,1,5,0,3,17,9,7,17,0
2014,April,4,20,Hamilton,0,1,0,1,1,0,0,0,0,0,1,0,0,1,0,1,0,0
2014,April,4,21,Herkimer,5,7,6,5,27,5,2,1,2,2,5,0,3,6,4,3,22,5
2014,April,4,22,Jefferson,8,35,8,10,45,7,5,8,1,2,11,3,3,27,7,8,34,4
2014,April,4,23,Lewis,3,4,1,0,2,0,2,2,1,0,1,0,1,2,0,0,1,0
2014,April,4,24,Livingston,9,21,8,3,21,2,2,7,2,0,10,0,7,14,6,3,11,2
2014,April,4,25,Madison,4,3,8,5,10,1,2,1,5,2,4,0,2,2,3,3,6,1
2014,April,4,26,Monroe,42,222,86,79,716,26,24,58,27,8,245,7,18,164,59,71,471,19
2014,April,4,27,Montgomery,3,10,11,7,13,1,2,7,7,2,9,0,1,3,4,5,4,1
2014,April,4,28,Nassau,70,123,123,71,441,23,30,36,17,3,117,6,40,87,106,68,324,17
2014,April,4,66,New York City,387,3263,347,2653,6966,2636,210,856,75,351,2523,352,177,2407,272,2302,4443,2284
2014,April,4,29,Niagara,27,51,20,19,169,7,9,18,2,1,44,2,18,33,18,18,125,5
2014,April,4,30,Oneida,29,59,48,22,108,8,20,25,17,6,45,3,9,34,31,16,63,5
2014,April,4,31,Onondaga,44,146,54,98,390,20,21,59,23,15,160,6,23,87,31,83,230,14
2014,April,4,32,Ontario,6,29,18,22,30,5,3,9,2,2,11,4,3,20,16,20,19,1
2014,April,4,33,Orange,24,60,78,28,134,5,10,19,18,3,40,0,14,41,60,25,94,5
2014,April,4,34,Orleans,3,17,24,7,26,1,0,7,6,3,13,0,3,10,18,4,13,1
2014,April,4,35,Oswego,26,30,27,15,107,14,15,13,8,6,45,3,11,17,19,9,62,11
2014,April,4,36,Otsego,7,6,4,1,9,0,4,0,1,0,3,0,3,6,3,1,6,0
2014,April,4,37,Putnam,0,5,0,0,3,1,0,0,0,0,2,0,0,5,0,0,1,1
2014,April,4,38,Rensselaer,8,26,27,5,55,5,6,18,17,2,30,4,2,8,10,3,25,1
2014,April,4,39,Rockland,15,28,10,22,72,11,8,8,2,3,28,5,7,20,8,19,44,6
2014,April,4,41,Saratoga,7,5,6,0,13,1,2,0,2,0,9,1,5,5,4,0,4,0
2014,April,4,42,Schenectady,16,52,23,40,93,11,8,17,12,4,44,5,8,35,11,36,49,6
2014,April,4,43,Schoharie,5,7,2,0,12,2,3,1,2,0,5,1,2,6,0,0,7,1
2014,April,4,44,Schuyler,2,7,3,1,3,4,1,4,1,0,2,1,1,3,2,1,1,3
2014,April,4,45,Seneca,2,4,8,3,7,0,2,1,1,1,3,0,0,3,7,2,4,0
2014,April,4,46,Steuben,13,24,17,33,48,0,4,7,5,3,19,0,9,17,12,30,29,0
2014,April,4,40,St. Lawrence,13,23,20,15,51,3,7,12,9,4,21,2,6,11,11,11,30,1
2014,April,4,47,Suffolk,92,183,130,129,797,21,37,46,30,8,202,3,55,137,100,121,595,18
2014,April,4,48,Sullivan,4,14,13,8,30,1,2,5,7,1,12,0,2,9,6,7,18,1
2014,April,4,49,Tioga,8,10,13,2,13,2,5,5,6,1,6,0,3,5,7,1,7,2
2014,April,4,50,Tompkins,5,15,10,4,38,3,2,4,2,0,12,1,3,11,8,4,26,2
2014,April,4,51,Ulster,21,32,59,8,78,9,8,9,16,0,33,6,13,23,43,8,45,3
2014,April,4,52,Warren,0,13,7,0,6,0,0,4,0,0,3,0,0,9,7,0,3,0
2014,April,4,53,Washington,3,5,5,2,7,1,2,0,1,0,5,0,1,5,4,2,2,1
2014,April,4,54,Wayne,4,17,10,1,18,0,3,6,3,0,8,0,1,11,7,1,10,0
2014,April,4,55,Westchester,48,88,119,57,305,12,19,23,18,13,103,2,29,65,101,44,202,10
2014,April,4,56,Wyoming,4,4,5,1,4,1,4,1,1,1,3,0,0,3,4,0,1,1
2014,April,4,57,Yates,1,7,5,1,8,0,0,2,2,1,5,0,1,5,3,0,3,0
2014,March,3,1,Albany,28,67,58,41,157,11,11,19,16,7,54,0,17,48,42,34,103,11
2014,March,3,2,Allegany,8,11,1,5,8,0,2,2,0,0,4,0,6,9,1,5,4,0
2014,March,3,3,Broome,21,100,65,35,254,24,10,27,21,5,88,3,11,73,44,30,166,21
2014,March,3,4,Cattaraugus,10,6,5,7,21,2,7,1,1,2,4,0,3,5,4,5,17,2
2014,March,3,5,Cayuga,7,18,14,4,19,1,5,9,4,1,9,0,2,9,10,3,10,1
2014,March,3,6,Chautauqua,14,43,42,25,50,3,9,16,17,4,26,2,5,27,25,21,24,1
2014,March,3,7,Chemung,12,12,4,5,45,1,9,2,1,0,15,0,3,10,3,5,30,1
2014,March,3,8,Chenango,1,9,4,3,19,0,0,3,2,1,12,0,1,6,2,2,7,0
2014,March,3,9,Clinton,11,14,16,20,30,6,3,3,4,4,13,2,8,11,12,16,17,4
2014,March,3,10,Columbia,9,16,12,10,39,3,6,4,2,1,12,1,3,12,10,9,27,2
2014,March,3,11,Cortland,4,30,6,6,21,2,3,11,2,1,6,0,1,19,4,5,15,2
2014,March,3,12,Delaware,3,7,6,1,11,1,2,1,2,0,5,0,1,6,4,1,6,1
2014,March,3,13,Dutchess,9,22,28,15,80,0,4,8,8,0,33,0,5,14,20,15,47,0
2014,March,3,14,Erie,169,223,151,134,495,26,44,78,43,29,186,5,125,145,108,105,309,21
2014,March,3,15,Essex,0,2,1,0,6,0,0,0,0,0,3,0,0,2,1,0,3,0
2014,March,3,16,Franklin,4,7,7,11,10,1,3,1,4,0,4,0,1,6,3,11,6,1
2014,March,3,17,Fulton,16,14,1,13,19,3,10,3,0,1,12,1,6,11,1,12,7,2
2014,March,3,18,Genesee,8,4,6,6,24,2,6,0,1,1,12,2,2,4,5,5,12,0
2014,March,3,19,Greene,13,14,11,15,27,4,6,2,3,5,7,2,7,12,8,10,20,2
2014,March,3,20,Hamilton,0,1,0,1,2,0,0,1,0,0,2,0,0,0,0,1,0,0
2014,March,3,21,Herkimer,1,14,6,9,29,8,0,6,3,1,18,3,1,8,3,8,11,5
2014,March,3,22,Jefferson,7,31,11,12,48,4,6,10,5,1,15,0,1,21,6,11,33,4
2014,March,3,23,Lewis,2,3,2,1,2,0,2,2,2,0,1,0,0,1,0,1,1,0
2014,March,3,24,Livingston,8,24,18,1,28,4,5,11,4,0,8,0,3,13,14,1,20,4
2014,March,3,25,Madison,4,7,5,3,20,3,2,2,3,3,10,2,2,5,2,0,10,1
2014,March,3,26,Monroe,44,230,90,118,902,28,19,77,31,11,323,3,25,153,59,107,579,25
2014,March,3,27,Montgomery,13,14,6,5,20,0,7,9,3,0,10,0,6,5,3,5,10,0
2014,March,3,28,Nassau,65,117,128,72,472,14,21,38,21,4,134,3,44,79,107,68,338,11
2014,March,3,66,New York City,393,2911,442,2634,9745,2023,218,814,101,279,3772,154,175,2097,341,2355,5973,1869
2014,March,3,29,Niagara,37,77,20,16,204,10,13,23,5,1,59,3,24,54,15,15,145,7
2014,March,3,30,Oneida,17,70,48,23,138,15,8,31,18,10,65,5,9,39,30,13,73,10
2014,March,3,31,Onondaga,42,156,67,110,420,22,18,65,32,14,190,5,24,91,35,96,230,17
2014,March,3,32,Ontario,9,23,19,16,27,3,6,7,7,1,8,0,3,16,12,15,19,3
2014,March,3,33,Orange,21,48,72,17,121,6,14,16,15,0,27,1,7,32,57,17,94,5
2014,March,3,34,Orleans,5,21,12,5,25,1,3,7,3,2,4,0,2,14,9,3,21,1
2014,March,3,35,Oswego,20,23,31,12,135,11,7,6,7,4,58,5,13,17,24,8,77,6
2014,March,3,36,Otsego,1,2,1,0,14,0,0,1,1,0,4,0,1,1,0,0,10,0
2014,March,3,37,Putnam,1,6,1,0,9,2,0,0,0,0,3,0,1,6,1,0,6,2
2014,March,3,38,Rensselaer,10,35,19,6,90,2,6,16,7,0,59,1,4,19,12,6,31,1
2014,March,3,39,Rockland,19,35,12,30,101,16,12,11,3,1,28,6,7,24,9,29,73,10
2014,March,3,41,Saratoga,2,8,5,2,16,0,2,1,2,0,4,0,0,7,3,2,12,0
2014,March,3,42,Schenectady,16,55,26,44,75,10,11,16,11,3,26,2,5,39,15,41,49,8
2014,March,3,43,Schoharie,2,3,1,0,11,1,2,0,0,0,7,1,0,3,1,0,4,0
2014,March,3,44,Schuyler,1,9,4,2,3,3,1,3,3,0,2,1,0,6,1,2,1,2
2014,March,3,45,Seneca,0,10,6,1,12,0,0,4,4,1,9,0,0,6,2,0,3,0
2014,March,3,46,Steuben,13,19,17,23,36,1,6,8,8,4,13,1,7,11,9,19,23,0
2014,March,3,40,St. Lawrence,14,20,13,11,54,3,7,6,3,5,25,1,7,14,10,6,29,2
2014,March,3,47,Suffolk,93,196,146,87,917,37,36,60,33,9,245,7,57,136,113,78,672,30
2014,March,3,48,Sullivan,1,15,13,5,30,0,1,7,5,0,15,0,0,8,8,5,15,0
2014,March,3,49,Tioga,5,10,10,2,14,2,3,4,3,0,5,1,2,6,7,2,9,1
2014,March,3,50,Tompkins,8,32,10,6,52,2,6,7,3,0,13,0,2,25,7,6,39,2
2014,March,3,51,Ulster,24,47,54,8,68,16,15,16,18,3,20,6,9,31,36,5,48,10
2014,March,3,52,Warren,3,7,4,4,9,0,1,1,1,0,2,0,2,6,3,4,7,0
2014,March,3,53,Washington,4,10,2,3,24,1,2,4,1,1,12,0,2,6,1,2,12,1
2014,March,3,54,Wayne,3,16,3,1,18,0,1,1,1,0,9,0,2,15,2,1,9,0
2014,March,3,55,Westchester,65,92,98,46,332,10,24,28,16,11,100,3,41,64,82,35,232,7
2014,March,3,56,Wyoming,4,7,6,0,8,0,2,5,1,0,5,0,2,2,5,0,3,0
2014,March,3,57,Yates,2,9,5,2,5,0,2,4,4,0,0,0,0,5,1,2,5,0
2014,February,2,1,Albany,26,64,69,44,97,8,14,26,24,6,49,1,12,38,45,38,48,7
2014,February,2,2,Allegany,9,8,5,2,13,1,7,4,2,1,8,0,2,4,3,1,5,1
2014,February,2,3,Broome,20,70,51,17,217,14,10,16,13,5,73,7,10,54,38,12,144,7
2014,February,2,4,Cattaraugus,5,5,4,6,20,3,2,0,2,3,5,2,3,5,2,3,15,1
2014,February,2,5,Cayuga,9,12,8,1,13,0,5,5,3,0,7,0,4,7,5,1,6,0
2014,February,2,6,Chautauqua,14,33,30,11,48,8,9,7,11,5,22,4,5,26,19,6,26,4
2014,February,2,7,Chemung,2,10,6,7,34,4,2,4,2,1,11,0,0,6,4,6,23,4
2014,February,2,8,Chenango,2,4,4,2,9,2,0,2,3,0,6,1,2,2,1,2,3,1
2014,February,2,9,Clinton,8,17,11,26,38,9,2,2,1,3,18,0,6,15,10,23,20,9
2014,February,2,10,Columbia,2,15,4,8,27,0,1,4,0,2,11,0,1,11,4,6,16,0
2014,February,2,11,Cortland,8,16,13,3,13,1,4,4,4,2,4,1,4,12,9,1,9,0
2014,February,2,12,Delaware,4,4,2,6,5,0,3,0,1,3,1,0,1,4,1,3,4,0
2014,February,2,13,Dutchess,9,20,14,8,77,6,3,10,6,1,26,1,6,10,8,7,51,5
2014,February,2,14,Erie,153,184,126,111,381,23,36,70,44,21,142,3,117,114,82,90,239,20
2014,February,2,15,Essex,0,2,1,1,6,0,0,1,1,0,4,0,0,1,0,1,2,0
2014,February,2,16,Franklin,3,8,9,9,12,1,2,3,0,2,5,0,1,5,9,7,7,1
2014,February,2,17,Fulton,21,16,4,29,27,1,9,5,1,6,17,0,12,11,3,23,10,1
2014,February,2,18,Genesee,5,8,6,4,18,1,2,1,3,1,7,0,3,7,3,3,11,1
2014,February,2,19,Greene,13,16,15,7,13,1,5,8,3,1,4,0,8,8,12,6,9,1
2014,February,2,20,Hamilton,1,0,1,0,0,0,0,0,0,0,0,0,1,0,1,0,0,0
2014,February,2,21,Herkimer,10,6,5,9,34,2,6,1,1,3,15,1,4,5,4,6,19,1
2014,February,2,22,Jefferson,8,18,19,10,51,2,3,6,4,2,10,0,5,12,15,8,41,2
2014,February,2,23,Lewis,0,2,2,0,1,2,0,0,0,0,1,0,0,2,2,0,0,2
2014,February,2,24,Livingston,7,21,9,3,23,4,5,6,1,0,9,2,2,15,8,3,14,2
2014,February,2,25,Madison,3,7,2,3,8,5,2,2,2,1,6,1,1,5,0,2,2,4
2014,February,2,26,Monroe,36,230,99,87,727,25,17,72,26,8,302,8,19,158,73,79,425,17
2014,February,2,27,Montgomery,8,17,5,2,22,1,4,8,3,1,9,1,4,9,2,1,13,0
2014,February,2,28,Nassau,56,125,104,71,404,33,20,48,15,5,122,6,36,77,89,66,282,27
2014,February,2,66,New York City,335,2404,327,2420,5838,1903,179,684,82,332,2147,127,156,1720,245,2088,3691,1776
2014,February,2,29,Niagara,24,60,18,21,207,5,15,18,4,0,52,1,9,42,14,21,155,4
2014,February,2,30,Oneida,17,43,39,15,108,5,7,16,15,2,45,1,10,27,24,13,63,4
2014,February,2,31,Onondaga,38,124,47,115,504,16,20,44,26,15,224,4,18,80,21,100,280,12
2014,February,2,32,Ontario,8,19,15,18,48,3,6,5,4,4,12,2,2,14,11,14,36,1
2014,February,2,33,Orange,21,35,58,14,70,8,12,16,9,2,28,3,9,19,49,12,42,5
2014,February,2,34,Orleans,2,15,16,7,25,3,1,3,5,2,5,2,1,12,11,5,20,1
2014,February,2,35,Oswego,20,18,30,10,137,5,12,6,9,1,67,3,8,12,21,9,70,2
2014,February,2,36,Otsego,4,3,4,3,5,0,3,1,2,0,1,0,1,2,2,3,4,0
2014,February,2,37,Putnam,0,1,2,1,4,0,0,0,0,0,0,0,0,1,2,1,4,0
2014,February,2,38,Rensselaer,11,27,19,3,102,2,7,17,11,2,70,2,4,10,8,1,32,0
2014,February,2,39,Rockland,7,28,13,13,80,4,2,14,3,0,27,0,5,14,10,13,53,4
2014,February,2,41,Saratoga,1,1,3,0,5,0,1,0,3,0,2,0,0,1,0,0,3,0
2014,February,2,42,Schenectady,11,46,30,49,82,14,8,20,11,8,41,6,3,26,19,41,41,8
2014,February,2,43,Schoharie,2,2,2,0,7,1,2,1,1,0,2,0,0,1,1,0,5,1
2014,February,2,44,Schuyler,0,7,4,3,3,0,0,4,3,0,3,0,0,3,1,3,0,0
2014,February,2,45,Seneca,0,12,3,0,5,1,0,3,3,0,1,1,0,9,0,0,4,0
2014,February,2,46,Steuben,11,16,16,16,37,2,6,7,2,4,13,1,5,9,14,12,24,1
2014,February,2,40,St. Lawrence,14,14,13,7,48,0,8,5,6,2,19,0,6,9,7,5,29,0
2014,February,2,47,Suffolk,100,136,105,102,729,22,46,41,23,2,216,2,54,95,82,100,513,20
2014,February,2,48,Sullivan,1,6,6,10,30,3,0,2,2,1,16,2,1,4,4,9,14,1
2014,February,2,49,Tioga,5,6,8,1,9,1,2,2,5,0,6,0,3,4,3,1,3,1
2014,February,2,50,Tompkins,6,23,11,3,36,2,1,13,1,0,13,2,5,10,10,3,23,0
2014,February,2,51,Ulster,13,30,50,10,84,9,6,9,8,1,25,7,7,21,42,9,59,2
2014,February,2,52,Warren,10,10,4,5,7,0,8,3,0,2,4,0,2,7,4,3,3,0
2014,February,2,53,Washington,5,3,23,2,11,0,4,2,5,2,9,0,1,1,18,0,2,0
2014,February,2,54,Wayne,1,3,4,3,24,0,1,0,2,1,8,0,0,3,2,2,16,0
2014,February,2,55,Westchester,57,93,102,44,316,8,17,27,15,6,139,2,40,66,87,38,177,6
2014,February,2,56,Wyoming,3,8,3,3,2,0,2,3,1,1,0,0,1,5,2,2,2,0
2014,February,2,57,Yates,2,10,5,6,6,0,2,5,2,1,0,0,0,5,3,5,6,0
2014,January,1,1,Albany,20,64,68,43,137,5,11,30,32,12,57,1,9,34,36,31,80,4
2014,January,1,2,Allegany,3,9,3,2,3,0,2,3,0,0,1,0,1,6,3,2,2,0
2014,January,1,3,Broome,27,71,64,27,248,14,17,21,21,9,81,5,10,50,43,18,167,9
2014,January,1,4,Cattaraugus,13,10,7,5,11,1,7,2,3,2,4,1,6,8,4,3,7,0
2014,January,1,5,Cayuga,14,11,12,2,13,0,9,4,4,0,5,0,5,7,8,2,8,0
2014,January,1,6,Chautauqua,10,29,30,14,56,8,6,13,10,3,26,3,4,16,20,11,30,5
2014,January,1,7,Chemung,2,10,6,2,34,2,1,4,2,2,17,1,1,6,4,0,17,1
2014,January,1,8,Chenango,2,4,2,1,10,0,0,1,2,1,6,0,2,3,0,0,4,0
2014,January,1,9,Clinton,23,7,13,8,29,8,8,2,4,1,10,2,15,5,9,7,19,6
2014,January,1,10,Columbia,2,12,12,5,15,2,1,5,4,2,4,1,1,7,8,3,11,1
2014,January,1,11,Cortland,3,18,12,3,10,2,1,6,3,0,1,2,2,12,9,3,9,0
2014,January,1,12,Delaware,3,8,0,2,23,1,0,5,0,0,10,1,3,3,0,2,13,0
2014,January,1,13,Dutchess,6,21,16,17,83,2,4,9,2,3,31,0,2,12,14,14,52,2
2014,January,1,14,Erie,143,150,107,102,379,33,42,61,26,24,140,8,101,89,81,78,239,25
2014,January,1,15,Essex,1,3,2,2,6,1,1,1,1,0,3,1,0,2,1,2,3,0
2014,January,1,16,Franklin,10,9,8,15,20,2,3,3,4,3,11,0,7,6,4,12,9,2
2014,January,1,17,Fulton,5,6,3,19,19,2,3,3,1,6,10,1,2,3,2,13,9,1
2014,January,1,18,Genesee,4,6,1,11,22,3,3,3,0,0,5,1,1,3,1,11,17,2
2014,January,1,19,Greene,5,18,15,7,20,1,3,4,6,2,2,0,2,14,9,5,18,1
2014,January,1,20,Hamilton,1,2,1,0,0,0,1,0,0,0,0,0,0,2,1,0,0,0
2014,January,1,21,Herkimer,6,10,6,11,23,1,2,2,2,2,11,1,4,8,4,9,12,0
2014,January,1,22,Jefferson,13,16,7,7,45,3,5,3,3,1,11,1,8,13,4,6,34,2
2014,January,1,23,Lewis,0,0,1,1,3,1,0,0,0,1,2,0,0,0,1,0,1,1
2014,January,1,24,Livingston,10,14,19,2,27,6,9,3,7,0,8,0,1,11,12,2,19,6
2014,January,1,25,Madison,6,3,3,4,15,3,4,1,0,0,6,2,2,2,3,4,9,1
2014,January,1,26,Monroe,33,182,68,53,712,15,19,75,17,4,250,7,14,107,51,49,462,8
2014,January,1,27,Montgomery,7,10,15,2,15,0,4,7,7,0,8,0,3,3,8,2,7,0
2014,January,1,28,Nassau,56,115,87,70,441,25,29,40,18,6,109,6,27,75,69,64,332,19
2014,January,1,66,New York City,332,2562,314,2358,6589,2479,200,748,66,302,2560,199,132,1814,248,2056,4029,2280
2014,January,1,29,Niagara,7,46,16,19,189,11,3,15,6,4,56,0,4,31,10,15,133,11
2014,January,1,30,Oneida,18,54,34,21,113,13,11,14,13,3,66,5,7,40,21,18,47,8
2014,January,1,31,Onondaga,34,151,63,121,427,10,14,72,23,25,210,4,20,79,40,96,217,6
2014,January,1,32,Ontario,11,23,13,17,40,3,6,9,2,2,8,1,5,14,11,15,32,2
2014,January,1,33,Orange,16,34,61,17,92,2,6,11,16,0,30,0,10,23,45,17,62,2
2014,January,1,34,Orleans,1,20,12,2,14,4,1,9,5,0,5,3,0,11,7,2,9,1
2014,January,1,35,Oswego,15,25,21,10,136,12,9,10,6,2,53,5,6,15,15,8,83,7
2014,January,1,36,Otsego,2,4,3,0,12,2,2,1,1,0,6,2,0,3,2,0,6,0
2014,January,1,37,Putnam,0,1,0,1,4,0,0,0,0,0,1,0,0,1,0,1,3,0
2014,January,1,38,Rensselaer,8,25,14,2,31,4,6,6,8,0,13,1,2,19,6,2,18,3
2014,January,1,39,Rockland,16,37,12,18,74,14,11,18,5,2,24,7,5,19,7,16,50,7
2014,January,1,41,Saratoga,3,6,6,1,13,1,1,1,2,0,7,0,2,5,4,1,6,1
2014,January,1,42,Schenectady,15,39,35,53,88,11,7,15,20,4,37,3,8,24,15,49,51,8
2014,January,1,43,Schoharie,6,2,2,2,5,2,4,2,2,1,4,0,2,0,0,1,1,2
2014,January,1,44,Schuyler,4,3,5,1,4,2,1,1,3,0,2,1,3,2,2,1,2,1
2014,January,1,45,Seneca,0,5,7,1,8,1,0,1,3,1,5,0,0,4,4,0,3,1
2014,January,1,46,Steuben,16,17,17,22,55,0,4,3,4,3,30,0,12,14,13,19,25,0
2014,January,1,40,St. Lawrence,13,12,12,8,57,3,9,5,3,2,30,0,4,7,9,6,27,3
2014,January,1,47,Suffolk,77,156,102,127,781,36,28,53,30,15,178,8,49,103,72,112,603,28
2014,January,1,48,Sullivan,7,9,20,2,20,1,5,1,9,0,10,0,2,8,11,2,10,1
2014,January,1,49,Tioga,4,3,9,4,16,0,3,0,3,1,7,0,1,3,6,3,9,0
2014,January,1,50,Tompkins,11,11,8,4,43,2,4,4,1,0,6,0,7,7,7,4,37,2
2014,January,1,51,Ulster,13,29,30,6,79,14,5,12,10,1,34,5,8,17,20,5,45,9
2014,January,1,52,Warren,2,12,3,3,10,0,1,2,0,1,3,0,1,10,3,2,7,0
2014,January,1,53,Washington,3,6,6,2,11,4,2,2,3,1,6,0,1,4,3,1,5,4
2014,January,1,54,Wayne,0,5,5,1,22,2,0,1,3,0,10,1,0,4,2,1,12,1
2014,January,1,55,Westchester,54,82,113,52,346,13,22,28,22,7,150,2,32,54,91,45,196,11
2014,January,1,56,Wyoming,5,1,4,2,5,1,3,0,2,0,2,1,2,1,2,2,3,0
2014,January,1,57,Yates,4,9,1,4,5,1,2,4,0,1,0,0,2,5,1,3,5,1
2013,December,12,1,Albany,17,72,85,36,159,6,9,28,35,2,63,2,8,44,50,34,96,4
2013,December,12,2,Allegany,7,11,4,2,13,1,3,6,2,0,6,0,4,5,2,2,7,1
2013,December,12,3,Broome,20,80,40,26,238,9,12,29,18,4,94,2,8,51,22,22,144,7
2013,December,12,4,Cattaraugus,5,10,7,3,19,3,3,0,2,1,5,1,2,10,5,2,14,2
2013,December,12,5,Cayuga,6,6,4,4,15,0,4,3,2,0,4,0,2,3,2,4,11,0
2013,December,12,6,Chautauqua,10,54,28,14,53,3,8,17,7,6,33,1,2,37,21,8,20,2
2013,December,12,7,Chemung,4,11,6,6,39,3,2,2,3,2,17,2,2,9,3,4,22,1
2013,December,12,8,Chenango,1,9,8,4,16,1,0,5,3,0,10,1,1,4,5,4,6,0
2013,December,12,9,Clinton,16,23,9,12,28,14,8,10,2,1,9,5,8,13,7,11,19,9
2013,December,12,10,Columbia,2,13,8,2,16,1,0,7,3,0,3,1,2,6,5,2,13,0
2013,December,12,11,Cortland,9,13,5,1,14,2,7,5,2,0,6,1,2,8,3,1,8,1
2013,December,12,12,Delaware,3,9,5,2,13,1,1,3,3,1,10,1,2,6,2,1,3,0
2013,December,12,13,Dutchess,5,43,19,8,104,2,1,17,6,2,38,1,4,26,13,6,66,1
2013,December,12,14,Erie,169,222,104,129,437,25,41,97,34,21,173,6,128,125,70,108,264,19
2013,December,12,15,Essex,0,1,5,0,10,2,0,1,4,0,7,1,0,0,1,0,3,1
2013,December,12,16,Franklin,4,19,13,5,12,0,2,8,5,1,5,0,2,11,8,4,7,0
2013,December,12,17,Fulton,4,5,4,17,21,5,1,0,2,2,11,4,3,5,2,15,10,1
2013,December,12,18,Genesee,3,8,4,21,22,2,1,1,2,2,13,1,2,7,2,19,9,1
2013,December,12,19,Greene,2,24,10,14,21,2,1,7,5,2,4,1,1,17,5,12,17,1
2013,December,12,20,Hamilton,0,0,0,0,2,0,0,0,0,0,1,0,0,0,0,0,1,0
2013,December,12,21,Herkimer,9,13,2,6,24,4,3,5,0,1,9,2,6,8,2,5,15,2
2013,December,12,22,Jefferson,12,23,13,13,40,4,6,7,2,1,9,1,6,16,11,12,31,3
2013,December,12,23,Lewis,2,2,2,1,3,2,1,1,0,1,2,0,1,1,2,0,1,2
2013,December,12,24,Livingston,2,14,10,3,25,0,2,7,4,1,13,0,0,7,6,2,12,0
2013,December,12,25,Madison,9,6,2,1,10,1,6,1,2,1,7,1,3,5,0,0,3,0
2013,December,12,26,Monroe,26,234,75,38,806,23,17,84,20,3,304,9,9,150,55,35,502,14
2013,December,12,27,Montgomery,6,7,9,4,23,2,4,5,3,1,11,0,2,2,6,3,12,2
2013,December,12,28,Nassau,49,150,110,82,481,17,17,59,20,8,124,5,32,91,90,74,357,12
2013,December,12,66,New York City,336,3403,422,2938,10579,2706,176,1000,98,313,4170,238,160,2403,324,2625,6409,2468
2013,December,12,29,Niagara,23,63,18,22,176,11,11,14,6,3,54,4,12,49,12,19,122,7
2013,December,12,30,Oneida,26,55,50,17,116,14,14,22,14,4,66,2,12,33,36,13,50,12
2013,December,12,31,Onondaga,29,144,43,103,364,20,17,68,14,15,163,5,12,76,29,88,201,15
2013,December,12,32,Ontario,9,20,15,24,30,3,5,8,3,3,11,2,4,12,12,21,19,1
2013,December,12,33,Orange,28,76,53,24,112,4,15,33,7,2,47,2,13,43,46,22,65,2
2013,December,12,34,Orleans,1,11,7,5,23,2,0,6,2,2,6,1,1,5,5,3,17,1
2013,December,12,35,Oswego,17,19,22,11,124,8,4,9,3,3,54,0,13,10,19,8,70,8
2013,December,12,36,Otsego,2,5,2,0,7,4,1,2,1,0,5,1,1,3,1,0,2,3
2013,December,12,37,Putnam,0,3,2,0,7,1,0,0,0,0,2,0,0,3,2,0,5,1
2013,December,12,38,Rensselaer,9,29,20,2,58,4,7,16,11,1,44,3,2,13,9,1,14,1
2013,December,12,39,Rockland,10,30,9,30,99,6,6,10,1,4,29,3,4,20,8,26,70,3
2013,December,12,41,Saratoga,4,4,3,1,16,0,2,1,0,0,7,0,2,3,3,1,9,0
2013,December,12,42,Schenectady,10,49,30,39,83,9,7,18,12,2,41,3,3,31,18,37,42,6
2013,December,12,43,Schoharie,1,8,3,2,6,4,1,1,2,1,6,1,0,7,1,1,0,3
2013,December,12,44,Schuyler,0,8,7,0,7,4,0,3,3,0,5,2,0,5,4,0,2,2
2013,December,12,45,Seneca,1,4,3,3,5,0,0,1,1,1,3,0,1,3,2,2,2,0
2013,December,12,46,Steuben,15,17,9,13,31,1,6,6,2,2,15,1,9,11,7,11,16,0
2013,December,12,40,St. Lawrence,17,19,17,16,66,4,12,8,3,3,42,1,5,11,14,13,24,3
2013,December,12,47,Suffolk,76,193,102,94,795,34,33,63,29,9,203,2,43,130,73,85,592,32
2013,December,12,48,Sullivan,6,7,15,6,30,9,4,3,7,2,16,2,2,4,8,4,14,7
2013,December,12,49,Tioga,3,10,3,0,10,1,3,4,1,0,4,1,0,6,2,0,6,0
2013,December,12,50,Tompkins,6,24,11,2,51,1,3,9,2,0,12,0,3,15,9,2,39,1
2013,December,12,51,Ulster,16,45,29,7,93,5,13,16,5,1,36,2,3,29,24,6,57,3
2013,December,12,52,Warren,3,11,6,11,16,1,0,2,3,5,4,0,3,9,3,6,12,1
2013,December,12,53,Washington,1,7,5,0,12,1,0,3,4,0,10,0,1,4,1,0,2,1
2013,December,12,54,Wayne,6,9,5,2,20,2,6,4,0,0,8,0,0,5,5,2,12,2
2013,December,12,55,Westchester,44,88,84,38,327,12,18,28,17,8,136,4,26,60,67,30,191,8
2013,December,12,56,Wyoming,2,4,3,0,3,0,2,0,2,0,2,0,0,4,1,0,1,0
2013,December,12,57,Yates,1,2,5,10,7,1,1,0,2,1,2,1,0,2,3,9,5,0
2013,November,11,1,Albany,31,93,68,47,145,8,14,39,24,10,51,2,17,54,44,37,94,6
2013,November,11,2,Allegany,2,12,7,4,14,0,1,3,3,1,7,0,1,9,4,3,7,0
2013,November,11,3,Broome,23,95,55,22,268,13,12,34,22,8,96,4,11,61,33,14,172,9
2013,November,11,4,Cattaraugus,9,9,4,4,14,0,4,2,2,1,5,0,5,7,2,3,9,0
2013,November,11,5,Cayuga,12,10,7,0,10,1,10,0,4,0,3,0,2,10,3,0,7,1
2013,November,11,6,Chautauqua,7,45,25,11,67,5,6,21,7,3,38,4,1,24,18,8,29,1
2013,November,11,7,Chemung,4,10,11,5,25,2,2,4,6,0,15,0,2,6,5,5,10,2
2013,November,11,8,Chenango,3,5,3,2,8,4,3,3,3,2,5,1,0,2,0,0,3,3
2013,November,11,9,Clinton,14,16,8,11,31,6,9,6,2,2,13,3,5,10,6,9,18,3
2013,November,11,10,Columbia,3,15,6,6,19,1,1,6,1,0,10,0,2,9,5,6,9,1
2013,November,11,11,Cortland,7,18,3,2,25,4,3,10,0,1,8,1,4,8,3,1,17,3
2013,November,11,12,Delaware,4,6,3,4,16,2,2,1,1,1,8,0,2,5,2,3,8,2
2013,November,11,13,Dutchess,11,30,24,14,90,6,4,8,8,1,31,1,7,22,16,13,59,5
2013,November,11,14,Erie,159,273,138,118,391,22,48,100,41,25,162,6,111,173,97,93,229,16
2013,November,11,15,Essex,0,1,1,0,13,0,0,0,0,0,8,0,0,1,1,0,5,0
2013,November,11,16,Franklin,1,8,5,13,6,1,1,1,3,1,2,0,0,7,2,12,4,1
2013,November,11,17,Fulton,8,12,5,24,17,2,2,4,3,6,10,2,6,8,2,18,7,0
2013,November,11,18,Genesee,2,8,6,8,15,1,0,2,1,1,6,0,2,6,5,7,9,1
2013,November,11,19,Greene,5,20,11,15,8,1,3,6,2,8,1,1,2,14,9,7,7,0
2013,November,11,20,Hamilton,1,0,0,0,1,0,1,0,0,0,0,0,0,0,0,0,1,0
2013,November,11,21,Herkimer,2,13,9,7,27,6,1,6,3,1,16,3,1,7,6,6,11,3
2013,November,11,22,Jefferson,11,23,13,12,44,10,3,7,4,1,10,1,8,16,9,11,34,9
2013,November,11,23,Lewis,1,4,4,0,6,0,0,2,1,0,4,0,1,2,3,0,2,0
2013,November,11,24,Livingston,10,28,11,1,27,2,8,8,3,0,15,0,2,20,8,1,12,2
2013,November,11,25,Madison,3,3,3,6,11,1,3,2,1,3,7,0,0,1,2,3,4,1
2013,November,11,26,Monroe,37,241,98,61,1073,17,23,74,34,11,388,5,14,167,64,50,685,12
2013,November,11,27,Montgomery,8,15,10,5,19,2,7,7,3,3,10,1,1,8,7,2,9,1
2013,November,11,28,Nassau,55,152,99,76,387,18,24,57,13,6,112,3,31,95,86,70,275,15
2013,November,11,66,New York City,350,2478,311,2272,4903,2552,193,764,70,284,1769,243,157,1714,241,1988,3134,2309
2013,November,11,29,Niagara,25,62,21,24,194,14,15,21,7,2,61,4,10,41,14,22,133,10
2013,November,11,30,Oneida,14,77,42,20,129,14,8,34,16,3,53,0,6,43,26,17,76,14
2013,November,11,31,Onondaga,38,207,60,118,417,21,23,97,26,29,207,7,15,110,34,89,210,14
2013,November,11,32,Ontario,9,21,11,15,39,3,5,11,8,1,15,1,4,10,3,14,24,2
2013,November,11,33,Orange,24,80,61,33,101,2,13,29,14,2,40,0,11,51,47,31,61,2
2013,November,11,34,Orleans,4,24,11,2,20,2,2,9,5,2,6,1,2,15,6,0,14,1
2013,November,11,35,Oswego,21,23,16,19,116,8,14,12,6,4,52,3,7,11,10,15,64,5
2013,November,11,36,Otsego,3,9,3,0,9,0,2,2,1,0,6,0,1,7,2,0,3,0
2013,November,11,37,Putnam,0,5,6,3,12,1,0,1,1,0,2,1,0,4,5,3,10,0
2013,November,11,38,Rensselaer,9,62,17,7,64,5,6,39,13,5,47,3,3,23,4,2,17,2
2013,November,11,39,Rockland,10,47,14,23,91,5,5,19,3,2,39,2,5,28,11,21,52,3
2013,November,11,41,Saratoga,1,12,7,0,12,0,1,2,3,0,5,0,0,10,4,0,7,0
2013,November,11,42,Schenectady,13,52,20,32,83,14,7,22,8,1,32,8,6,30,12,31,51,6
2013,November,11,43,Schoharie,4,5,2,0,6,1,2,1,1,0,3,0,2,4,1,0,3,1
2013,November,11,44,Schuyler,0,11,4,0,4,1,0,4,2,0,0,0,0,7,2,0,4,1
2013,November,11,45,Seneca,3,8,2,0,8,2,3,2,1,0,6,1,0,6,1,0,2,1
2013,November,11,46,Steuben,11,14,18,22,44,0,3,6,6,2,17,0,8,8,12,20,27,0
2013,November,11,40,St. Lawrence,15,26,11,6,56,5,11,10,3,2,27,2,4,16,8,4,29,3
2013,November,11,47,Suffolk,78,221,138,166,815,32,38,71,34,11,200,5,40,150,104,155,615,27
2013,November,11,48,Sullivan,3,10,11,2,15,3,1,7,0,0,10,2,2,3,11,2,5,1
2013,November,11,49,Tioga,4,7,7,2,14,0,4,2,4,0,10,0,0,5,3,2,4,0
2013,November,11,50,Tompkins,12,19,12,7,38,6,4,6,2,0,4,0,8,13,10,7,34,6
2013,November,11,51,Ulster,20,54,36,8,84,12,11,20,7,0,29,4,9,34,29,8,55,8
2013,November,11,52,Warren,6,7,4,12,3,1,3,0,2,2,0,0,3,7,2,10,3,1
2013,November,11,53,Washington,4,9,5,2,11,0,3,3,3,0,6,0,1,6,2,2,5,0
2013,November,11,54,Wayne,6,15,4,6,22,1,4,9,2,1,14,0,2,6,2,5,8,1
2013,November,11,55,Westchester,50,118,71,41,316,12,22,31,8,6,139,2,28,87,63,35,177,10
2013,November,11,56,Wyoming,1,7,1,1,6,1,1,1,1,0,0,0,0,6,0,1,6,1
2013,November,11,57,Yates,3,3,0,6,10,1,2,0,0,2,3,0,1,3,0,4,7,1
2013,October,10,1,Albany,33,76,68,42,141,11,22,36,33,5,48,5,11,40,35,37,93,6
2013,October,10,2,Allegany,5,12,6,6,14,2,1,6,4,0,9,1,4,6,2,6,5,1
2013,October,10,3,Broome,30,104,64,35,314,18,13,39,22,15,113,4,17,65,42,20,201,14
2013,October,10,4,Cattaraugus,9,16,4,4,24,1,5,8,1,0,7,0,4,8,3,4,17,1
2013,October,10,5,Cayuga,6,14,9,0,17,0,4,6,4,0,7,0,2,8,5,0,10,0
2013,October,10,6,Chautauqua,10,43,26,9,59,5,8,16,15,3,29,2,2,27,11,6,30,3
2013,October,10,7,Chemung,5,14,5,8,43,3,5,4,1,3,19,2,0,10,4,5,24,1
2013,October,10,8,Chenango,3,8,0,1,19,1,2,3,0,0,10,1,1,5,0,1,9,0
2013,October,10,9,Clinton,14,22,18,9,30,9,4,7,5,1,12,2,10,15,13,8,18,7
2013,October,10,10,Columbia,4,15,7,3,24,6,3,8,0,1,12,2,1,7,7,2,12,4
2013,October,10,11,Cortland,6,17,11,6,25,2,4,5,3,1,10,0,2,12,8,5,15,2
2013,October,10,12,Delaware,2,6,3,1,18,1,2,3,2,1,10,0,0,3,1,0,8,1
2013,October,10,13,Dutchess,10,30,13,17,88,3,3,8,7,2,28,1,7,22,6,15,60,2
2013,October,10,14,Erie,209,251,133,152,447,29,55,84,38,25,152,9,154,167,95,127,295,20
2013,October,10,15,Essex,0,1,2,0,12,0,0,0,0,0,7,0,0,1,2,0,5,0
2013,October,10,16,Franklin,7,15,8,11,18,2,3,3,5,2,8,1,4,12,3,9,10,1
2013,October,10,17,Fulton,7,9,4,25,21,0,4,2,2,7,15,0,3,7,2,18,6,0
2013,October,10,18,Genesee,6,16,6,4,17,4,2,4,3,1,5,1,4,12,3,3,12,3
2013,October,10,19,Greene,11,16,23,9,10,1,6,9,8,2,4,0,5,7,15,7,6,1
2013,October,10,20,Hamilton,0,2,0,0,0,0,0,1,0,0,0,0,0,1,0,0,0,0
2013,October,10,21,Herkimer,5,6,9,10,15,2,2,4,3,5,9,1,3,2,6,5,6,1
2013,October,10,22,Jefferson,11,19,12,13,47,11,7,3,4,1,14,4,4,16,8,12,33,7
2013,October,10,23,Lewis,0,2,1,1,4,1,0,2,1,1,4,1,0,0,0,0,0,0
2013,October,10,24,Livingston,9,25,19,1,21,5,4,9,7,0,7,0,5,16,12,1,14,5
2013,October,10,25,Madison,2,9,2,3,11,3,0,4,0,3,1,1,2,5,2,0,10,2
2013,October,10,26,Monroe,36,262,91,78,902,27,22,90,16,12,330,7,14,172,75,66,572,20
2013,October,10,27,Montgomery,5,16,10,5,30,2,3,7,8,0,16,0,2,9,2,5,14,2
2013,October,10,28,Nassau,69,175,132,95,408,30,29,70,40,7,94,7,40,105,92,88,314,23
2013,October,10,66,New York City,405,3360,421,2766,5684,3036,253,974,105,334,2101,268,152,2386,316,2432,3583,2768
2013,October,10,29,Niagara,35,63,21,22,150,8,15,19,12,3,37,3,20,44,9,19,113,5
2013,October,10,30,Oneida,23,86,46,16,146,16,13,40,19,1,65,1,10,46,27,15,81,15
2013,October,10,31,Onondaga,49,168,65,142,397,24,23,83,24,22,178,11,26,85,41,120,219,13
2013,October,10,32,Ontario,7,32,27,18,53,6,2,12,8,4,17,5,5,20,19,14,36,1
2013,October,10,33,Orange,33,57,69,31,106,4,15,17,13,6,40,1,18,40,56,25,66,3
2013,October,10,34,Orleans,10,18,13,4,32,1,6,4,3,0,8,0,4,14,10,4,24,1
2013,October,10,35,Oswego,26,40,28,20,108,7,18,14,5,3,46,2,8,26,23,17,62,5
2013,October,10,36,Otsego,3,7,0,2,10,1,3,1,0,1,5,1,0,6,0,1,5,0
2013,October,10,37,Putnam,1,3,2,2,9,0,0,1,0,1,3,0,1,2,2,1,6,0
2013,October,10,38,Rensselaer,12,62,24,6,61,4,8,41,15,2,43,2,4,21,9,4,18,2
2013,October,10,39,Rockland,21,28,21,15,63,11,11,15,5,1,24,6,10,13,16,14,39,5
2013,October,10,41,Saratoga,3,7,6,1,6,2,0,2,3,1,1,2,3,5,3,0,5,0
2013,October,10,42,Schenectady,11,50,27,54,81,7,7,14,10,5,34,3,4,36,17,49,47,4
2013,October,10,43,Schoharie,3,4,0,2,2,3,2,2,0,1,0,1,1,2,0,1,2,2
2013,October,10,44,Schuyler,1,7,6,1,3,2,1,5,2,0,2,1,0,2,4,1,1,1
2013,October,10,45,Seneca,2,11,6,2,4,0,2,3,1,0,1,0,0,8,5,2,3,0
2013,October,10,46,Steuben,19,14,15,18,35,1,7,6,2,6,17,0,12,8,13,12,18,1
2013,October,10,40,St. Lawrence,11,26,15,12,62,5,11,15,6,2,25,2,0,11,9,10,37,3
2013,October,10,47,Suffolk,98,226,133,140,830,40,34,70,43,15,219,11,64,156,90,125,611,29
2013,October,10,48,Sullivan,6,14,14,15,36,3,3,5,6,2,13,1,3,9,8,13,23,2
2013,October,10,49,Tioga,7,7,5,3,12,3,5,0,2,0,4,1,2,7,3,3,8,2
2013,October,10,50,Tompkins,15,24,15,3,39,4,5,7,2,0,8,1,10,17,13,3,31,3
2013,October,10,51,Ulster,11,45,58,11,106,11,5,18,18,1,40,4,6,27,40,10,66,7
2013,October,10,52,Warren,5,7,6,2,6,0,4,0,1,1,3,0,1,7,5,1,3,0
2013,October,10,53,Washington,2,12,5,2,14,2,1,4,3,1,8,0,1,8,2,1,6,2
2013,October,10,54,Wayne,5,9,3,4,19,4,2,3,2,0,8,2,3,6,1,4,11,2
2013,October,10,55,Westchester,55,111,102,46,333,24,21,24,20,6,118,11,34,87,82,40,215,13
2013,October,10,56,Wyoming,1,4,1,0,3,0,0,2,1,0,1,0,1,2,0,0,2,0
2013,October,10,57,Yates,1,9,4,6,3,0,0,4,3,0,1,0,1,5,1,6,2,0
2013,September,9,1,Albany,19,80,92,31,115,6,13,21,34,4,24,1,6,59,58,27,91,5
2013,September,9,2,Allegany,1,18,8,5,14,0,0,9,5,1,7,0,1,9,3,4,7,0
2013,September,9,3,Broome,28,103,59,29,258,11,13,37,25,6,91,3,15,66,34,23,167,8
2013,September,9,4,Cattaraugus,14,8,9,12,20,0,10,1,1,2,4,0,4,7,8,10,16,0
2013,September,9,5,Cayuga,6,9,9,3,11,3,2,5,3,1,5,0,4,4,6,2,6,3
2013,September,9,6,Chautauqua,14,50,39,15,74,7,9,24,13,9,32,3,5,26,26,6,42,4
2013,September,9,7,Chemung,2,5,9,4,30,2,2,2,2,0,14,1,0,3,7,4,16,1
2013,September,9,8,Chenango,1,13,6,6,28,0,1,9,4,0,19,0,0,4,2,6,9,0
2013,September,9,9,Clinton,18,13,12,14,39,8,11,3,3,2,12,2,7,10,9,12,27,6
2013,September,9,10,Columbia,3,15,12,4,19,6,2,6,7,0,4,1,1,9,5,4,15,5
2013,September,9,11,Cortland,7,14,7,3,20,2,6,8,2,0,8,2,1,6,5,3,12,0
2013,September,9,12,Delaware,4,17,6,3,14,2,2,5,1,3,7,2,2,12,5,0,7,0
2013,September,9,13,Dutchess,8,29,18,14,84,4,3,12,6,2,25,1,5,17,12,12,59,3
2013,September,9,14,Erie,187,252,122,158,437,27,53,101,38,32,143,3,134,151,84,126,294,24
2013,September,9,15,Essex,1,3,1,2,4,0,1,2,1,0,3,0,0,1,0,2,1,0
2013,September,9,16,Franklin,8,25,6,18,7,0,4,18,1,0,2,0,4,7,5,18,5,0
2013,September,9,17,Fulton,11,10,8,21,23,0,3,2,2,4,13,0,8,8,6,17,10,0
2013,September,9,18,Genesee,2,7,7,4,19,2,1,2,2,2,3,0,1,5,5,2,16,2
2013,September,9,19,Greene,6,28,13,17,23,2,3,9,4,2,5,1,3,19,9,15,18,1
2013,September,9,20,Hamilton,0,0,0,0,0,0,0,0,0,0,0,0,0,0,0,0,0,0
2013,September,9,21,Herkimer,10,17,8,13,37,1,5,4,1,3,16,0,5,13,7,10,21,1
2013,September,9,22,Jefferson,13,33,15,18,45,8,5,7,4,6,14,0,8,26,11,12,31,8
2013,September,9,23,Lewis,0,3,2,0,5,2,0,1,0,0,4,1,0,2,2,0,1,1
2013,September,9,24,Livingston,7,23,13,1,27,4,2,3,4,0,11,1,5,20,9,1,16,3
2013,September,9,25,Madison,2,9,7,1,9,5,0,4,4,1,4,2,2,5,3,0,5,3
2013,September,9,26,Monroe,38,250,103,67,983,33,22,80,32,10,378,9,16,170,71,57,605,24
2013,September,9,27,Montgomery,9,12,14,7,30,1,6,6,7,3,15,0,3,6,7,4,15,1
2013,September,9,28,Nassau,64,138,98,86,443,19,31,47,23,8,125,5,33,91,75,78,318,14
2013,September,9,66,New York City,425,3780,520,2825,8833,2601,252,1017,146,369,3446,309,173,2763,374,2456,5387,2292
2013,September,9,29,Niagara,31,49,36,33,152,13,14,18,9,6,43,5,17,31,27,27,109,8
2013,September,9,30,Oneida,23,95,42,18,126,9,10,44,17,4,63,0,13,51,25,14,63,9
2013,September,9,31,Onondaga,44,157,68,117,381,12,21,70,30,17,185,3,23,87,38,100,196,9
2013,September,9,32,Ontario,13,34,24,13,46,6,11,14,8,3,19,4,2,20,16,10,27,2
2013,September,9,33,Orange,26,54,70,23,102,5,15,19,16,7,37,1,11,35,54,16,65,4
2013,September,9,34,Orleans,5,15,8,4,10,4,2,5,3,1,1,0,3,10,5,3,9,4
2013,September,9,35,Oswego,25,34,28,18,117,8,12,15,7,4,58,4,13,19,21,14,59,4
2013,September,9,36,Otsego,7,7,3,1,6,0,4,5,2,0,2,0,3,2,1,1,4,0
2013,September,9,37,Putnam,3,5,6,4,6,0,2,2,3,0,1,0,1,3,3,4,5,0
2013,September,9,38,Rensselaer,20,39,26,5,72,7,12,28,18,3,52,4,8,11,8,2,20,3
2013,September,9,39,Rockland,15,32,13,11,53,10,10,14,2,1,21,1,5,18,11,10,32,9
2013,September,9,41,Saratoga,4,5,5,0,5,1,2,0,3,0,3,1,2,5,2,0,2,0
2013,September,9,42,Schenectady,14,41,30,30,102,9,9,12,14,4,40,4,5,29,16,26,62,5
2013,September,9,43,Schoharie,3,5,2,1,0,1,2,2,1,1,0,1,1,3,1,0,0,0
2013,September,9,44,Schuyler,4,3,5,3,10,3,4,0,2,2,5,2,0,3,3,1,5,1
2013,September,9,45,Seneca,2,5,7,0,6,1,2,1,3,0,3,0,0,4,4,0,3,1
2013,September,9,46,Steuben,17,19,22,18,37,4,10,5,9,6,14,2,7,14,13,12,23,2
2013,September,9,40,St. Lawrence,14,31,14,9,59,5,8,11,6,2,27,0,6,20,8,7,32,5
2013,September,9,47,Suffolk,109,234,114,144,862,43,43,62,26,11,237,10,66,172,88,133,625,33
2013,September,9,48,Sullivan,5,20,29,13,31,1,2,8,9,2,12,0,3,12,20,11,19,1
2013,September,9,49,Tioga,10,15,11,2,13,2,6,6,6,1,7,0,4,9,5,1,6,2
2013,September,9,50,Tompkins,9,35,14,8,48,6,2,9,3,2,10,1,7,26,11,6,38,5
2013,September,9,51,Ulster,15,51,50,4,76,12,8,17,17,2,28,2,7,34,33,2,48,10
2013,September,9,52,Warren,7,8,6,2,10,0,3,2,0,1,5,0,4,6,6,1,5,0
2013,September,9,53,Washington,5,7,7,2,14,0,5,1,3,1,8,0,0,6,4,1,6,0
2013,September,9,54,Wayne,7,10,4,2,15,2,5,3,2,0,6,0,2,7,2,2,9,2
2013,September,9,55,Westchester,45,100,90,45,372,12,19,31,18,3,160,2,26,69,72,42,212,10
2013,September,9,56,Wyoming,3,3,4,1,6,1,2,0,0,1,2,1,1,3,4,0,4,0
2013,September,9,57,Yates,1,4,1,5,10,0,1,0,0,2,3,0,0,4,1,3,7,0
2013,August,8,1,Albany,27,88,85,28,104,8,14,31,39,6,30,1,13,57,46,22,74,7
2013,August,8,2,Allegany,3,16,8,4,18,3,1,8,2,1,9,0,2,8,6,3,9,3
2013,August,8,3,Broome,40,104,66,31,271,18,17,27,26,5,98,3,23,77,40,26,173,15
2013,August,8,4,Cattaraugus,11,15,8,12,19,1,4,4,2,1,6,0,7,11,6,11,13,1
2013,August,8,5,Cayuga,15,17,9,1,13,3,12,7,4,0,5,1,3,10,5,1,8,2
2013,August,8,6,Chautauqua,10,55,37,12,56,5,6,18,17,9,22,4,4,37,20,3,34,1
2013,August,8,7,Chemung,10,19,7,6,45,3,8,5,3,3,29,2,2,14,4,3,16,1
2013,August,8,8,Chenango,2,12,6,5,12,1,2,2,4,0,7,1,0,10,2,5,5,0
2013,August,8,9,Clinton,13,21,9,17,39,11,3,8,3,5,13,6,10,13,6,12,26,5
2013,August,8,10,Columbia,2,15,4,13,27,1,1,5,3,1,5,0,1,10,1,12,22,1
2013,August,8,11,Cortland,2,17,9,4,19,2,1,6,4,0,8,1,1,11,5,4,11,1
2013,August,8,12,Delaware,2,9,7,5,19,0,2,2,4,2,7,0,0,7,3,3,12,0
2013,August,8,13,Dutchess,13,34,21,16,122,3,6,11,5,2,44,1,7,23,16,14,78,2
2013,August,8,14,Erie,162,280,131,131,438,23,50,110,46,23,148,5,112,170,85,108,290,18
2013,August,8,15,Essex,2,2,3,1,8,0,2,0,1,0,3,0,0,2,2,1,5,0
2013,August,8,16,Franklin,8,17,5,10,16,0,2,3,1,2,7,0,6,14,4,8,9,0
2013,August,8,17,Fulton,8,18,1,21,31,0,4,6,0,4,19,0,4,12,1,17,12,0
2013,August,8,18,Genesee,2,13,7,10,24,2,1,3,3,1,9,0,1,10,4,9,15,2
2013,August,8,19,Greene,6,31,9,8,22,5,3,11,3,4,4,4,3,20,6,4,18,1
2013,August,8,20,Hamilton,0,2,0,1,1,0,0,1,0,0,0,0,0,1,0,1,1,0
2013,August,8,21,Herkimer,4,9,4,12,23,2,3,6,1,6,10,1,1,3,3,6,13,1
2013,August,8,22,Jefferson,12,25,10,7,80,6,7,6,3,0,18,4,5,19,7,7,62,2
2013,August,8,23,Lewis,2,2,1,0,6,3,0,2,1,0,4,2,2,0,0,0,2,1
2013,August,8,24,Livingston,7,17,15,4,25,8,4,8,6,0,12,1,3,9,9,4,13,7
2013,August,8,25,Madison,3,3,4,4,8,1,2,1,4,3,2,0,1,2,0,1,6,1
2013,August,8,26,Monroe,49,301,74,81,1109,39,18,113,26,17,400,8,31,188,48,64,709,31
2013,August,8,27,Montgomery,8,16,16,2,35,0,7,7,11,0,18,0,1,9,5,2,17,0
2013,August,8,28,Nassau,59,149,132,98,451,20,27,56,27,10,117,2,32,93,105,88,334,18
2013,August,8,66,New York City,424,2779,448,2748,5476,2573,240,824,122,330,1980,275,184,1955,326,2418,3496,2298
2013,August,8,29,Niagara,19,76,24,20,176,16,10,24,8,1,54,3,9,52,16,19,122,13
2013,August,8,30,Oneida,26,70,41,31,100,21,15,29,15,1,46,6,11,41,26,30,54,15
2013,August,8,31,Onondaga,52,189,54,111,405,21,27,72,19,18,207,7,25,117,35,93,198,14
2013,August,8,32,Ontario,10,26,25,13,32,3,3,9,9,1,12,2,7,17,16,12,20,1
2013,August,8,33,Orange,28,53,69,28,124,5,13,15,11,0,44,2,15,38,58,28,80,3
2013,August,8,34,Orleans,2,19,22,8,25,1,1,4,5,1,12,1,1,15,17,7,13,0
2013,August,8,35,Oswego,25,29,27,13,104,9,14,9,10,1,50,1,11,20,17,12,54,8
2013,August,8,36,Otsego,1,7,4,0,10,1,1,0,0,0,5,1,0,7,4,0,5,0
2013,August,8,37,Putnam,3,2,3,2,7,0,1,0,0,0,2,0,2,2,3,2,5,0
2013,August,8,38,Rensselaer,18,52,24,9,70,9,12,26,13,5,45,3,6,26,11,4,25,6
2013,August,8,39,Rockland,19,46,14,22,99,12,9,20,7,2,29,3,10,26,7,20,70,9
2013,August,8,41,Saratoga,12,7,4,0,13,0,7,1,3,0,4,0,5,6,1,0,9,0
2013,August,8,42,Schenectady,15,61,34,49,91,8,7,21,16,6,31,6,8,40,18,43,60,2
2013,August,8,43,Schoharie,1,2,2,0,10,1,1,1,2,0,5,1,0,1,0,0,5,0
2013,August,8,44,Schuyler,3,2,5,5,8,1,2,0,3,0,5,1,1,2,2,5,3,0
2013,August,8,45,Seneca,0,6,3,0,7,1,0,4,0,0,5,0,0,2,3,0,2,1
2013,August,8,46,Steuben,23,30,24,20,48,2,14,12,10,3,22,2,9,18,14,17,26,0
2013,August,8,40,St. Lawrence,17,25,26,12,65,6,7,9,13,2,33,1,10,16,13,10,32,5
2013,August,8,47,Suffolk,89,267,151,209,888,41,38,91,44,23,230,10,51,176,107,186,658,31
2013,August,8,48,Sullivan,3,31,26,9,47,2,2,13,9,1,19,1,1,18,17,8,28,1
2013,August,8,49,Tioga,1,6,9,4,8,0,0,1,6,2,5,0,1,5,3,2,3,0
2013,August,8,50,Tompkins,11,28,10,5,48,2,4,8,4,0,7,2,7,20,6,5,41,0
2013,August,8,51,Ulster,21,65,71,65,108,11,10,22,19,4,32,2,11,43,52,61,76,9
2013,August,8,52,Warren,6,10,7,4,14,0,4,4,3,2,6,0,2,6,4,2,8,0
2013,August,8,53,Washington,2,7,7,1,19,0,1,2,4,0,9,0,1,5,3,1,10,0
2013,August,8,54,Wayne,6,25,13,3,14,2,4,7,8,1,8,1,2,18,5,2,6,1
2013,August,8,55,Westchester,67,121,116,52,450,11,26,31,23,7,182,1,41,90,93,45,268,10
2013,August,8,56,Wyoming,4,6,2,0,6,0,3,3,0,0,4,0,1,3,2,0,2,0
2013,August,8,57,Yates,5,6,5,7,10,3,1,2,1,2,4,0,4,4,4,5,6,3
2013,July,7,1,Albany,26,71,80,48,135,14,16,29,37,7,39,2,10,42,43,41,96,12
2013,July,7,2,Allegany,4,12,5,3,9,2,3,4,1,1,6,2,1,8,4,2,3,0
2013,July,7,3,Broome,36,112,51,32,306,25,16,46,19,5,115,12,20,66,32,27,191,13
2013,July,7,4,Cattaraugus,8,13,1,9,18,1,3,3,1,3,8,0,5,10,0,6,10,1
2013,July,7,5,Cayuga,8,8,6,5,13,0,3,4,0,0,6,0,5,4,6,5,7,0
2013,July,7,6,Chautauqua,15,64,33,18,66,7,9,23,16,6,33,2,6,41,17,12,33,5
2013,July,7,7,Chemung,2,12,11,8,31,1,1,6,6,4,11,1,1,6,5,4,20,0
2013,July,7,8,Chenango,5,9,3,4,23,5,3,3,2,2,12,0,2,6,1,2,11,5
2013,July,7,9,Clinton,5,24,10,10,33,11,2,6,3,2,13,6,3,18,7,8,20,5
2013,July,7,10,Columbia,3,15,10,9,27,1,0,4,5,0,9,0,3,11,5,9,18,1
2013,July,7,11,Cortland,10,13,10,4,14,1,4,5,5,1,5,0,6,8,5,3,9,1
2013,July,7,12,Delaware,4,8,4,1,11,0,2,4,2,0,4,0,2,4,2,1,7,0
2013,July,7,13,Dutchess,11,23,20,19,107,4,3,7,7,1,43,0,8,16,13,18,64,4
2013,July,7,14,Erie,170,185,134,136,453,33,57,71,46,29,151,5,113,114,88,107,302,28
2013,July,7,15,Essex,0,2,4,2,9,0,0,0,0,2,5,0,0,2,4,0,4,0
2013,July,7,16,Franklin,6,8,10,10,16,0,2,3,2,2,11,0,4,5,8,8,5,0
2013,July,7,17,Fulton,8,7,6,25,18,2,5,4,1,10,6,0,3,3,5,15,12,2
2013,July,7,18,Genesee,5,9,4,6,24,2,2,2,2,1,5,0,3,7,2,5,19,2
2013,July,7,19,Greene,10,18,7,2,23,2,5,7,4,0,5,0,5,11,3,2,18,2
2013,July,7,20,Hamilton,0,0,0,0,1,0,0,0,0,0,0,0,0,0,0,0,1,0
2013,July,7,21,Herkimer,3,12,1,8,26,2,2,7,1,2,11,1,1,5,0,6,15,1
2013,July,7,22,Jefferson,13,21,14,12,81,10,4,4,4,2,21,1,9,17,10,10,60,9
2013,July,7,23,Lewis,1,2,0,0,1,2,0,0,0,0,1,2,1,2,0,0,0,0
2013,July,7,24,Livingston,9,11,10,2,29,5,4,4,2,1,10,0,5,7,8,1,19,5
2013,July,7,25,Madison,1,8,4,2,10,5,1,2,1,1,1,2,0,6,3,1,9,3
2013,July,7,26,Monroe,46,256,62,70,894,29,23,88,23,10,301,8,23,168,39,60,593,21
2013,July,7,27,Montgomery,7,10,7,8,25,0,5,4,3,0,18,0,2,6,4,8,7,0
2013,July,7,28,Nassau,59,144,100,111,417,31,31,54,21,10,104,3,28,90,79,101,313,28
2013,July,7,66,New York City,455,3679,485,3498,9286,2729,254,974,120,357,3578,340,201,2705,365,3141,5708,2389
2013,July,7,29,Niagara,25,64,32,31,183,7,11,23,12,3,59,2,14,41,20,28,124,5
2013,July,7,30,Oneida,22,61,50,17,120,3,11,20,14,5,52,1,11,41,36,12,68,2
2013,July,7,31,Onondaga,45,109,46,91,421,16,23,42,16,13,182,5,22,67,30,78,239,11
2013,July,7,32,Ontario,8,25,20,13,61,3,5,10,3,2,26,1,3,15,17,11,35,2
2013,July,7,33,Orange,19,53,58,31,106,5,9,16,11,4,41,2,10,37,47,27,65,3
2013,July,7,34,Orleans,4,21,8,9,24,1,1,7,5,0,6,0,3,14,3,9,18,1
2013,July,7,35,Oswego,20,29,13,14,124,16,15,17,5,2,50,4,5,12,8,12,74,12
2013,July,7,36,Otsego,5,7,1,1,5,1,3,1,0,0,1,0,2,6,1,1,4,1
2013,July,7,37,Putnam,0,2,3,2,0,0,0,1,0,1,0,0,0,1,3,1,0,0
2013,July,7,38,Rensselaer,14,48,30,5,56,9,10,32,21,5,45,6,4,16,9,0,11,3
2013,July,7,39,Rockland,14,24,4,21,83,14,10,9,1,5,33,6,4,15,3,16,50,8
2013,July,7,41,Saratoga,5,8,1,1,15,0,3,0,0,1,6,0,2,8,1,0,9,0
2013,July,7,42,Schenectady,9,49,21,50,56,8,7,11,11,6,17,3,2,38,10,44,39,5
2013,July,7,43,Schoharie,2,4,4,1,6,0,2,2,1,0,2,0,0,2,3,1,4,0
2013,July,7,44,Schuyler,0,7,4,2,9,2,0,1,1,2,4,2,0,6,3,0,5,0
2013,July,7,45,Seneca,2,14,4,0,1,3,2,3,2,0,1,1,0,11,2,0,0,2
2013,July,7,46,Steuben,14,31,14,26,34,1,9,12,3,4,16,0,5,19,11,22,18,1
2013,July,7,40,St. Lawrence,14,24,19,11,57,4,8,7,7,2,27,3,6,17,12,9,30,1
2013,July,7,47,Suffolk,89,229,117,142,800,23,35,62,35,8,214,3,54,167,82,134,586,20
2013,July,7,48,Sullivan,8,18,27,10,38,3,3,7,6,2,18,2,5,11,21,8,20,1
2013,July,7,49,Tioga,8,6,10,2,11,0,7,2,4,1,7,0,1,4,6,1,4,0
2013,July,7,50,Tompkins,11,20,15,7,40,3,5,8,4,0,11,0,6,12,11,7,29,3
2013,July,7,51,Ulster,15,51,38,20,86,6,10,10,12,2,33,4,5,41,26,18,53,2
2013,July,7,52,Warren,7,14,3,7,10,0,2,3,1,0,2,0,5,11,2,7,8,0
2013,July,7,53,Washington,2,7,7,1,8,1,2,1,3,1,4,0,0,6,4,0,4,1
2013,July,7,54,Wayne,4,23,11,1,23,1,4,7,6,1,10,0,0,16,5,0,13,1
2013,July,7,55,Westchester,77,111,92,73,381,16,35,28,18,7,164,6,42,83,74,66,217,10
2013,July,7,56,Wyoming,5,6,9,1,3,2,5,2,3,1,2,0,0,4,6,0,1,2
2013,July,7,57,Yates,2,4,7,2,13,0,1,0,2,1,3,0,1,4,5,1,10,0
2013,June,6,1,Albany,20,81,64,47,171,11,12,28,25,6,60,2,8,53,39,41,111,9
2013,June,6,2,Allegany,7,10,4,4,19,1,5,5,2,1,13,1,2,5,2,3,6,0
2013,June,6,3,Broome,38,108,48,27,295,22,21,38,18,5,101,12,17,70,30,22,194,10
2013,June,6,4,Cattaraugus,7,18,7,5,17,3,6,4,2,2,5,2,1,14,5,3,12,1
2013,June,6,5,Cayuga,7,14,9,2,12,1,5,4,1,0,3,1,2,10,8,2,9,0
2013,June,6,6,Chautauqua,23,49,32,14,55,10,16,19,13,5,29,5,7,30,19,9,26,5
2013,June,6,7,Chemung,6,12,6,7,29,1,5,5,4,1,16,0,1,7,2,6,13,1
2013,June,6,8,Chenango,0,9,5,3,15,2,0,0,4,0,4,0,0,9,1,3,11,2
2013,June,6,9,Clinton,11,30,5,12,21,6,6,9,1,1,7,0,5,21,4,11,14,6
2013,June,6,10,Columbia,1,15,5,1,23,0,1,1,2,0,11,0,0,14,3,1,12,0
2013,June,6,11,Cortland,7,14,6,3,25,3,5,6,3,1,13,1,2,8,3,2,12,2
2013,June,6,12,Delaware,0,8,9,2,18,4,0,3,5,2,7,2,0,5,4,0,11,2
2013,June,6,13,Dutchess,7,22,23,13,92,1,4,7,7,1,45,1,3,15,16,12,47,0
2013,June,6,14,Erie,168,217,112,125,387,15,43,84,32,24,139,2,125,133,80,101,248,13
2013,June,6,15,Essex,1,3,2,0,9,1,0,1,0,0,3,0,1,2,2,0,6,1
2013,June,6,16,Franklin,5,18,7,20,18,3,4,6,2,4,8,1,1,12,5,16,10,2
2013,June,6,17,Fulton,8,14,2,22,33,2,3,5,1,10,17,1,5,9,1,12,16,1
2013,June,6,18,Genesee,2,5,4,2,26,0,1,2,0,1,7,0,1,3,4,1,19,0
2013,June,6,19,Greene,6,35,14,7,24,4,2,9,4,1,7,2,4,26,10,6,17,2
2013,June,6,20,Hamilton,1,4,0,0,2,0,0,1,0,0,0,0,1,3,0,0,2,0
2013,June,6,21,Herkimer,5,17,8,9,36,4,4,4,2,6,23,0,1,13,6,3,13,4
2013,June,6,22,Jefferson,13,29,10,16,67,17,7,10,6,2,20,7,6,19,4,14,47,10
2013,June,6,23,Lewis,2,1,1,0,3,0,2,0,1,0,1,0,0,1,0,0,2,0
2013,June,6,24,Livingston,5,26,15,6,36,4,4,8,6,0,14,1,1,18,9,6,22,3
2013,June,6,25,Madison,0,3,4,4,17,1,0,0,1,2,9,1,0,3,3,2,8,0
2013,June,6,26,Monroe,43,262,87,67,740,25,26,90,30,9,260,10,17,172,57,58,480,15
2013,June,6,27,Montgomery,4,17,13,4,20,1,3,9,5,1,9,1,1,8,8,3,11,0
2013,June,6,28,Nassau,61,151,102,122,441,23,29,49,19,5,94,5,32,102,83,117,347,18
2013,June,6,66,New York City,404,2764,307,3186,5904,2249,236,759,73,320,2153,240,168,2005,234,2866,3751,2009
2013,June,6,29,Niagara,23,57,25,24,142,10,15,17,6,3,35,5,8,40,19,21,107,5
2013,June,6,30,Oneida,13,73,47,24,122,17,3,24,17,4,52,4,10,49,30,20,70,13
2013,June,6,31,Onondaga,48,135,54,84,397,8,26,46,20,8,184,5,22,89,34,76,213,3
2013,June,6,32,Ontario,8,23,14,20,39,4,4,4,5,3,15,2,4,19,9,17,24,2
2013,June,6,33,Orange,25,76,46,24,119,4,14,27,13,4,51,1,11,49,33,20,68,3
2013,June,6,34,Orleans,5,20,17,8,14,4,3,4,7,2,6,0,2,16,10,6,8,4
2013,June,6,35,Oswego,36,28,19,9,128,13,22,7,6,2,54,3,14,21,13,7,74,10
2013,June,6,36,Otsego,3,4,2,0,12,3,2,1,1,0,7,1,1,3,1,0,5,2
2013,June,6,37,Putnam,2,4,4,2,0,0,1,2,0,0,0,0,1,2,4,2,0,0
2013,June,6,38,Rensselaer,11,37,12,7,94,8,10,20,7,6,60,3,1,17,5,1,34,5
2013,June,6,39,Rockland,12,35,18,31,75,22,5,15,5,6,21,10,7,20,13,25,54,12
2013,June,6,41,Saratoga,6,5,3,1,10,1,4,3,1,0,6,0,2,2,2,1,4,1
2013,June,6,42,Schenectady,6,43,34,40,75,12,2,15,13,6,38,5,4,28,21,34,37,7
2013,June,6,43,Schoharie,2,2,1,0,3,2,2,1,0,0,1,0,0,1,1,0,2,2
2013,June,6,44,Schuyler,2,11,2,0,10,1,2,7,2,0,3,1,0,4,0,0,7,0
2013,June,6,45,Seneca,2,9,4,1,6,0,2,2,2,1,4,0,0,7,2,0,2,0
2013,June,6,46,Steuben,11,13,21,17,42,1,6,4,7,3,13,0,5,9,14,14,29,1
2013,June,6,40,St. Lawrence,13,23,18,17,67,3,7,9,4,2,35,2,6,14,14,15,32,1
2013,June,6,47,Suffolk,84,232,107,185,816,27,34,59,24,13,179,4,50,173,83,172,637,23
2013,June,6,48,Sullivan,6,13,12,11,30,3,2,8,5,1,11,0,4,5,7,10,19,3
2013,June,6,49,Tioga,6,8,12,0,8,3,3,1,2,0,5,0,3,7,10,0,3,3
2013,June,6,50,Tompkins,4,31,6,5,64,4,2,8,3,0,22,2,2,23,3,5,42,2
2013,June,6,51,Ulster,15,49,35,11,123,2,9,16,15,1,47,0,6,33,20,10,76,2
2013,June,6,52,Warren,1,5,9,3,19,2,0,2,3,1,6,0,1,3,6,2,13,2
2013,June,6,53,Washington,6,7,3,1,14,1,3,0,1,1,7,0,3,7,2,0,7,1
2013,June,6,54,Wayne,6,16,8,5,16,0,6,4,1,0,6,0,0,12,7,5,10,0
2013,June,6,55,Westchester,62,102,83,52,392,11,18,37,12,6,152,4,44,65,71,46,240,7
2013,June,6,56,Wyoming,5,12,2,1,7,1,5,7,0,0,4,0,0,5,2,1,3,1
2013,June,6,57,Yates,4,4,2,5,9,0,2,3,1,2,2,0,2,1,1,3,7,0
2013,May,5,1,Albany,26,101,91,45,162,9,11,44,40,4,61,3,15,57,51,41,101,6
2013,May,5,2,Allegany,4,12,5,7,16,4,2,5,3,1,7,2,2,7,2,6,9,2
2013,May,5,3,Broome,31,101,54,36,207,19,19,34,21,4,66,7,12,67,33,32,141,12
2013,May,5,4,Cattaraugus,7,15,4,8,19,0,3,2,1,1,3,0,4,13,3,7,16,0
2013,May,5,5,Cayuga,6,15,10,2,16,4,5,7,1,0,5,1,1,8,9,2,11,3
2013,May,5,6,Chautauqua,8,38,48,13,55,9,3,18,18,5,21,3,5,20,30,8,34,6
2013,May,5,7,Chemung,6,11,5,6,25,5,3,4,2,2,12,1,3,7,3,4,13,4
2013,May,5,8,Chenango,2,11,3,2,16,3,2,3,1,1,12,1,0,8,2,1,4,2
2013,May,5,9,Clinton,14,25,11,19,38,11,6,6,3,3,14,3,8,19,8,16,24,8
2013,May,5,10,Columbia,2,17,19,5,26,2,1,4,4,0,10,0,1,13,15,5,16,2
2013,May,5,11,Cortland,13,28,13,8,19,2,6,12,2,2,8,1,7,16,11,6,11,1
2013,May,5,12,Delaware,2,8,3,3,13,1,1,1,1,2,3,0,1,7,2,1,10,1
2013,May,5,13,Dutchess,16,37,25,23,115,5,7,14,3,3,44,2,9,23,22,20,71,3
2013,May,5,14,Erie,166,247,116,154,417,19,43,78,27,32,134,4,123,169,89,122,283,15
2013,May,5,15,Essex,2,4,1,1,14,2,2,1,0,0,9,0,0,3,1,1,5,2
2013,May,5,16,Franklin,6,19,11,17,14,3,3,6,2,4,7,1,3,13,9,13,7,2
2013,May,5,17,Fulton,9,11,4,15,26,0,5,2,1,2,18,0,4,9,3,13,8,0
2013,May,5,18,Genesee,7,12,7,8,17,0,3,6,3,3,3,0,4,6,4,5,14,0
2013,May,5,19,Greene,5,27,15,18,16,3,3,7,3,6,7,2,2,20,12,12,9,1
2013,May,5,20,Hamilton,0,2,1,0,0,0,0,1,0,0,0,0,0,1,1,0,0,0
2013,May,5,21,Herkimer,9,14,8,5,29,1,4,6,2,3,13,1,5,8,6,2,16,0
2013,May,5,22,Jefferson,8,39,6,16,67,5,1,7,1,2,24,1,7,32,5,14,43,4
2013,May,5,23,Lewis,5,3,2,1,6,2,1,3,2,1,1,1,4,0,0,0,5,1
2013,May,5,24,Livingston,5,24,17,1,20,6,2,5,8,0,7,2,3,19,9,1,13,4
2013,May,5,25,Madison,4,14,6,3,16,3,3,7,3,0,7,1,1,7,3,3,9,2
2013,May,5,26,Monroe,40,270,98,72,750,16,23,80,27,12,230,6,17,190,71,60,520,10
2013,May,5,27,Montgomery,6,20,18,8,32,1,4,7,9,1,13,0,2,13,9,7,19,1
2013,May,5,28,Nassau,78,143,115,98,541,25,36,63,27,4,147,7,42,80,88,94,394,18
2013,May,5,66,New York City,418,3331,383,3663,7215,2624,233,888,74,355,2701,290,185,2443,309,3308,4514,2334
2013,May,5,29,Niagara,20,68,24,33,167,8,8,20,6,2,55,2,12,48,18,31,112,6
2013,May,5,30,Oneida,23,77,63,10,115,13,13,23,19,2,59,4,10,54,44,8,56,9
2013,May,5,31,Onondaga,50,163,81,118,412,17,26,75,24,23,194,7,24,88,57,95,218,10
2013,May,5,32,Ontario,9,30,20,16,40,6,7,5,6,4,15,1,2,25,14,12,25,5
2013,May,5,33,Orange,33,69,79,25,101,5,15,21,15,3,40,1,18,48,64,22,61,4
2013,May,5,34,Orleans,4,18,18,12,13,3,2,4,6,2,5,0,2,14,12,10,8,3
2013,May,5,35,Oswego,15,23,15,18,109,7,8,12,1,3,42,0,7,11,14,15,67,7
2013,May,5,36,Otsego,6,4,5,3,13,1,2,1,2,1,4,0,4,3,3,2,9,1
2013,May,5,37,Putnam,1,4,3,0,2,0,0,0,0,0,0,0,1,4,3,0,2,0
2013,May,5,38,Rensselaer,9,35,30,3,84,3,8,19,18,3,56,3,1,16,12,0,28,0
2013,May,5,39,Rockland,21,39,22,16,76,3,9,15,9,0,26,1,12,24,13,16,50,2
2013,May,5,41,Saratoga,7,12,3,0,19,0,3,2,1,0,11,0,4,10,2,0,8,0
2013,May,5,42,Schenectady,9,48,45,54,82,2,4,11,7,6,32,2,5,37,38,48,50,0
2013,May,5,43,Schoharie,3,7,4,0,8,2,2,4,2,0,5,1,1,3,2,0,3,1
2013,May,5,44,Schuyler,2,7,12,4,7,5,1,3,4,0,3,1,1,4,8,4,4,4
2013,May,5,45,Seneca,0,8,5,2,9,0,0,2,2,0,2,0,0,6,3,2,7,0
2013,May,5,46,Steuben,14,16,23,14,21,4,7,7,11,4,7,2,7,9,12,10,14,2
2013,May,5,40,St. Lawrence,17,29,15,12,65,5,5,12,4,2,29,1,12,17,11,10,36,4
2013,May,5,47,Suffolk,78,251,155,172,829,31,41,72,48,10,206,5,37,179,107,162,623,26
2013,May,5,48,Sullivan,4,27,20,19,49,0,2,13,6,5,21,0,2,14,14,14,28,0
2013,May,5,49,Tioga,8,9,6,8,22,2,5,4,2,2,10,1,3,5,4,6,12,1
2013,May,5,50,Tompkins,13,26,9,11,45,6,7,9,2,1,13,3,6,17,7,10,32,3
2013,May,5,51,Ulster,26,58,47,14,106,6,11,17,11,1,34,3,15,41,36,13,72,3
2013,May,5,52,Warren,10,12,10,4,7,0,5,6,2,1,4,0,5,6,8,3,3,0
2013,May,5,53,Washington,7,10,2,2,14,0,5,1,0,1,7,0,2,9,2,1,7,0
2013,May,5,54,Wayne,2,18,1,6,12,0,1,6,1,1,3,0,1,12,0,5,9,0
2013,May,5,55,Westchester,71,93,112,74,368,14,30,24,16,6,143,2,41,69,96,68,225,12
2013,May,5,56,Wyoming,3,4,5,1,2,1,2,0,2,0,0,1,1,4,3,1,2,0
2013,May,5,57,Yates,4,10,8,4,4,1,4,0,0,1,0,0,0,10,8,3,4,1
2013,April,4,1,Albany,18,71,64,44,136,13,8,29,19,5,49,3,10,42,45,39,87,10
2013,April,4,2,Allegany,6,14,8,4,17,1,4,8,1,0,11,1,2,6,7,4,6,0
2013,April,4,3,Broome,20,99,52,21,286,17,15,28,17,4,114,9,5,71,35,17,172,8
2013,April,4,4,Cattaraugus,13,19,3,6,23,0,7,4,1,0,8,0,6,15,2,6,15,0
2013,April,4,5,Cayuga,4,10,11,1,13,4,0,6,4,1,6,2,4,4,7,0,7,2
2013,April,4,6,Chautauqua,14,55,39,9,77,7,12,22,11,0,34,3,2,33,28,9,43,4
2013,April,4,7,Chemung,9,11,7,5,29,6,5,4,4,0,15,0,4,7,3,5,14,6
2013,April,4,8,Chenango,3,6,4,2,11,2,1,1,3,1,2,1,2,5,1,1,9,1
2013,April,4,9,Clinton,15,17,12,19,24,6,4,5,1,5,9,1,11,12,11,14,15,5
2013,April,4,10,Columbia,6,19,19,8,31,2,2,6,5,0,15,1,4,13,14,8,16,1
2013,April,4,11,Cortland,6,19,9,4,23,0,4,4,1,0,7,0,2,15,8,4,16,0
2013,April,4,12,Delaware,2,8,6,2,22,0,2,3,3,2,10,0,0,5,3,0,12,0
2013,April,4,13,Dutchess,10,32,17,12,100,7,6,10,3,1,44,2,4,22,14,11,56,5
2013,April,4,14,Erie,196,201,120,166,351,20,64,76,30,33,113,4,132,125,90,133,238,16
2013,April,4,15,Essex,3,2,0,1,11,0,2,1,0,0,5,0,1,1,0,1,6,0
2013,April,4,16,Franklin,7,14,9,20,20,3,3,4,2,1,6,1,4,10,7,19,14,2
2013,April,4,17,Fulton,3,12,6,12,26,1,0,3,3,2,15,0,3,9,3,10,11,1
2013,April,4,18,Genesee,2,10,3,12,17,0,1,3,0,6,7,0,1,7,3,6,10,0
2013,April,4,19,Greene,7,21,9,11,16,6,1,7,1,2,6,3,6,14,8,9,10,3
2013,April,4,20,Hamilton,0,1,1,0,0,0,0,1,1,0,0,0,0,0,0,0,0,0
2013,April,4,21,Herkimer,3,16,9,16,33,3,2,6,2,5,18,1,1,10,7,11,15,2
2013,April,4,22,Jefferson,14,38,14,17,48,8,7,7,3,1,17,2,7,31,11,16,31,6
2013,April,4,23,Lewis,1,4,0,0,1,1,1,0,0,0,1,0,0,4,0,0,0,1
2013,April,4,24,Livingston,7,18,7,2,32,3,2,5,3,1,10,0,5,13,4,1,22,3
2013,April,4,25,Madison,3,7,3,1,16,4,2,4,2,0,9,1,1,3,1,1,7,3
2013,April,4,26,Monroe,34,265,89,75,785,27,16,82,21,9,264,9,18,183,68,66,521,18
2013,April,4,27,Montgomery,5,18,10,5,40,3,3,11,6,2,11,2,2,7,4,3,29,1
2013,April,4,28,Nassau,66,132,122,57,422,27,32,53,29,3,119,9,34,79,93,54,303,18
2013,April,4,66,New York City,536,3875,467,3700,7660,2645,298,1019,131,329,2854,241,238,2856,336,3371,4806,2404
2013,April,4,29,Niagara,34,57,28,19,147,8,18,17,4,3,42,0,16,40,24,16,105,8
2013,April,4,30,Oneida,22,61,40,26,106,12,10,23,15,4,49,3,12,38,25,22,57,9
2013,April,4,31,Onondaga,28,150,61,92,393,14,14,62,26,15,182,5,14,88,35,77,211,9
2013,April,4,32,Ontario,9,20,15,20,23,4,4,3,6,4,10,1,5,17,9,16,13,3
2013,April,4,33,Orange,26,62,102,18,100,13,13,20,21,4,28,6,13,42,81,14,72,7
2013,April,4,34,Orleans,5,14,13,7,26,1,2,4,8,2,7,0,3,10,5,5,19,1
2013,April,4,35,Oswego,13,23,29,21,124,4,5,8,12,2,47,0,8,15,17,19,77,4
2013,April,4,36,Otsego,4,3,3,1,4,1,4,1,2,0,1,0,0,2,1,1,3,1
2013,April,4,37,Putnam,1,4,3,0,3,1,0,1,1,0,1,1,1,3,2,0,2,0
2013,April,4,38,Rensselaer,19,28,24,4,53,2,14,17,11,3,43,2,5,11,13,1,10,0
2013,April,4,39,Rockland,17,37,20,13,101,8,5,17,4,1,32,4,12,20,16,12,69,4
2013,April,4,41,Saratoga,5,8,9,0,12,1,4,2,2,0,6,0,1,6,7,0,6,1
2013,April,4,42,Schenectady,11,34,22,47,45,3,6,12,8,6,9,0,5,22,14,41,36,3
2013,April,4,43,Schoharie,2,6,4,0,3,0,1,2,1,0,2,0,1,4,3,0,1,0
2013,April,4,44,Schuyler,3,10,8,0,6,2,2,1,3,0,1,2,1,9,5,0,5,0
2013,April,4,45,Seneca,2,7,3,1,2,1,1,3,1,0,2,1,1,4,2,1,0,0
2013,April,4,46,Steuben,9,18,22,23,37,1,2,5,4,2,13,0,7,13,18,21,24,1
2013,April,4,40,St. Lawrence,17,23,8,9,64,5,5,8,3,2,31,3,12,15,5,7,33,2
2013,April,4,47,Suffolk,88,224,120,120,904,36,34,61,33,6,187,6,54,163,87,114,717,30
2013,April,4,48,Sullivan,9,15,14,6,31,4,2,5,8,3,18,2,7,10,6,3,13,2
2013,April,4,49,Tioga,3,10,10,1,16,4,1,4,8,1,6,2,2,6,2,0,10,2
2013,April,4,50,Tompkins,15,27,7,17,34,3,6,7,0,2,8,0,9,20,7,15,26,3
2013,April,4,51,Ulster,16,45,40,9,92,6,5,13,10,1,36,3,11,32,30,8,56,3
2013,April,4,52,Warren,1,9,6,5,6,0,0,3,3,1,2,0,1,6,3,4,4,0
2013,April,4,53,Washington,2,6,6,3,21,2,2,3,1,1,14,0,0,3,5,2,7,2
2013,April,4,54,Wayne,5,20,9,8,20,0,2,8,2,1,12,0,3,12,7,7,8,0
2013,April,4,55,Westchester,69,107,110,80,445,9,25,23,23,10,167,2,44,84,87,70,278,7
2013,April,4,56,Wyoming,6,2,4,2,2,1,5,0,2,0,2,0,1,2,2,2,0,1
2013,April,4,57,Yates,4,2,3,1,4,2,2,1,2,0,1,0,2,1,1,1,3,2
2013,March,3,1,Albany,32,85,71,56,170,14,15,32,28,6,61,2,17,53,43,50,109,12
2013,March,3,2,Allegany,6,15,7,7,13,4,3,7,3,1,10,0,3,8,4,6,3,4
2013,March,3,3,Broome,39,86,74,35,322,18,16,35,24,7,114,11,23,51,50,28,208,7
2013,March,3,4,Cattaraugus,17,18,6,3,24,0,10,3,2,0,12,0,7,15,4,3,12,0
2013,March,3,5,Cayuga,8,23,8,4,22,1,4,11,4,0,7,0,4,12,4,4,15,1
2013,March,3,6,Chautauqua,7,46,32,14,71,2,6,14,17,4,28,0,1,32,15,10,43,2
2013,March,3,7,Chemung,9,13,8,8,44,6,6,4,1,1,21,2,3,9,7,7,23,4
2013,March,3,8,Chenango,4,13,6,3,18,4,1,3,5,0,10,2,3,10,1,3,8,2
2013,March,3,9,Clinton,17,13,9,12,35,6,6,6,2,4,16,3,11,7,7,8,19,3
2013,March,3,10,Columbia,5,14,13,12,28,1,2,5,2,2,11,0,3,9,11,10,17,1
2013,March,3,11,Cortland,5,23,8,3,19,3,4,8,0,2,8,3,1,15,8,1,11,0
2013,March,3,12,Delaware,5,6,7,0,21,1,3,1,2,0,5,1,2,5,5,0,16,0
2013,March,3,13,Dutchess,19,35,28,21,109,5,8,11,9,8,50,2,11,24,19,13,59,3
2013,March,3,14,Erie,222,231,130,163,426,32,56,83,50,32,158,5,166,148,80,131,268,27
2013,March,3,15,Essex,2,3,0,2,10,2,1,0,0,1,4,0,1,3,0,1,6,2
2013,March,3,16,Franklin,9,11,7,18,16,2,4,1,5,4,8,0,5,10,2,14,8,2
2013,March,3,17,Fulton,13,9,6,18,34,0,11,2,1,4,17,0,2,7,5,14,17,0
2013,March,3,18,Genesee,3,5,6,11,15,1,3,1,3,2,4,1,0,4,3,9,11,0
2013,March,3,19,Greene,2,24,8,17,19,1,2,7,2,1,2,0,0,17,6,16,17,1
2013,March,3,20,Hamilton,0,0,2,0,0,0,0,0,1,0,0,0,0,0,1,0,0,0
2013,March,3,21,Herkimer,3,7,7,21,31,2,1,3,1,3,14,1,2,4,6,18,17,1
2013,March,3,22,Jefferson,9,25,5,11,59,11,2,2,1,2,18,1,7,23,4,9,41,10
2013,March,3,23,Lewis,0,1,2,0,8,0,0,0,0,0,3,0,0,1,2,0,5,0
2013,March,3,24,Livingston,7,22,13,2,28,4,3,11,3,0,12,0,4,11,10,2,16,4
2013,March,3,25,Madison,0,12,6,6,10,0,0,2,2,3,6,0,0,10,4,3,4,0
2013,March,3,26,Monroe,45,273,67,53,796,37,24,84,18,9,282,9,21,189,49,44,514,28
2013,March,3,27,Montgomery,10,11,12,4,40,1,8,6,6,2,20,0,2,5,6,2,20,1
2013,March,3,28,Nassau,78,162,119,116,568,30,40,66,17,7,149,4,38,96,102,109,419,26
2013,March,3,66,New York City,510,2585,403,1880,5954,2354,282,651,96,193,2178,247,228,1934,307,1687,3776,2107
2013,March,3,29,Niagara,36,64,29,32,197,7,15,22,10,3,74,2,21,42,19,29,123,5
2013,March,3,30,Oneida,14,55,46,22,118,13,9,21,17,4,48,4,5,34,29,18,70,9
2013,March,3,31,Onondaga,57,150,58,106,394,24,31,63,25,12,180,8,26,87,33,94,214,16
2013,March,3,32,Ontario,10,25,16,16,39,1,5,9,10,0,17,0,5,16,6,16,22,1
2013,March,3,33,Orange,40,68,82,22,98,13,13,29,22,3,31,3,27,39,60,19,67,10
2013,March,3,34,Orleans,8,18,18,11,29,2,5,3,5,2,7,0,3,15,13,9,22,2
2013,March,3,35,Oswego,14,27,11,23,120,6,9,10,4,1,36,4,5,17,7,22,84,2
2013,March,3,36,Otsego,3,5,3,1,11,0,2,0,3,0,6,0,1,5,0,1,5,0
2013,March,3,37,Putnam,1,4,4,1,1,0,1,0,2,0,1,0,0,4,2,1,0,0
2013,March,3,38,Rensselaer,11,25,22,6,60,8,10,17,10,4,39,4,1,8,12,2,21,4
2013,March,3,39,Rockland,24,37,19,12,97,5,11,10,10,0,36,2,13,27,9,12,61,3
2013,March,3,41,Saratoga,6,11,9,0,11,1,1,2,5,0,6,0,5,9,4,0,5,1
2013,March,3,42,Schenectady,17,39,36,51,69,7,11,11,7,6,25,3,6,28,29,45,44,4
2013,March,3,43,Schoharie,2,4,3,0,0,1,0,1,1,0,0,1,2,3,2,0,0,0
2013,March,3,44,Schuyler,4,3,2,0,6,1,1,0,1,0,1,1,3,3,1,0,5,0
2013,March,3,45,Seneca,4,5,2,1,11,0,4,2,1,0,6,0,0,3,1,1,5,0
2013,March,3,46,Steuben,10,16,17,10,38,2,7,6,4,5,17,0,3,10,13,5,21,2
2013,March,3,40,St. Lawrence,15,20,15,19,59,4,8,11,5,4,24,3,7,9,10,15,35,1
2013,March,3,47,Suffolk,101,252,136,175,1062,39,52,69,47,15,287,4,49,183,89,160,775,35
2013,March,3,48,Sullivan,8,25,15,11,46,9,6,11,8,3,23,2,2,14,7,8,23,7
2013,March,3,49,Tioga,4,6,6,3,10,2,0,3,2,2,7,1,4,3,4,1,3,1
2013,March,3,50,Tompkins,7,18,6,14,53,2,6,6,3,2,13,0,1,12,3,12,40,2
2013,March,3,51,Ulster,21,48,50,11,78,12,13,23,11,5,31,5,8,25,39,6,47,7
2013,March,3,52,Warren,5,8,4,5,10,0,2,1,1,1,1,0,3,7,3,4,9,0
2013,March,3,53,Washington,4,3,6,5,25,0,2,0,2,1,13,0,2,3,4,4,12,0
2013,March,3,54,Wayne,5,8,4,0,26,0,4,1,0,0,6,0,1,7,4,0,20,0
2013,March,3,55,Westchester,77,112,90,50,416,8,24,26,17,8,172,3,53,86,73,42,244,5
2013,March,3,56,Wyoming,1,5,2,0,6,4,0,4,0,0,5,2,1,1,2,0,1,2
2013,March,3,57,Yates,4,12,2,3,5,0,2,7,0,0,2,0,2,5,2,3,3,0
2013,February,2,1,Albany,13,69,72,44,132,12,7,23,31,4,55,2,6,46,41,40,77,10
2013,February,2,2,Allegany,4,15,4,7,11,1,3,4,2,2,5,1,1,11,2,5,6,0
2013,February,2,3,Broome,36,74,54,21,295,20,22,23,16,3,97,8,14,51,38,18,198,12
2013,February,2,4,Cattaraugus,6,8,10,4,10,0,4,3,3,2,3,0,2,5,7,2,7,0
2013,February,2,5,Cayuga,5,17,5,0,15,2,2,7,1,0,8,0,3,10,4,0,7,2
2013,February,2,6,Chautauqua,9,34,34,5,42,3,8,11,13,4,24,0,1,23,21,1,18,3
2013,February,2,7,Chemung,2,15,8,7,32,1,1,2,7,2,19,0,1,13,1,5,13,1
2013,February,2,8,Chenango,6,9,1,3,11,3,3,1,0,1,6,0,3,8,1,2,5,3
2013,February,2,9,Clinton,9,23,6,18,34,5,4,8,2,5,13,2,5,15,4,13,21,3
2013,February,2,10,Columbia,5,15,8,5,29,0,4,3,3,0,8,0,1,12,5,5,21,0
2013,February,2,11,Cortland,6,29,7,6,13,1,5,11,5,0,6,1,1,18,2,6,7,0
2013,February,2,12,Delaware,4,4,2,8,18,0,3,2,1,1,9,0,1,2,1,7,9,0
2013,February,2,13,Dutchess,6,27,16,10,113,10,4,8,4,2,36,3,2,19,12,8,77,7
2013,February,2,14,Erie,130,172,107,145,321,25,61,82,43,24,111,5,69,90,64,121,210,20
2013,February,2,15,Essex,2,2,1,1,8,0,1,1,0,1,4,0,1,1,1,0,4,0
2013,February,2,16,Franklin,6,3,5,11,21,0,2,0,1,2,7,0,4,3,4,9,14,0
2013,February,2,17,Fulton,8,11,4,27,30,1,3,2,2,8,18,0,5,9,2,19,12,1
2013,February,2,18,Genesee,2,9,6,13,19,2,1,4,3,1,7,1,1,5,3,12,12,1
2013,February,2,19,Greene,6,21,9,1,21,3,4,8,4,0,7,0,2,13,5,1,14,3
2013,February,2,20,Hamilton,0,0,1,0,0,0,0,0,0,0,0,0,0,0,1,0,0,0
2013,February,2,21,Herkimer,5,14,6,9,19,1,3,4,4,2,10,1,2,10,2,7,9,0
2013,February,2,22,Jefferson,21,25,14,5,54,13,9,10,1,0,11,4,12,15,13,5,43,9
2013,February,2,23,Lewis,1,0,2,1,6,0,0,0,1,1,2,0,1,0,1,0,4,0
2013,February,2,24,Livingston,5,12,24,1,18,1,3,3,3,0,8,0,2,9,21,1,10,1
2013,February,2,25,Madison,3,7,3,5,11,1,1,2,1,3,6,1,2,5,2,2,5,0
2013,February,2,26,Monroe,35,183,91,62,667,28,20,63,33,12,252,9,15,120,58,50,415,19
2013,February,2,27,Montgomery,8,10,9,4,23,0,5,3,5,1,8,0,3,7,4,3,15,0
2013,February,2,28,Nassau,59,110,100,99,395,19,33,48,25,10,120,5,26,62,75,89,275,14
2013,February,2,66,New York City,398,2784,335,2813,6208,2313,225,787,78,251,2394,232,173,1997,257,2562,3814,2081
2013,February,2,29,Niagara,38,58,15,30,153,8,16,20,7,6,38,1,22,38,8,24,115,7
2013,February,2,30,Oneida,17,56,60,15,98,4,10,25,19,4,43,1,7,31,41,11,55,3
2013,February,2,31,Onondaga,49,114,47,82,381,19,26,46,22,17,178,6,23,68,25,65,203,13
2013,February,2,32,Ontario,12,21,18,20,27,7,7,6,7,1,9,3,5,15,11,19,18,4
2013,February,2,33,Orange,17,45,76,14,92,6,8,15,9,3,36,3,9,30,67,11,56,3
2013,February,2,34,Orleans,6,14,9,10,8,1,3,4,3,0,4,0,3,10,6,10,4,1
2013,February,2,35,Oswego,22,26,19,17,147,13,9,11,5,2,52,2,13,15,14,15,95,11
2013,February,2,36,Otsego,3,7,2,0,4,2,2,1,2,0,3,1,1,6,0,0,1,1
2013,February,2,37,Putnam,1,2,2,0,4,0,1,1,0,0,0,0,0,1,2,0,4,0
2013,February,2,38,Rensselaer,16,19,25,4,60,3,13,12,17,3,42,3,3,7,8,1,18,0
2013,February,2,39,Rockland,19,29,12,9,73,9,8,11,4,0,23,5,11,18,8,9,50,4
2013,February,2,41,Saratoga,6,6,3,0,10,1,6,1,0,0,5,1,0,5,3,0,5,0
2013,February,2,42,Schenectady,5,21,26,39,58,5,3,9,9,6,30,2,2,12,17,33,28,3
2013,February,2,43,Schoharie,4,2,4,0,5,1,2,0,2,0,4,0,2,2,2,0,1,1
2013,February,2,44,Schuyler,3,7,5,0,10,2,2,2,2,0,5,1,1,5,3,0,5,1
2013,February,2,45,Seneca,0,4,3,1,9,0,0,1,1,0,3,0,0,3,2,1,6,0
2013,February,2,46,Steuben,14,10,22,19,44,1,10,3,9,3,21,1,4,7,13,16,23,0
2013,February,2,40,St. Lawrence,12,20,21,2,67,0,8,8,5,1,32,0,4,12,16,1,35,0
2013,February,2,47,Suffolk,93,186,86,205,869,36,37,47,26,11,229,5,56,139,60,194,640,31
2013,February,2,48,Sullivan,6,15,18,6,33,2,4,5,5,1,14,1,2,10,13,5,19,1
2013,February,2,49,Tioga,3,5,9,2,7,2,2,1,3,0,3,0,1,4,6,2,4,2
2013,February,2,50,Tompkins,7,13,9,9,32,1,4,6,4,0,9,0,3,7,5,9,23,1
2013,February,2,51,Ulster,20,42,43,5,81,8,12,18,12,2,32,4,8,24,31,3,49,4
2013,February,2,52,Warren,4,5,5,7,8,0,3,2,1,0,4,0,1,3,4,7,4,0
2013,February,2,53,Washington,4,1,4,4,10,1,3,0,1,0,7,1,1,1,3,4,3,0
2013,February,2,54,Wayne,8,11,9,4,19,0,5,4,1,1,8,0,3,7,8,3,11,0
2013,February,2,55,Westchester,55,82,110,45,348,20,20,31,21,6,151,5,35,51,89,39,197,15
2013,February,2,56,Wyoming,3,2,1,0,4,1,2,1,1,0,3,0,1,1,0,0,1,1
2013,February,2,57,Yates,1,6,9,5,6,1,1,2,2,2,1,0,0,4,7,3,5,1
2013,January,1,1,Albany,30,46,98,29,116,12,14,16,32,3,39,2,16,30,66,26,77,10
2013,January,1,2,Allegany,2,5,6,2,11,1,1,3,2,0,7,1,1,2,4,2,4,0
2013,January,1,3,Broome,37,87,46,27,275,15,22,28,20,9,110,5,15,59,26,18,165,10
2013,January,1,4,Cattaraugus,12,11,6,4,16,1,5,2,2,0,6,0,7,9,4,4,10,1
2013,January,1,5,Cayuga,8,11,6,3,10,2,4,4,0,1,4,1,4,7,6,2,6,1
2013,January,1,6,Chautauqua,13,41,25,8,78,5,7,10,6,4,35,0,6,31,19,4,43,5
2013,January,1,7,Chemung,5,15,9,2,30,1,3,4,3,1,14,1,2,11,6,1,16,0
2013,January,1,8,Chenango,2,6,4,2,16,2,1,2,1,0,8,0,1,4,3,2,8,2
2013,January,1,9,Clinton,7,21,15,19,25,10,3,5,4,4,11,2,4,16,11,15,14,8
2013,January,1,10,Columbia,6,10,7,6,27,2,2,4,2,1,12,0,4,6,5,5,15,2
2013,January,1,11,Cortland,7,15,4,2,14,0,5,7,2,0,6,0,2,8,2,2,8,0
2013,January,1,12,Delaware,4,2,3,3,17,0,4,2,1,1,8,0,0,0,2,2,9,0
2013,January,1,13,Dutchess,13,30,11,11,96,6,9,9,3,1,37,1,4,21,8,10,59,5
2013,January,1,14,Erie,206,199,114,149,323,27,63,70,40,23,107,11,143,129,74,126,216,16
2013,January,1,15,Essex,0,0,3,0,7,1,0,0,0,0,4,0,0,0,3,0,3,1
2013,January,1,16,Franklin,6,7,6,18,11,2,1,4,2,4,1,0,5,3,4,14,10,2
2013,January,1,17,Fulton,9,10,3,27,21,1,3,5,0,7,7,0,6,5,3,20,14,1
2013,January,1,18,Genesee,7,5,8,9,20,0,2,2,2,0,7,0,5,3,6,9,13,0
2013,January,1,19,Greene,5,18,15,6,18,1,2,8,3,1,5,0,3,10,12,5,13,1
2013,January,1,20,Hamilton,0,1,2,0,0,0,0,1,0,0,0,0,0,0,2,0,0,0
2013,January,1,21,Herkimer,4,8,6,15,19,8,3,4,5,3,7,4,1,4,1,12,12,4
2013,January,1,22,Jefferson,12,28,7,10,56,9,6,6,1,0,22,3,6,22,6,10,34,6
2013,January,1,23,Lewis,0,0,0,0,7,1,0,0,0,0,3,0,0,0,0,0,4,1
2013,January,1,24,Livingston,5,8,8,4,15,4,2,1,2,0,5,0,3,7,6,4,10,4
2013,January,1,25,Madison,9,4,5,3,19,3,6,2,2,1,13,3,3,2,3,2,6,0
2013,January,1,26,Monroe,37,197,93,74,658,26,19,50,28,3,253,7,18,147,65,71,405,19
2013,January,1,27,Montgomery,8,11,11,7,24,2,3,7,4,2,11,2,5,4,7,5,13,0
2013,January,1,28,Nassau,71,147,116,76,425,37,33,54,40,8,130,8,38,93,76,68,295,29
2013,January,1,66,New York City,462,2726,402,2320,6613,2368,257,766,107,235,2576,244,205,1960,295,2085,4037,2124
2013,January,1,29,Niagara,37,44,27,27,179,6,24,17,7,5,45,3,13,27,20,22,134,3
2013,January,1,30,Oneida,14,50,57,18,82,8,9,22,20,0,40,0,5,28,37,18,42,8
2013,January,1,31,Onondaga,45,99,41,108,313,12,25,45,15,14,146,5,20,54,26,94,167,7
2013,January,1,32,Ontario,14,14,17,27,54,5,6,5,4,3,15,3,8,9,13,24,39,2
2013,January,1,33,Orange,21,56,61,27,75,6,11,21,11,3,33,1,10,35,50,24,42,5
2013,January,1,34,Orleans,3,13,11,2,16,2,2,4,5,0,6,0,1,9,6,2,10,2
2013,January,1,35,Oswego,17,16,15,17,113,9,12,6,4,0,38,2,5,10,11,17,75,7
2013,January,1,36,Otsego,2,1,0,0,10,0,1,1,0,0,5,0,1,0,0,0,5,0
2013,January,1,37,Putnam,1,2,0,0,6,2,1,0,0,0,1,0,0,2,0,0,5,2
2013,January,1,38,Rensselaer,9,32,18,3,59,2,6,18,8,1,42,1,3,14,10,2,17,1
2013,January,1,39,Rockland,16,37,16,22,90,4,6,16,5,2,31,1,10,21,11,20,59,3
2013,January,1,41,Saratoga,9,10,1,1,11,0,6,3,0,0,6,0,3,7,1,1,5,0
2013,January,1,42,Schenectady,11,32,33,34,69,8,3,10,9,7,25,2,8,22,24,27,44,6
2013,January,1,43,Schoharie,2,3,3,2,6,2,2,1,1,1,3,1,0,2,2,1,3,1
2013,January,1,44,Schuyler,0,5,1,0,4,3,0,3,1,0,2,2,0,2,0,0,2,1
2013,January,1,45,Seneca,1,2,2,2,2,0,1,1,1,1,0,0,0,1,1,1,2,0
2013,January,1,46,Steuben,11,11,20,18,36,2,5,6,7,3,20,2,6,5,13,15,16,0
2013,January,1,40,St. Lawrence,13,20,14,6,45,4,7,5,3,1,19,2,6,15,11,5,26,2
2013,January,1,47,Suffolk,91,213,115,128,867,32,35,54,33,7,193,6,56,159,82,121,674,26
2013,January,1,48,Sullivan,10,19,32,7,44,3,6,6,9,2,15,1,4,13,23,5,29,2
2013,January,1,49,Tioga,4,7,7,3,7,1,4,1,5,0,4,0,0,6,2,3,3,1
2013,January,1,50,Tompkins,11,10,14,14,54,4,2,6,2,1,16,2,9,4,12,13,38,2
2013,January,1,51,Ulster,18,49,51,10,88,14,9,18,11,2,32,4,9,31,40,8,56,10
2013,January,1,52,Warren,5,10,8,4,6,0,4,5,1,0,1,0,1,5,7,4,5,0
2013,January,1,53,Washington,7,3,6,2,12,0,4,2,2,0,4,0,3,1,4,2,8,0
2013,January,1,54,Wayne,6,8,4,2,21,0,4,0,2,1,4,0,2,8,2,1,17,0
2013,January,1,55,Westchester,41,89,93,61,317,14,22,20,21,5,121,3,19,69,72,56,196,11
2013,January,1,56,Wyoming,2,2,2,0,2,2,0,0,2,0,0,2,2,2,0,0,2,0
2013,January,1,57,Yates,5,5,3,2,5,2,3,3,2,1,0,1,2,2,1,1,5,1
2012,December,12,1,Albany,8,70,84,37,133,8,3,32,34,8,41,0,5,38,50,29,92,8
2012,December,12,2,Allegany,9,14,9,2,13,2,6,7,6,0,10,1,3,7,3,2,3,1
2012,December,12,3,Broome,33,89,42,18,271,26,20,26,10,3,96,14,13,63,32,15,175,12
2012,December,12,4,Cattaraugus,8,16,10,5,16,2,3,3,4,1,6,0,5,13,6,4,10,2
2012,December,12,5,Cayuga,7,15,6,1,5,3,4,6,3,0,1,0,3,9,3,1,4,3
2012,December,12,6,Chautauqua,6,42,50,9,73,5,4,20,27,3,39,0,2,22,23,6,34,5
2012,December,12,7,Chemung,6,17,7,3,25,4,6,5,4,1,10,2,0,12,3,2,15,2
2012,December,12,8,Chenango,2,13,5,0,24,5,1,5,2,0,8,2,1,8,3,0,16,3
2012,December,12,9,Clinton,8,19,20,15,46,10,5,1,6,3,12,3,3,18,14,12,34,7
2012,December,12,10,Columbia,3,9,5,8,30,0,3,3,2,0,11,0,0,6,3,8,19,0
2012,December,12,11,Cortland,11,17,8,1,28,2,8,5,3,0,10,1,3,12,5,1,18,1
2012,December,12,12,Delaware,2,11,4,3,8,3,2,3,3,1,4,1,0,8,1,2,4,2
2012,December,12,13,Dutchess,18,30,19,10,79,3,10,8,6,2,33,0,8,22,13,8,46,3
2012,December,12,14,Erie,164,174,112,134,364,13,52,67,34,29,138,1,112,107,78,105,226,12
2012,December,12,15,Essex,1,2,1,0,3,1,0,1,1,0,1,1,1,1,0,0,2,0
2012,December,12,16,Franklin,1,4,4,15,22,1,1,1,1,3,9,1,0,3,3,12,13,0
2012,December,12,17,Fulton,11,19,4,22,21,0,4,7,3,3,14,0,7,12,1,19,7,0
2012,December,12,18,Genesee,6,8,4,7,15,1,3,3,3,0,5,1,3,5,1,7,10,0
2012,December,12,19,Greene,11,27,9,10,17,1,8,9,4,4,3,0,3,18,5,6,14,1
2012,December,12,20,Hamilton,0,2,0,0,1,0,0,2,0,0,1,0,0,0,0,0,0,0
2012,December,12,21,Herkimer,5,6,3,12,33,4,2,3,2,3,14,1,3,3,1,9,19,3
2012,December,12,22,Jefferson,12,22,10,15,42,9,4,6,3,3,17,2,8,16,7,12,25,7
2012,December,12,23,Lewis,1,2,2,0,5,0,1,2,1,0,4,0,0,0,1,0,1,0
2012,December,12,24,Livingston,3,14,14,5,25,3,2,4,3,0,10,0,1,10,11,5,15,3
2012,December,12,25,Madison,6,7,5,1,14,2,2,1,1,1,8,0,4,6,4,0,6,2
2012,December,12,26,Monroe,30,258,77,92,714,16,15,89,26,8,248,6,15,169,51,84,466,10
2012,December,12,27,Montgomery,6,13,8,3,19,1,3,6,4,1,11,1,3,7,4,2,8,0
2012,December,12,28,Nassau,49,131,98,77,446,19,22,41,22,5,140,5,27,90,76,72,306,14
2012,December,12,66,New York City,417,3748,483,2602,9968,2897,220,1133,114,260,3863,282,197,2615,369,2342,6105,2615
2012,December,12,29,Niagara,25,64,17,33,159,8,14,14,5,3,53,0,11,50,12,30,106,8
2012,December,12,30,Oneida,13,78,52,17,117,11,10,43,16,1,52,2,3,35,36,16,65,9
2012,December,12,31,Onondaga,28,114,46,93,335,17,13,54,23,15,163,5,15,60,23,78,172,12
2012,December,12,32,Ontario,5,18,15,21,36,8,4,8,3,3,16,2,1,10,12,18,20,6
2012,December,12,33,Orange,22,55,72,23,85,10,14,23,17,3,28,1,8,32,55,20,57,9
2012,December,12,34,Orleans,3,15,15,3,18,2,2,7,5,0,6,1,1,8,10,3,12,1
2012,December,12,35,Oswego,10,25,6,22,109,7,7,9,3,3,45,2,3,16,3,19,64,5
2012,December,12,36,Otsego,3,2,1,0,6,0,2,0,1,0,2,0,1,2,0,0,4,0
2012,December,12,37,Putnam,1,4,1,2,3,1,0,2,1,0,0,0,1,2,0,2,3,1
2012,December,12,38,Rensselaer,13,37,21,5,85,2,7,21,13,4,69,1,6,16,8,1,16,1
2012,December,12,39,Rockland,13,47,7,10,107,8,8,20,1,1,40,1,5,27,6,9,67,7
2012,December,12,41,Saratoga,5,4,2,4,19,0,3,1,1,1,10,0,2,3,1,3,9,0
2012,December,12,42,Schenectady,7,40,18,16,72,4,5,8,2,3,34,2,2,32,16,13,38,2
2012,December,12,43,Schoharie,0,2,2,0,7,0,0,0,2,0,1,0,0,2,0,0,6,0
2012,December,12,44,Schuyler,0,1,2,2,9,0,0,1,1,1,5,0,0,0,1,1,4,0
2012,December,12,45,Seneca,1,3,1,0,2,0,1,2,0,0,1,0,0,1,1,0,1,0
2012,December,12,46,Steuben,17,30,18,28,40,1,9,9,6,6,15,0,8,21,12,22,25,1
2012,December,12,40,St. Lawrence,13,23,20,7,50,2,8,3,6,2,31,2,5,20,14,5,19,0
2012,December,12,47,Suffolk,75,188,121,208,953,24,27,60,45,8,270,6,48,128,76,200,683,18
2012,December,12,48,Sullivan,5,16,14,5,33,2,5,6,3,1,13,1,0,10,11,4,20,1
2012,December,12,49,Tioga,6,12,7,1,10,1,3,6,4,0,5,0,3,6,3,1,5,1
2012,December,12,50,Tompkins,6,14,7,11,41,1,4,6,3,0,16,0,2,8,4,11,25,1
2012,December,12,51,Ulster,15,51,39,3,116,8,7,19,13,1,42,3,8,32,26,2,74,5
2012,December,12,52,Warren,2,4,8,3,12,1,2,1,1,2,5,0,0,3,7,1,7,1
2012,December,12,53,Washington,5,7,6,0,15,0,2,3,2,0,10,0,3,4,4,0,5,0
2012,December,12,54,Wayne,2,18,7,2,27,1,2,4,3,1,10,0,0,14,4,1,17,1
2012,December,12,55,Westchester,45,93,96,75,397,18,23,20,18,11,185,1,22,73,78,64,212,17
2012,December,12,56,Wyoming,2,2,3,2,5,0,2,2,0,1,5,0,0,0,3,1,0,0
2012,December,12,57,Yates,0,6,8,1,5,0,0,2,4,0,3,0,0,4,4,1,2,0
2012,November,11,1,Albany,14,78,68,22,123,10,7,40,30,2,44,2,7,38,38,20,79,8
2012,November,11,2,Allegany,4,10,7,3,5,0,2,3,3,0,2,0,2,7,4,3,3,0
2012,November,11,3,Broome,21,96,56,37,258,20,11,41,23,5,87,9,10,55,33,32,171,11
2012,November,11,4,Cattaraugus,8,7,8,5,12,2,2,4,2,4,3,1,6,3,6,1,9,1
2012,November,11,5,Cayuga,4,18,5,3,11,0,3,10,0,1,2,0,1,8,5,2,9,0
2012,November,11,6,Chautauqua,5,47,25,17,80,9,2,15,12,7,40,8,3,32,13,10,40,1
2012,November,11,7,Chemung,4,15,6,6,35,2,1,5,2,3,11,0,3,10,4,3,24,2
2012,November,11,8,Chenango,5,10,1,1,23,1,2,5,1,1,9,0,3,5,0,0,14,1
2012,November,11,9,Clinton,13,21,13,17,32,2,5,7,3,8,12,1,8,14,10,9,20,1
2012,November,11,10,Columbia,4,12,4,8,19,1,0,4,2,1,10,0,4,8,2,7,9,1
2012,November,11,11,Cortland,3,13,5,4,14,1,1,7,2,1,5,1,2,6,3,3,9,0
2012,November,11,12,Delaware,3,4,2,4,16,3,1,0,0,0,7,2,2,4,2,4,9,1
2012,November,11,13,Dutchess,11,49,20,4,79,3,7,15,3,1,37,1,4,34,17,3,42,2
2012,November,11,14,Erie,138,211,88,144,381,32,41,85,35,36,120,6,97,126,53,108,261,26
2012,November,11,15,Essex,1,2,2,0,7,1,0,2,1,0,5,0,1,0,1,0,2,1
2012,November,11,16,Franklin,5,8,4,14,8,0,2,2,2,1,3,0,3,6,2,13,5,0
2012,November,11,17,Fulton,4,11,0,14,26,2,4,6,0,3,18,1,0,5,0,11,8,1
2012,November,11,18,Genesee,5,14,3,9,23,2,2,5,1,1,7,1,3,9,2,8,16,1
2012,November,11,19,Greene,9,12,8,8,15,0,6,2,5,2,4,0,3,10,3,6,11,0
2012,November,11,20,Hamilton,0,0,1,0,0,0,0,0,1,0,0,0,0,0,0,0,0,0
2012,November,11,21,Herkimer,4,10,3,11,26,1,1,3,1,5,12,0,3,7,2,6,14,1
2012,November,11,22,Jefferson,14,24,11,8,49,5,5,9,2,0,24,0,9,15,9,8,25,5
2012,November,11,23,Lewis,0,2,3,0,3,0,0,0,3,0,3,0,0,2,0,0,0,0
2012,November,11,24,Livingston,6,14,13,6,17,1,2,3,2,1,4,0,4,11,11,5,13,1
2012,November,11,25,Madison,1,6,5,1,7,1,1,3,2,0,5,1,0,3,3,1,2,0
2012,November,11,26,Monroe,26,246,84,72,710,29,15,84,26,5,254,3,11,162,58,67,456,26
2012,November,11,27,Montgomery,5,17,7,5,19,2,3,10,2,2,10,0,2,7,5,3,9,2
2012,November,11,28,Nassau,56,127,119,87,509,19,28,52,25,6,174,4,28,75,94,81,335,15
2012,November,11,66,New York City,338,2481,350,1317,3625,2829,201,763,134,185,1334,250,137,1718,216,1132,2291,2579
2012,November,11,29,Niagara,20,58,18,21,203,15,10,24,6,8,72,7,10,34,12,13,131,8
2012,November,11,30,Oneida,13,97,63,14,108,10,8,43,31,4,57,1,5,54,32,10,51,9
2012,November,11,31,Onondaga,46,119,59,116,423,19,30,57,21,15,219,5,16,62,38,101,204,14
2012,November,11,32,Ontario,10,26,19,12,46,4,5,9,7,2,20,2,5,17,12,10,26,2
2012,November,11,33,Orange,23,72,65,21,109,9,9,24,7,3,38,2,14,48,58,18,71,7
2012,November,11,34,Orleans,1,12,7,1,12,0,0,6,2,0,5,0,1,6,5,1,7,0
2012,November,11,35,Oswego,17,27,16,26,105,5,7,8,4,6,45,2,10,19,12,20,60,3
2012,November,11,36,Otsego,1,4,1,0,8,1,1,0,0,0,6,1,0,4,1,0,2,0
2012,November,11,37,Putnam,1,0,3,1,2,0,0,0,1,0,0,0,1,0,2,1,2,0
2012,November,11,38,Rensselaer,10,26,21,5,69,2,8,15,15,2,52,0,2,11,6,3,17,2
2012,November,11,39,Rockland,9,30,14,9,51,8,4,13,3,0,18,3,5,17,11,9,33,5
2012,November,11,41,Saratoga,8,4,4,0,15,0,7,0,2,0,3,0,1,4,2,0,12,0
2012,November,11,42,Schenectady,10,37,21,15,74,5,6,15,7,3,31,1,4,22,14,12,43,4
2012,November,11,43,Schoharie,1,2,4,0,5,0,1,1,1,0,3,0,0,1,3,0,2,0
2012,November,11,44,Schuyler,1,3,5,0,10,1,1,1,4,0,6,0,0,2,1,0,4,1
2012,November,11,45,Seneca,0,4,5,0,3,2,0,2,1,0,1,0,0,2,4,0,2,2
2012,November,11,46,Steuben,12,19,16,20,32,2,5,4,6,9,16,1,7,15,10,11,16,1
2012,November,11,40,St. Lawrence,16,23,8,11,59,4,8,10,5,2,23,1,8,13,3,9,36,3
2012,November,11,47,Suffolk,60,185,90,138,901,32,25,66,18,12,270,9,35,119,72,126,631,23
2012,November,11,48,Sullivan,1,11,22,6,34,3,1,6,10,0,14,1,0,5,12,6,20,2
2012,November,11,49,Tioga,3,6,5,4,12,2,1,3,2,1,7,1,2,3,3,3,5,1
2012,November,11,50,Tompkins,3,25,8,11,28,4,0,8,3,3,8,0,3,17,5,8,20,4
2012,November,11,51,Ulster,23,31,45,17,102,4,9,4,10,2,41,2,14,27,35,15,61,2
2012,November,11,52,Warren,2,10,10,5,12,0,0,2,0,1,3,0,2,8,10,4,9,0
2012,November,11,53,Washington,1,5,8,5,8,0,1,3,2,3,2,0,0,2,6,2,6,0
2012,November,11,54,Wayne,2,10,2,1,20,4,1,2,1,0,10,0,1,8,1,1,10,4
2012,November,11,55,Westchester,40,82,69,56,387,9,19,30,14,4,171,2,21,52,55,52,216,7
2012,November,11,56,Wyoming,3,2,5,2,2,1,2,1,1,1,2,0,1,1,4,1,0,1
2012,November,11,57,Yates,5,8,3,1,4,0,5,2,0,0,1,0,0,6,3,1,3,0
2012,October,10,1,Albany,25,76,66,37,152,10,10,37,28,7,57,3,15,39,38,30,95,7
2012,October,10,2,Allegany,6,17,9,1,17,0,5,10,5,0,11,0,1,7,4,1,6,0
2012,October,10,3,Broome,27,106,50,36,224,24,15,45,22,7,75,7,12,61,28,29,149,17
2012,October,10,4,Cattaraugus,13,11,9,2,20,2,8,3,6,1,8,0,5,8,3,1,12,2
2012,October,10,5,Cayuga,13,11,5,1,11,2,10,0,3,0,7,2,3,11,2,1,4,0
2012,October,10,6,Chautauqua,10,45,40,19,66,2,7,15,18,6,43,1,3,30,22,13,23,1
2012,October,10,7,Chemung,4,18,2,3,27,1,2,6,2,0,17,1,2,12,0,3,10,0
2012,October,10,8,Chenango,4,7,4,2,15,2,2,2,4,0,7,0,2,5,0,2,8,2
2012,October,10,9,Clinton,8,12,13,22,33,8,6,7,7,3,15,2,2,5,6,19,18,6
2012,October,10,10,Columbia,7,12,11,10,23,2,5,2,5,3,10,0,2,10,6,7,13,2
2012,October,10,11,Cortland,8,15,7,2,15,2,6,8,2,0,3,1,2,7,5,2,12,1
2012,October,10,12,Delaware,2,6,2,2,13,2,0,0,1,1,5,1,2,6,1,1,8,1
2012,October,10,13,Dutchess,15,51,21,12,83,3,3,13,4,3,36,2,12,38,17,9,47,1
2012,October,10,14,Erie,203,225,134,149,434,27,60,99,57,34,129,5,143,126,77,115,305,22
2012,October,10,15,Essex,1,3,2,0,4,0,1,2,1,0,2,0,0,1,1,0,2,0
2012,October,10,16,Franklin,8,13,14,15,15,1,3,5,4,4,7,0,5,8,10,11,8,1
2012,October,10,17,Fulton,10,20,3,13,18,3,7,8,1,6,11,1,3,12,2,7,7,2
2012,October,10,18,Genesee,6,8,6,7,13,0,2,2,4,2,6,0,4,6,2,5,7,0
2012,October,10,19,Greene,17,28,19,10,23,5,9,7,7,2,8,0,8,21,12,8,15,5
2012,October,10,20,Hamilton,2,0,0,0,0,1,1,0,0,0,0,1,1,0,0,0,0,0
2012,October,10,21,Herkimer,5,14,5,13,17,2,3,5,3,4,7,1,2,9,2,9,10,1
2012,October,10,22,Jefferson,11,23,19,6,64,4,7,3,3,1,28,1,4,20,16,5,36,3
2012,October,10,23,Lewis,1,1,1,0,2,0,1,0,1,0,1,0,0,1,0,0,1,0
2012,October,10,24,Livingston,6,19,13,9,18,3,4,9,8,0,9,0,2,10,5,9,9,3
2012,October,10,25,Madison,3,11,5,2,13,1,2,5,1,1,6,1,1,6,4,1,7,0
2012,October,10,26,Monroe,40,276,105,74,776,31,17,89,38,7,269,13,23,187,67,67,507,18
2012,October,10,27,Montgomery,12,13,10,0,33,0,8,7,8,0,11,0,4,6,2,0,22,0
2012,October,10,28,Nassau,65,135,122,79,530,20,34,60,20,12,144,8,31,75,102,67,386,12
2012,October,10,66,New York City,455,3707,618,2827,8143,2523,267,1100,226,312,3268,326,188,2607,392,2515,4875,2197
2012,October,10,29,Niagara,28,56,24,28,138,13,14,21,10,4,42,1,14,35,14,24,96,12
2012,October,10,30,Oneida,17,73,80,27,113,12,10,38,32,10,52,4,7,35,48,17,61,8
2012,October,10,31,Onondaga,37,139,54,113,436,16,26,49,20,27,197,3,11,90,34,86,239,13
2012,October,10,32,Ontario,9,35,18,16,37,3,6,12,10,8,17,1,3,23,8,8,20,2
2012,October,10,33,Orange,22,60,70,26,108,6,9,23,21,4,41,1,13,37,49,22,67,5
2012,October,10,34,Orleans,4,32,16,4,26,1,1,12,4,1,11,1,3,20,12,3,15,0
2012,October,10,35,Oswego,17,30,17,14,99,4,8,17,3,4,37,2,9,13,14,10,62,2
2012,October,10,36,Otsego,3,3,2,4,2,0,2,3,1,0,1,0,1,0,1,4,1,0
2012,October,10,37,Putnam,2,6,2,0,3,0,2,1,1,0,2,0,0,5,1,0,1,0
2012,October,10,38,Rensselaer,10,40,28,4,68,2,4,23,20,2,46,0,6,17,8,2,22,2
2012,October,10,39,Rockland,7,39,19,20,66,10,2,11,8,2,22,6,5,28,11,18,44,4
2012,October,10,41,Saratoga,9,6,3,0,21,0,3,2,1,0,9,0,6,4,2,0,12,0
2012,October,10,42,Schenectady,13,29,27,17,56,7,5,6,8,8,26,2,8,23,19,9,30,5
2012,October,10,43,Schoharie,2,3,1,0,4,0,2,1,1,0,3,0,0,2,0,0,1,0
2012,October,10,44,Schuyler,2,2,6,0,7,2,2,1,5,0,2,0,0,1,1,0,5,2
2012,October,10,45,Seneca,4,8,7,0,3,2,3,2,2,0,2,0,1,6,5,0,1,2
2012,October,10,46,Steuben,13,33,19,26,48,1,5,11,7,8,19,1,8,22,12,18,29,0
2012,October,10,40,St. Lawrence,14,32,10,10,64,2,8,8,3,4,26,0,6,24,7,6,38,2
2012,October,10,47,Suffolk,67,248,86,166,835,23,33,65,25,17,217,5,34,183,61,149,618,18
2012,October,10,48,Sullivan,3,19,20,7,41,3,2,10,8,2,23,2,1,9,12,5,18,1
2012,October,10,49,Tioga,5,14,9,1,17,2,3,8,3,0,7,1,2,6,6,1,10,1
2012,October,10,50,Tompkins,10,27,10,9,47,3,5,8,3,2,16,1,5,19,7,7,31,2
2012,October,10,51,Ulster,12,60,45,21,95,7,7,23,15,2,38,4,5,37,30,19,57,3
2012,October,10,52,Warren,3,10,8,6,10,0,0,3,2,3,1,0,3,7,6,3,9,0
2012,October,10,53,Washington,7,9,3,9,16,0,4,3,1,5,8,0,3,6,2,4,8,0
2012,October,10,54,Wayne,1,17,8,4,13,0,1,5,4,0,8,0,0,12,4,4,5,0
2012,October,10,55,Westchester,54,121,104,80,444,21,26,35,18,10,168,7,28,86,86,70,276,14
2012,October,10,56,Wyoming,4,7,5,1,4,0,3,3,1,0,2,0,1,4,4,1,2,0
2012,October,10,57,Yates,4,6,6,5,7,0,2,4,3,0,2,0,2,2,3,5,5,0
2012,September,9,1,Albany,38,59,74,26,161,9,13,28,36,5,47,2,25,31,38,21,114,7
2012,September,9,2,Allegany,6,12,5,5,15,2,3,5,0,0,9,1,3,7,5,5,6,1
2012,September,9,3,Broome,33,121,66,28,239,20,18,44,24,3,81,7,15,77,42,25,158,13
2012,September,9,4,Cattaraugus,14,13,10,5,16,0,6,3,4,1,5,0,8,10,6,4,11,0
2012,September,9,5,Cayuga,6,14,10,0,13,0,3,5,4,0,8,0,3,9,6,0,5,0
2012,September,9,6,Chautauqua,6,48,31,11,74,4,5,25,13,3,30,3,1,23,18,8,44,1
2012,September,9,7,Chemung,5,9,11,0,38,4,3,4,6,0,19,2,2,5,5,0,19,2
2012,September,9,8,Chenango,0,7,5,5,18,2,0,5,4,0,10,1,0,2,1,5,8,1
2012,September,9,9,Clinton,18,33,14,24,29,7,7,11,5,1,10,3,11,22,9,23,19,4
2012,September,9,10,Columbia,2,9,8,15,19,2,0,2,5,3,7,2,2,7,3,12,12,0
2012,September,9,11,Cortland,13,18,3,7,16,2,6,7,2,1,8,0,7,11,1,6,8,2
2012,September,9,12,Delaware,2,5,4,0,15,0,1,2,1,0,10,0,1,3,3,0,5,0
2012,September,9,13,Dutchess,11,32,24,16,76,4,5,9,5,4,30,2,6,23,19,12,46,2
2012,September,9,14,Erie,163,225,140,130,463,16,61,94,55,25,174,4,102,131,85,105,289,12
2012,September,9,15,Essex,2,2,8,0,7,0,2,2,5,0,5,0,0,0,3,0,2,0
2012,September,9,16,Franklin,5,15,10,13,19,4,4,7,5,2,7,1,1,8,5,11,12,3
2012,September,9,17,Fulton,10,13,2,14,22,3,4,4,2,2,14,2,6,9,0,12,8,1
2012,September,9,18,Genesee,3,14,13,4,15,2,2,11,3,1,6,2,1,3,10,3,9,0
2012,September,9,19,Greene,7,14,10,8,20,2,5,5,4,3,4,1,2,9,6,5,16,1
2012,September,9,20,Hamilton,0,1,0,0,1,0,0,1,0,0,1,0,0,0,0,0,0,0
2012,September,9,21,Herkimer,8,4,7,9,29,5,5,0,2,2,15,3,3,4,5,7,14,2
2012,September,9,22,Jefferson,19,20,9,12,48,7,5,4,5,3,13,1,14,16,4,9,35,6
2012,September,9,23,Lewis,0,2,1,1,4,0,0,1,1,1,2,0,0,1,0,0,2,0
2012,September,9,24,Livingston,7,26,15,5,17,5,5,14,4,0,3,1,2,12,11,5,14,4
2012,September,9,25,Madison,2,9,7,0,13,3,1,3,5,0,8,3,1,6,2,0,5,0
2012,September,9,26,Monroe,42,250,81,84,697,20,20,71,20,10,240,4,22,179,61,74,457,16
2012,September,9,27,Montgomery,6,16,7,3,24,0,2,5,5,3,11,0,4,11,2,0,13,0
2012,September,9,28,Nassau,53,129,96,80,385,27,24,57,27,9,93,5,29,72,69,71,292,22
2012,September,9,66,New York City,382,3271,301,2745,5029,2158,212,896,82,366,1861,248,170,2375,219,2379,3168,1910
2012,September,9,29,Niagara,30,62,28,18,144,13,23,22,9,2,48,5,7,40,19,16,96,8
2012,September,9,30,Oneida,24,58,45,22,98,9,17,22,17,4,52,5,7,36,28,18,46,4
2012,September,9,31,Onondaga,41,136,40,92,344,11,26,51,14,17,158,3,15,85,26,75,186,8
2012,September,9,32,Ontario,11,21,19,15,46,3,4,7,8,3,18,1,7,14,11,12,28,2
2012,September,9,33,Orange,22,49,73,33,100,6,10,19,19,7,40,2,12,30,54,26,60,4
2012,September,9,34,Orleans,4,25,19,13,15,6,3,8,8,6,4,4,1,17,11,7,11,2
2012,September,9,35,Oswego,17,17,15,19,85,7,10,3,7,7,42,2,7,14,8,12,43,5
2012,September,9,36,Otsego,2,8,3,0,8,1,0,2,1,0,3,1,2,6,2,0,5,0
2012,September,9,37,Putnam,3,2,4,1,0,0,3,0,0,0,0,0,0,2,4,1,0,0
2012,September,9,38,Rensselaer,11,36,32,3,81,2,8,21,24,2,62,2,3,15,8,1,19,0
2012,September,9,39,Rockland,7,36,11,26,73,6,2,13,4,2,28,3,5,23,7,24,45,3
2012,September,9,41,Saratoga,4,2,2,0,11,0,1,0,1,0,4,0,3,2,1,0,7,0
2012,September,9,42,Schenectady,7,43,26,17,66,4,4,13,11,2,30,2,3,30,15,15,36,2
2012,September,9,43,Schoharie,0,4,3,0,2,1,0,2,1,0,1,1,0,2,2,0,1,0
2012,September,9,44,Schuyler,2,3,4,0,7,2,0,1,2,0,5,2,2,2,2,0,2,0
2012,September,9,45,Seneca,0,10,2,0,1,2,0,6,0,0,0,2,0,4,2,0,1,0
2012,September,9,46,Steuben,14,21,18,21,41,2,9,5,5,4,17,0,5,16,13,17,24,2
2012,September,9,40,St. Lawrence,20,38,9,10,58,3,12,14,6,1,27,0,8,24,3,9,31,3
2012,September,9,47,Suffolk,99,214,127,170,890,25,46,58,46,12,249,8,53,156,81,158,641,17
2012,September,9,48,Sullivan,6,12,17,11,31,0,4,4,9,2,13,0,2,8,8,9,18,0
2012,September,9,49,Tioga,5,4,6,3,7,1,3,2,4,2,4,1,2,2,2,1,3,0
2012,September,9,50,Tompkins,12,24,23,2,41,2,3,9,7,0,16,0,9,15,16,2,25,2
2012,September,9,51,Ulster,17,40,33,7,68,6,13,14,10,1,25,3,4,26,23,6,43,3
2012,September,9,52,Warren,2,5,4,5,4,0,2,1,3,1,3,0,0,4,1,4,1,0
2012,September,9,53,Washington,8,6,8,14,10,0,4,2,4,7,6,0,4,4,4,7,4,0
2012,September,9,54,Wayne,4,10,8,2,10,0,2,1,4,0,4,0,2,9,4,2,6,0
2012,September,9,55,Westchester,55,88,78,65,282,14,21,24,14,13,99,3,34,64,64,52,183,11
2012,September,9,56,Wyoming,6,6,0,1,4,2,5,1,0,1,3,0,1,5,0,0,1,2
2012,September,9,57,Yates,8,7,4,1,9,0,4,2,2,0,4,0,4,5,2,1,5,0
2012,August,8,1,Albany,27,91,107,45,169,6,8,34,44,9,40,3,19,57,63,36,129,3
2012,August,8,2,Allegany,8,5,6,9,18,4,4,1,4,2,13,0,4,4,2,7,5,4
2012,August,8,3,Broome,39,121,78,41,233,22,26,41,30,8,65,9,13,80,48,33,168,13
2012,August,8,4,Cattaraugus,6,13,10,6,27,1,4,4,5,2,7,0,2,9,5,4,20,1
2012,August,8,5,Cayuga,8,9,8,3,19,9,6,4,5,0,12,3,2,5,3,3,7,6
2012,August,8,6,Chautauqua,12,54,26,14,76,7,6,23,8,3,42,2,6,31,18,11,34,5
2012,August,8,7,Chemung,8,24,17,6,26,5,5,4,9,4,12,3,3,20,8,2,14,2
2012,August,8,8,Chenango,12,11,8,2,6,8,8,3,5,2,3,4,4,8,3,0,3,4
2012,August,8,9,Clinton,24,19,11,20,39,13,12,5,2,3,16,6,12,14,9,17,23,7
2012,August,8,10,Columbia,6,16,11,7,29,1,2,5,2,1,9,0,4,11,9,6,20,1
2012,August,8,11,Cortland,9,13,9,3,25,4,8,4,4,1,9,2,1,9,5,2,16,2
2012,August,8,12,Delaware,2,16,2,1,19,1,1,8,1,1,7,0,1,8,1,0,12,1
2012,August,8,13,Dutchess,15,34,23,11,91,7,5,7,8,4,33,5,10,27,15,7,58,2
2012,August,8,14,Erie,228,232,131,161,403,20,52,89,39,29,156,3,176,143,92,132,247,17
2012,August,8,15,Essex,4,1,4,1,1,0,4,0,0,1,1,0,0,1,4,0,0,0
2012,August,8,16,Franklin,14,16,10,24,8,1,8,6,2,4,3,0,6,10,8,20,5,1
2012,August,8,17,Fulton,9,13,3,20,28,1,7,3,1,5,13,0,2,10,2,15,15,1
2012,August,8,18,Genesee,4,8,7,9,18,4,1,2,3,0,5,1,3,6,4,9,13,3
2012,August,8,19,Greene,8,23,16,5,11,2,4,8,7,1,3,1,4,15,9,4,8,1
2012,August,8,20,Hamilton,0,0,0,0,2,0,0,0,0,0,2,0,0,0,0,0,0,0
2012,August,8,21,Herkimer,6,14,9,9,33,2,4,9,3,3,17,0,2,5,6,6,16,2
2012,August,8,22,Jefferson,19,24,9,16,59,10,11,9,3,1,22,2,8,15,6,15,37,8
2012,August,8,23,Lewis,1,3,1,0,2,1,1,1,0,0,0,0,0,2,1,0,2,1
2012,August,8,24,Livingston,6,32,16,9,24,11,3,11,4,1,4,2,3,21,12,8,20,9
2012,August,8,25,Madison,6,10,10,3,14,1,1,6,5,3,9,0,5,4,5,0,5,1
2012,August,8,26,Monroe,31,332,113,76,718,27,18,110,43,8,240,9,13,222,70,68,478,18
2012,August,8,27,Montgomery,5,13,16,0,36,2,5,10,10,0,15,1,0,3,6,0,21,1
2012,August,8,28,Nassau,72,172,132,106,506,33,40,84,26,9,125,12,32,88,106,97,381,21
2012,August,8,66,New York City,518,3442,421,3074,6586,2492,322,976,154,426,2637,395,196,2466,267,2648,3949,2097
2012,August,8,29,Niagara,22,69,29,22,175,8,11,20,9,4,60,3,11,49,20,18,115,5
2012,August,8,30,Oneida,22,52,60,27,103,8,14,23,23,6,49,2,8,29,37,21,54,6
2012,August,8,31,Onondaga,48,160,63,111,445,20,23,68,21,16,235,5,25,92,42,95,210,15
2012,August,8,32,Ontario,8,33,16,15,50,2,6,14,7,3,20,0,2,19,9,12,30,2
2012,August,8,33,Orange,22,71,77,29,121,10,11,28,22,3,32,5,11,43,55,26,89,5
2012,August,8,34,Orleans,2,17,10,8,16,3,1,8,2,3,8,0,1,9,8,5,8,3
2012,August,8,35,Oswego,25,17,13,12,102,6,11,7,5,5,37,1,14,10,8,7,65,5
2012,August,8,36,Otsego,1,7,6,0,8,1,1,2,2,0,4,1,0,5,4,0,4,0
2012,August,8,37,Putnam,1,4,0,0,0,0,1,1,0,0,0,0,0,3,0,0,0,0
2012,August,8,38,Rensselaer,14,39,33,12,63,2,9,22,19,7,46,2,5,17,14,5,17,0
2012,August,8,39,Rockland,14,34,16,24,96,9,6,16,2,5,30,2,8,18,14,19,66,7
2012,August,8,41,Saratoga,6,5,5,0,14,0,5,1,3,0,5,0,1,4,2,0,9,0
2012,August,8,42,Schenectady,10,34,24,16,57,6,7,9,9,6,23,0,3,25,15,10,34,6
2012,August,8,43,Schoharie,1,5,1,1,8,3,1,4,1,0,5,3,0,1,0,1,3,0
2012,August,8,44,Schuyler,4,4,5,1,2,1,2,3,2,0,1,0,2,1,3,1,1,1
2012,August,8,45,Seneca,2,8,6,0,4,0,0,4,1,0,2,0,2,4,5,0,2,0
2012,August,8,46,Steuben,15,21,26,17,39,3,7,9,16,4,19,1,8,12,10,13,20,2
2012,August,8,40,St. Lawrence,15,24,12,8,79,2,3,12,5,1,38,1,12,12,7,7,41,1
2012,August,8,47,Suffolk,109,266,132,240,919,41,57,65,36,25,251,8,52,201,96,215,668,33
2012,August,8,48,Sullivan,5,30,22,30,51,2,1,17,8,4,23,1,4,13,14,26,28,1
2012,August,8,49,Tioga,7,6,13,8,11,1,4,1,10,3,3,0,3,5,3,5,8,1
2012,August,8,50,Tompkins,8,22,13,12,34,2,4,6,4,1,9,2,4,16,9,11,25,0
2012,August,8,51,Ulster,19,47,40,11,98,15,9,21,15,1,48,2,10,26,25,10,50,13
2012,August,8,52,Warren,2,8,5,6,10,1,1,4,4,0,0,0,1,4,1,6,10,1
2012,August,8,53,Washington,9,4,12,2,9,1,4,1,5,0,5,0,5,3,7,2,4,1
2012,August,8,54,Wayne,2,11,12,3,19,1,0,4,4,1,5,0,2,7,8,2,14,1
2012,August,8,55,Westchester,75,128,145,79,421,17,23,35,23,21,162,0,52,93,122,58,259,17
2012,August,8,56,Wyoming,4,5,3,0,6,2,3,1,2,0,2,1,1,4,1,0,4,1
2012,August,8,57,Yates,2,8,2,3,11,2,2,4,1,1,4,0,0,4,1,2,7,2
2012,July,7,1,Albany,27,63,71,39,147,7,10,26,29,3,47,2,17,37,42,36,100,5
2012,July,7,2,Allegany,5,16,6,8,18,0,3,8,2,1,10,0,2,8,4,7,8,0
2012,July,7,3,Broome,25,102,48,34,252,15,9,31,19,11,77,4,16,71,29,23,175,11
2012,July,7,4,Cattaraugus,9,12,5,3,21,2,5,6,3,1,6,1,4,6,2,2,15,1
2012,July,7,5,Cayuga,13,12,7,2,22,3,10,6,2,0,9,2,3,6,5,2,13,1
2012,July,7,6,Chautauqua,11,66,30,21,116,5,6,27,7,3,50,3,5,39,23,18,66,2
2012,July,7,7,Chemung,9,20,9,5,34,3,5,4,2,2,15,1,4,16,7,3,19,2
2012,July,7,8,Chenango,5,8,7,3,15,3,4,4,5,2,9,2,1,4,2,1,6,1
2012,July,7,9,Clinton,16,19,20,21,36,10,8,8,4,5,20,4,8,11,16,16,16,6
2012,July,7,10,Columbia,6,15,10,12,31,0,4,7,5,2,15,0,2,8,5,10,16,0
2012,July,7,11,Cortland,9,12,8,0,14,1,4,4,2,0,8,1,5,8,6,0,6,0
2012,July,7,12,Delaware,5,14,6,1,13,0,2,5,4,1,7,0,3,9,2,0,6,0
2012,July,7,13,Dutchess,14,47,31,17,90,4,6,10,3,3,34,3,8,37,28,14,56,1
2012,July,7,14,Erie,167,240,132,137,438,25,63,104,49,34,187,5,104,136,83,103,251,20
2012,July,7,15,Essex,1,2,1,4,8,0,0,0,0,2,4,0,1,2,1,2,4,0
2012,July,7,16,Franklin,7,5,6,18,5,3,2,0,2,3,3,1,5,5,4,15,2,2
2012,July,7,17,Fulton,11,15,3,16,21,3,6,6,2,3,15,0,5,9,1,13,6,3
2012,July,7,18,Genesee,4,13,8,6,24,1,3,1,4,3,9,0,1,12,4,3,15,1
2012,July,7,19,Greene,9,25,15,6,17,1,7,11,7,3,2,1,2,14,8,3,15,0
2012,July,7,20,Hamilton,0,0,0,0,0,0,0,0,0,0,0,0,0,0,0,0,0,0
2012,July,7,21,Herkimer,7,10,3,9,28,3,4,2,3,2,13,1,3,8,0,7,15,2
2012,July,7,22,Jefferson,13,25,7,12,60,4,8,6,0,0,19,1,5,19,7,12,41,3
2012,July,7,23,Lewis,0,2,0,2,4,0,0,1,0,2,3,0,0,1,0,0,1,0
2012,July,7,24,Livingston,10,19,11,10,25,2,4,6,3,1,6,0,6,13,8,9,19,2
2012,July,7,25,Madison,5,2,6,5,18,3,4,1,3,0,11,2,1,1,3,5,7,1
2012,July,7,26,Monroe,21,279,105,43,784,21,10,92,34,4,275,4,11,187,71,39,509,17
2012,July,7,27,Montgomery,7,18,10,6,22,2,5,8,6,2,7,2,2,10,4,4,15,0
2012,July,7,28,Nassau,77,162,149,109,483,34,26,67,33,16,136,8,51,95,116,93,347,26
2012,July,7,66,New York City,467,3760,457,3531,7587,2189,268,1101,134,309,2907,297,199,2659,323,3222,4680,1892
2012,July,7,29,Niagara,16,60,19,18,148,12,7,21,8,3,50,4,9,39,11,15,98,8
2012,July,7,30,Oneida,16,56,61,20,97,11,8,28,24,7,42,2,8,28,37,13,55,9
2012,July,7,31,Onondaga,39,134,56,93,390,14,12,59,12,13,195,6,27,75,44,80,195,8
2012,July,7,32,Ontario,7,27,18,9,36,1,3,12,5,2,18,0,4,15,13,7,18,1
2012,July,7,33,Orange,25,87,81,26,104,6,13,37,21,4,45,2,12,50,60,22,59,4
2012,July,7,34,Orleans,4,15,16,11,22,3,2,5,7,2,8,1,2,10,9,9,14,2
2012,July,7,35,Oswego,19,26,18,17,94,7,10,11,5,6,40,3,9,15,13,11,54,4
2012,July,7,36,Otsego,0,5,4,3,8,0,0,2,2,0,1,0,0,3,2,3,7,0
2012,July,7,37,Putnam,0,1,1,0,3,0,0,0,0,0,0,0,0,1,1,0,3,0
2012,July,7,38,Rensselaer,9,35,30,10,69,3,6,19,20,7,47,2,3,16,10,3,22,1
2012,July,7,39,Rockland,14,38,15,22,73,5,7,18,8,4,23,3,7,20,7,18,50,2
2012,July,7,41,Saratoga,9,5,7,0,15,0,6,2,2,0,5,0,3,3,5,0,10,0
2012,July,7,42,Schenectady,7,41,19,16,71,5,3,18,3,3,28,2,4,23,16,13,43,3
2012,July,7,43,Schoharie,2,5,4,0,10,0,1,2,2,0,6,0,1,3,2,0,4,0
2012,July,7,44,Schuyler,2,3,2,2,6,2,1,0,0,0,4,0,1,3,2,2,2,2
2012,July,7,45,Seneca,1,4,4,2,4,2,0,0,2,0,3,0,1,4,2,2,1,2
2012,July,7,46,Steuben,12,16,12,17,40,6,4,5,2,5,21,2,8,11,10,12,19,4
2012,July,7,40,St. Lawrence,19,25,23,11,78,3,13,8,6,0,32,2,6,17,17,11,46,1
2012,July,7,47,Suffolk,70,223,112,155,827,24,24,70,26,12,236,4,46,153,86,143,591,20
2012,July,7,48,Sullivan,10,22,19,5,45,4,6,6,6,2,22,1,4,16,13,3,23,3
2012,July,7,49,Tioga,6,6,15,6,16,1,5,1,4,4,6,1,1,5,11,2,10,0
2012,July,7,50,Tompkins,6,25,9,13,40,2,1,10,3,1,14,0,5,15,6,12,26,2
2012,July,7,51,Ulster,14,45,31,14,79,2,8,12,13,1,32,0,6,33,18,13,47,2
2012,July,7,52,Warren,4,1,6,6,15,3,2,0,2,0,7,0,2,1,4,6,8,3
2012,July,7,53,Washington,6,9,12,8,10,0,3,2,1,3,5,0,3,7,11,5,5,0
2012,July,7,54,Wayne,7,10,9,1,25,2,6,5,3,0,10,0,1,5,6,1,15,2
2012,July,7,55,Westchester,91,108,111,89,430,31,30,25,23,13,165,7,61,83,88,76,265,24
2012,July,7,56,Wyoming,2,5,3,1,5,0,1,2,1,1,2,0,1,3,2,0,3,0
2012,July,7,57,Yates,3,4,6,0,6,0,1,2,4,0,2,0,2,2,2,0,4,0
2012,June,6,1,Albany,23,84,73,25,137,7,7,43,33,4,55,1,16,41,40,21,82,6
2012,June,6,2,Allegany,5,12,8,3,14,1,3,4,3,0,9,0,2,8,5,3,5,1
2012,June,6,3,Broome,31,117,73,40,271,16,19,40,20,8,82,8,12,77,53,32,189,8
2012,June,6,4,Cattaraugus,13,11,11,3,21,1,9,1,1,1,6,1,4,10,10,2,15,0
2012,June,6,5,Cayuga,10,29,10,7,14,1,4,9,1,0,6,1,6,20,9,7,8,0
2012,June,6,6,Chautauqua,13,69,37,17,99,4,9,25,16,4,49,1,4,44,21,13,50,3
2012,June,6,7,Chemung,6,13,14,4,26,3,3,4,6,3,7,2,3,9,8,1,19,1
2012,June,6,8,Chenango,3,15,9,3,15,2,2,5,7,0,9,1,1,10,2,3,6,1
2012,June,6,9,Clinton,12,21,18,25,33,9,6,7,7,5,16,2,6,14,11,20,17,7
2012,June,6,10,Columbia,5,24,11,17,30,2,0,9,5,2,11,1,5,15,6,15,19,1
2012,June,6,11,Cortland,6,26,6,4,28,2,4,9,3,2,11,2,2,17,3,2,17,0
2012,June,6,12,Delaware,1,7,2,4,14,1,0,3,0,0,5,0,1,4,2,4,9,1
2012,June,6,13,Dutchess,12,30,17,16,83,8,8,10,3,8,34,2,4,20,14,8,49,6
2012,June,6,14,Erie,180,244,123,164,387,27,56,100,49,35,136,3,124,144,74,129,251,24
2012,June,6,15,Essex,3,6,5,1,5,1,1,3,3,1,2,0,2,3,2,0,3,1
2012,June,6,16,Franklin,7,6,11,10,16,0,4,2,4,2,6,0,3,4,7,8,10,0
2012,June,6,17,Fulton,7,9,3,10,15,2,3,3,0,7,6,1,4,6,3,3,9,1
2012,June,6,18,Genesee,8,12,5,3,25,4,1,4,2,2,11,2,7,8,3,1,14,2
2012,June,6,19,Greene,5,28,6,16,15,4,3,6,1,3,2,0,2,22,5,13,13,4
2012,June,6,20,Hamilton,0,1,0,0,1,0,0,1,0,0,1,0,0,0,0,0,0,0
2012,June,6,21,Herkimer,7,15,6,7,20,0,3,8,2,2,10,0,4,7,4,5,10,0
2012,June,6,22,Jefferson,19,31,13,15,66,6,12,2,1,0,24,2,7,29,12,15,42,4
2012,June,6,23,Lewis,2,4,0,0,0,0,2,2,0,0,0,0,0,2,0,0,0,0
2012,June,6,24,Livingston,9,18,13,5,13,3,3,8,2,1,7,0,6,10,11,4,6,3
2012,June,6,25,Madison,5,7,10,3,19,1,2,4,6,2,13,1,3,3,4,1,6,0
2012,June,6,26,Monroe,35,294,113,61,844,33,18,90,45,10,295,11,17,204,68,51,549,22
2012,June,6,27,Montgomery,10,20,20,9,41,1,4,9,7,1,14,0,6,11,13,8,27,1
2012,June,6,28,Nassau,79,175,150,76,509,17,36,73,25,8,162,3,43,102,125,68,347,14
2012,June,6,66,New York City,426,3005,433,2547,5298,2451,254,917,141,280,1890,328,172,2088,292,2267,3408,2123
2012,June,6,29,Niagara,30,52,26,31,182,9,8,15,6,6,61,0,22,37,20,25,121,9
2012,June,6,30,Oneida,17,73,50,28,114,6,12,33,22,4,45,1,5,40,28,24,69,5
2012,June,6,31,Onondaga,52,143,57,112,373,23,23,58,19,18,170,12,29,85,38,94,203,11
2012,June,6,32,Ontario,10,34,20,20,35,4,4,13,7,4,11,1,6,21,13,16,24,3
2012,June,6,33,Orange,22,70,69,27,107,2,10,24,13,4,38,0,12,46,56,23,69,2
2012,June,6,34,Orleans,2,16,19,6,14,3,1,8,5,1,2,1,1,8,14,5,12,2
2012,June,6,35,Oswego,14,30,17,18,102,8,9,16,6,3,38,3,5,14,11,15,64,5
2012,June,6,36,Otsego,3,4,3,0,9,0,3,1,1,0,3,0,0,3,2,0,6,0
2012,June,6,37,Putnam,1,8,5,2,2,0,1,1,0,0,0,0,0,7,5,2,2,0
2012,June,6,38,Rensselaer,9,32,30,6,77,2,7,18,21,4,58,1,2,14,9,2,19,1
2012,June,6,39,Rockland,11,40,13,22,99,12,5,16,3,2,45,3,6,24,10,20,54,9
2012,June,6,41,Saratoga,4,13,4,1,10,1,2,2,3,0,3,0,2,11,1,1,7,1
2012,June,6,42,Schenectady,8,42,21,27,64,12,3,9,6,4,22,6,5,33,15,23,42,6
2012,June,6,43,Schoharie,1,6,0,1,9,2,1,4,0,1,4,0,0,2,0,0,5,2
2012,June,6,44,Schuyler,1,8,3,2,8,2,0,2,1,0,3,0,1,6,2,2,5,2
2012,June,6,45,Seneca,4,5,3,2,1,0,3,1,1,0,1,0,1,4,2,2,0,0
2012,June,6,46,Steuben,13,38,17,22,51,1,6,8,8,6,15,1,7,30,9,16,36,0
2012,June,6,40,St. Lawrence,9,32,20,11,60,1,1,11,7,3,28,0,8,21,13,8,32,1
2012,June,6,47,Suffolk,93,304,129,199,857,25,47,86,45,10,207,2,46,218,84,189,650,23
2012,June,6,48,Sullivan,11,14,25,9,40,4,4,6,7,3,23,1,7,8,18,6,17,3
2012,June,6,49,Tioga,5,7,8,6,13,5,2,3,2,2,5,1,3,4,6,4,8,4
2012,June,6,50,Tompkins,5,20,12,12,43,6,5,11,4,4,17,1,0,9,8,8,26,5
2012,June,6,51,Ulster,19,55,40,11,90,3,11,20,13,1,33,1,8,35,27,10,57,2
2012,June,6,52,Warren,3,9,11,4,7,0,1,4,4,0,2,0,2,5,7,4,5,0
2012,June,6,53,Washington,8,9,8,10,19,3,5,4,4,3,3,2,3,5,4,7,16,1
2012,June,6,54,Wayne,2,12,9,0,19,1,1,3,3,0,5,0,1,9,6,0,14,1
2012,June,6,55,Westchester,59,138,84,96,469,28,26,34,23,19,183,9,33,104,61,77,286,19
2012,June,6,56,Wyoming,4,12,2,4,5,2,4,5,2,1,4,0,0,7,0,3,1,2
2012,June,6,57,Yates,1,5,3,1,12,0,1,2,2,0,4,0,0,3,1,1,8,0
2012,May,5,1,Albany,30,111,77,28,152,10,21,56,25,2,56,3,9,55,52,26,96,7
2012,May,5,2,Allegany,6,22,11,3,12,0,4,3,4,1,7,0,2,19,7,2,5,0
2012,May,5,3,Broome,22,114,58,26,226,15,16,38,15,7,79,4,6,76,43,19,147,11
2012,May,5,4,Cattaraugus,10,19,10,7,17,1,5,2,4,1,1,1,5,17,6,6,16,0
2012,May,5,5,Cayuga,6,20,9,1,17,0,4,8,5,0,7,0,2,12,4,1,10,0
2012,May,5,6,Chautauqua,23,67,35,12,76,8,15,37,12,6,25,3,8,30,23,6,51,5
2012,May,5,7,Chemung,2,17,11,3,30,3,0,3,4,0,12,1,2,14,7,3,18,2
2012,May,5,8,Chenango,4,7,2,3,24,2,3,2,1,1,9,2,1,5,1,2,15,0
2012,May,5,9,Clinton,5,18,17,10,30,9,1,8,6,3,8,4,4,10,11,7,22,5
2012,May,5,10,Columbia,6,17,9,8,25,1,4,6,4,1,13,1,2,11,5,7,12,0
2012,May,5,11,Cortland,3,33,6,3,22,4,2,11,3,0,4,3,1,22,3,3,18,1
2012,May,5,12,Delaware,3,10,4,3,12,0,3,3,4,2,5,0,0,7,0,1,7,0
2012,May,5,13,Dutchess,10,35,24,21,92,8,5,8,2,4,37,2,5,27,22,17,55,6
2012,May,5,14,Erie,186,245,119,153,472,13,63,103,46,26,187,1,123,142,73,127,285,12
2012,May,5,15,Essex,4,10,3,2,8,0,4,3,3,1,4,0,0,7,0,1,4,0
2012,May,5,16,Franklin,3,7,4,6,9,0,2,3,2,2,4,0,1,4,2,4,5,0
2012,May,5,17,Fulton,5,11,0,23,26,0,3,4,0,5,13,0,2,7,0,18,13,0
2012,May,5,18,Genesee,3,11,7,5,24,3,0,3,1,1,11,1,3,8,6,4,13,2
2012,May,5,19,Greene,12,30,9,11,16,4,8,10,5,2,5,0,4,20,4,9,11,4
2012,May,5,20,Hamilton,1,2,0,1,1,0,0,1,0,0,1,0,1,1,0,1,0,0
2012,May,5,21,Herkimer,4,11,12,11,20,3,3,1,8,5,12,2,1,10,4,6,8,1
2012,May,5,22,Jefferson,19,22,9,9,45,5,11,7,3,1,15,0,8,15,6,8,30,5
2012,May,5,23,Lewis,1,2,0,0,2,0,0,2,0,0,0,0,1,0,0,0,2,0
2012,May,5,24,Livingston,7,21,12,10,14,5,2,8,5,0,7,2,5,13,7,10,7,3
2012,May,5,25,Madison,4,7,1,2,12,2,1,4,0,0,5,0,3,3,1,2,7,2
2012,May,5,26,Monroe,26,260,98,55,800,23,10,78,29,4,290,7,16,182,69,51,510,16
2012,May,5,27,Montgomery,11,17,14,7,56,0,7,7,6,2,23,0,4,10,8,5,33,0
2012,May,5,28,Nassau,79,180,139,100,416,33,41,66,27,15,115,11,38,114,112,85,301,22
2012,May,5,66,New York City,427,3809,486,2886,6527,2700,264,1141,147,284,2461,377,163,2668,339,2602,4066,2323
2012,May,5,29,Niagara,20,54,22,22,166,8,12,18,7,2,49,2,8,36,15,20,117,6
2012,May,5,30,Oneida,23,73,41,20,81,9,13,27,12,4,34,0,10,46,29,16,47,9
2012,May,5,31,Onondaga,40,159,62,119,338,13,21,73,32,15,152,5,19,86,30,104,186,8
2012,May,5,32,Ontario,9,29,33,18,49,3,2,6,10,1,18,1,7,23,23,17,31,2
2012,May,5,33,Orange,20,65,84,38,108,10,14,22,16,6,54,2,6,43,68,32,54,8
2012,May,5,34,Orleans,3,14,11,8,14,4,2,3,4,4,4,1,1,11,7,4,10,3
2012,May,5,35,Oswego,20,25,21,24,113,3,10,7,7,4,28,0,10,18,14,20,85,3
2012,May,5,36,Otsego,5,3,4,0,2,1,5,2,3,0,0,1,0,1,1,0,2,0
2012,May,5,37,Putnam,3,7,2,1,0,0,3,2,0,0,0,0,0,5,2,1,0,0
2012,May,5,38,Rensselaer,17,30,27,4,77,1,10,12,17,0,55,1,7,18,10,4,22,0
2012,May,5,39,Rockland,19,35,12,23,83,16,9,12,2,1,26,8,10,23,10,22,57,8
2012,May,5,41,Saratoga,5,8,4,1,8,0,2,2,2,1,5,0,3,6,2,0,3,0
2012,May,5,42,Schenectady,5,46,27,20,73,8,4,21,8,6,33,3,1,25,19,14,40,5
2012,May,5,43,Schoharie,0,7,3,1,7,2,0,4,0,0,2,0,0,3,3,1,5,2
2012,May,5,44,Schuyler,1,6,3,0,8,0,0,3,1,0,6,0,1,3,2,0,2,0
2012,May,5,45,Seneca,3,4,6,1,2,0,2,1,2,0,2,0,1,3,4,1,0,0
2012,May,5,46,Steuben,14,33,19,24,43,2,3,9,9,8,14,0,11,24,10,16,29,2
2012,May,5,40,St. Lawrence,17,41,21,9,46,3,6,15,6,4,19,0,11,26,15,5,27,3
2012,May,5,47,Suffolk,88,275,142,191,920,29,47,78,32,14,235,3,41,197,110,177,685,26
2012,May,5,48,Sullivan,5,17,29,11,35,2,5,8,12,3,9,1,0,9,17,8,26,1
2012,May,5,49,Tioga,4,9,7,9,11,1,2,3,4,1,5,1,2,6,3,8,6,0
2012,May,5,50,Tompkins,11,33,14,16,40,5,2,7,2,3,12,2,9,26,12,13,28,3
2012,May,5,51,Ulster,19,45,51,12,100,8,7,15,17,5,37,0,12,30,34,7,63,8
2012,May,5,52,Warren,4,10,4,2,9,2,2,2,2,1,1,0,2,8,2,1,8,2
2012,May,5,53,Washington,8,7,14,13,10,1,3,2,4,2,4,0,5,5,10,11,6,1
2012,May,5,54,Wayne,4,19,8,1,15,1,3,7,4,1,6,0,1,12,4,0,9,1
2012,May,5,55,Westchester,85,125,97,67,381,18,22,44,14,9,137,5,63,81,83,58,244,13
2012,May,5,56,Wyoming,5,5,5,0,2,0,3,0,4,0,1,0,2,5,1,0,1,0
2012,May,5,57,Yates,3,7,1,5,9,1,3,3,1,3,3,1,0,4,0,2,6,0
2012,April,4,1,Albany,25,88,78,52,169,6,9,36,28,10,57,1,16,52,50,42,112,5
2012,April,4,2,Allegany,8,16,4,5,12,1,5,6,1,0,5,1,3,10,3,5,7,0
2012,April,4,3,Broome,19,114,71,32,250,19,10,31,24,7,78,11,9,83,47,25,172,8
2012,April,4,4,Cattaraugus,4,12,7,7,19,0,2,2,2,2,1,0,2,10,5,5,18,0
2012,April,4,5,Cayuga,14,18,9,5,21,1,7,6,5,2,5,0,7,12,4,3,16,1
2012,April,4,6,Chautauqua,8,46,37,15,82,5,4,18,16,2,33,2,4,28,21,13,49,3
2012,April,4,7,Chemung,8,14,12,4,32,3,4,4,7,2,17,1,4,10,5,2,15,2
2012,April,4,8,Chenango,8,15,11,4,14,2,4,4,5,3,6,2,4,11,6,1,8,0
2012,April,4,9,Clinton,11,17,15,19,30,9,5,5,1,3,15,4,6,12,14,16,15,5
2012,April,4,10,Columbia,6,16,16,2,35,2,5,7,7,1,9,1,1,9,9,1,26,1
2012,April,4,11,Cortland,5,28,11,1,26,3,4,6,2,0,13,1,1,22,9,1,13,2
2012,April,4,12,Delaware,2,11,8,5,14,0,1,4,1,1,7,0,1,7,7,4,7,0
2012,April,4,13,Dutchess,14,27,21,23,65,6,4,11,4,5,27,1,10,16,17,18,38,5
2012,April,4,14,Erie,201,209,110,109,401,10,55,86,42,29,155,1,146,123,68,80,246,9
2012,April,4,15,Essex,1,5,2,0,3,0,1,1,1,0,3,0,0,4,1,0,0,0
2012,April,4,16,Franklin,11,7,5,16,15,2,5,2,2,3,5,1,6,5,3,13,10,1
2012,April,4,17,Fulton,7,11,7,8,23,1,3,5,2,2,15,0,4,6,5,6,8,1
2012,April,4,18,Genesee,5,16,5,8,31,1,4,4,1,2,13,1,1,12,4,6,18,0
2012,April,4,19,Greene,7,18,22,9,22,2,5,6,9,1,7,0,2,12,13,8,15,2
2012,April,4,20,Hamilton,1,2,2,0,1,0,0,1,1,0,1,0,1,1,1,0,0,0
2012,April,4,21,Herkimer,3,11,12,9,19,4,2,5,2,2,8,0,1,6,10,7,11,4
2012,April,4,22,Jefferson,17,35,9,10,61,13,11,9,1,2,21,4,6,26,8,8,40,9
2012,April,4,23,Lewis,2,2,0,1,2,2,2,1,0,0,2,2,0,1,0,1,0,0
2012,April,4,24,Livingston,7,17,9,4,21,6,3,5,3,0,6,0,4,12,6,4,15,6
2012,April,4,25,Madison,4,7,4,1,7,2,4,4,3,0,2,0,0,3,1,1,5,2
2012,April,4,26,Monroe,26,292,130,53,759,30,13,87,30,7,258,11,13,205,100,46,501,19
2012,April,4,27,Montgomery,6,23,11,7,34,0,3,6,3,1,14,0,3,17,8,6,20,0
2012,April,4,28,Nassau,79,143,117,65,424,25,28,57,26,10,109,8,51,86,91,55,315,17
2012,April,4,66,New York City,452,3572,578,3258,7777,2432,276,1002,164,334,2982,309,176,2570,414,2924,4795,2123
2012,April,4,29,Niagara,22,60,26,34,201,11,13,18,7,9,72,2,9,42,19,25,129,9
2012,April,4,30,Oneida,21,72,43,34,84,10,16,28,11,7,35,4,5,44,32,27,49,6
2012,April,4,31,Onondaga,42,152,50,102,384,15,20,53,17,17,183,4,22,99,33,85,201,11
2012,April,4,32,Ontario,9,26,19,21,33,3,3,9,6,3,11,2,6,17,13,18,22,1
2012,April,4,33,Orange,26,46,59,21,107,7,11,17,12,3,36,1,15,29,47,18,71,6
2012,April,4,34,Orleans,3,19,11,7,14,3,2,6,3,2,4,2,1,13,8,5,10,1
2012,April,4,35,Oswego,34,31,17,11,110,9,21,10,6,2,39,3,13,21,11,9,71,6
2012,April,4,36,Otsego,2,4,1,3,6,0,2,1,0,0,2,0,0,3,1,3,4,0
2012,April,4,37,Putnam,0,5,0,0,1,0,0,0,0,0,0,0,0,5,0,0,1,0
2012,April,4,38,Rensselaer,17,33,35,4,69,1,10,14,18,1,51,0,7,19,17,3,18,1
2012,April,4,39,Rockland,13,38,21,35,73,6,7,15,4,0,28,2,6,23,17,35,45,4
2012,April,4,41,Saratoga,13,2,5,2,13,0,5,0,0,0,6,0,8,2,5,2,7,0
2012,April,4,42,Schenectady,6,37,33,22,77,9,5,12,11,2,28,5,1,25,22,20,49,4
2012,April,4,43,Schoharie,1,4,4,0,2,1,0,1,1,0,2,0,1,3,3,0,0,1
2012,April,4,44,Schuyler,2,4,4,0,6,0,1,2,0,0,3,0,1,2,4,0,3,0
2012,April,4,45,Seneca,0,3,2,2,2,1,0,1,0,1,0,0,0,2,2,1,2,1
2012,April,4,46,Steuben,14,20,12,12,52,2,8,5,2,3,19,2,6,15,10,9,33,0
2012,April,4,40,St. Lawrence,11,34,13,8,54,3,7,15,4,3,24,1,4,19,9,5,30,2
2012,April,4,47,Suffolk,96,260,148,168,913,45,48,77,37,11,231,7,48,183,111,157,682,38
2012,April,4,48,Sullivan,7,16,22,6,39,6,5,6,6,2,19,2,2,10,16,4,20,4
2012,April,4,49,Tioga,6,7,12,2,15,2,0,3,7,1,5,1,6,4,5,1,10,1
2012,April,4,50,Tompkins,14,13,15,11,40,1,6,3,6,1,14,0,8,10,9,10,26,1
2012,April,4,51,Ulster,18,38,51,8,78,7,7,20,14,2,34,3,11,18,37,6,44,4
2012,April,4,52,Warren,3,10,7,3,10,0,1,2,3,1,0,0,2,8,4,2,10,0
2012,April,4,53,Washington,4,8,10,11,21,0,2,1,3,4,8,0,2,7,7,7,13,0
2012,April,4,54,Wayne,7,14,11,1,19,1,6,4,4,1,5,0,1,10,7,0,14,1
2012,April,4,55,Westchester,80,142,98,63,409,20,31,45,22,14,182,8,49,97,76,49,227,12
2012,April,4,56,Wyoming,6,5,0,3,2,0,3,5,0,2,1,0,3,0,0,1,1,0
2012,April,4,57,Yates,2,7,6,4,7,1,2,1,3,3,2,0,0,6,3,1,5,1
2012,March,3,1,Albany,23,86,82,31,182,12,15,40,36,5,95,1,8,46,46,26,87,11
2012,March,3,2,Allegany,4,12,10,6,17,1,3,3,3,0,10,1,1,9,7,6,7,0
2012,March,3,3,Broome,24,81,63,43,286,21,11,21,23,10,114,7,13,60,40,33,172,14
2012,March,3,4,Cattaraugus,14,15,10,4,19,3,9,6,4,0,9,3,5,9,6,4,10,0
2012,March,3,5,Cayuga,11,4,12,2,13,4,6,3,4,1,12,2,5,1,8,1,1,2
2012,March,3,6,Chautauqua,11,64,36,24,99,7,5,25,15,3,40,3,6,39,21,21,59,4
2012,March,3,7,Chemung,11,10,13,1,63,9,8,4,4,0,40,1,3,6,9,1,23,8
2012,March,3,8,Chenango,3,18,2,4,11,3,0,6,2,1,6,1,3,12,0,3,5,2
2012,March,3,9,Clinton,16,14,28,16,28,8,10,6,10,2,14,2,6,8,18,14,14,6
2012,March,3,10,Columbia,9,18,11,11,32,2,5,3,3,1,13,1,4,15,8,10,19,1
2012,March,3,11,Cortland,11,30,9,3,23,0,6,13,2,0,7,0,5,17,7,3,16,0
2012,March,3,12,Delaware,5,8,6,4,17,2,3,2,2,1,8,0,2,6,4,3,9,2
2012,March,3,13,Dutchess,13,34,21,14,98,5,5,5,5,7,38,3,8,29,16,7,60,2
2012,March,3,14,Erie,226,264,128,146,458,30,66,99,51,34,154,4,160,165,77,112,304,26
2012,March,3,15,Essex,0,1,2,0,10,1,0,1,1,0,7,0,0,0,1,0,3,1
2012,March,3,16,Franklin,5,7,9,10,15,0,2,0,2,2,6,0,3,7,7,8,9,0
2012,March,3,17,Fulton,6,21,9,7,33,0,4,9,4,2,20,0,2,12,5,5,13,0
2012,March,3,18,Genesee,7,14,4,6,27,2,3,4,2,0,6,1,4,10,2,6,21,1
2012,March,3,19,Greene,10,31,9,14,21,1,5,5,4,6,6,0,5,26,5,8,15,1
2012,March,3,20,Hamilton,0,0,0,0,0,0,0,0,0,0,0,0,0,0,0,0,0,0
2012,March,3,21,Herkimer,11,16,13,8,19,1,5,7,4,5,4,0,6,9,9,3,15,1
2012,March,3,22,Jefferson,17,16,10,10,69,6,6,0,3,0,16,0,11,16,7,10,53,6
2012,March,3,23,Lewis,4,4,0,0,2,0,4,2,0,0,2,0,0,2,0,0,0,0
2012,March,3,24,Livingston,7,20,16,7,16,7,3,5,2,1,5,0,4,15,14,6,11,7
2012,March,3,25,Madison,4,11,5,3,6,3,2,4,3,1,3,1,2,7,2,2,3,2
2012,March,3,26,Monroe,42,230,125,44,543,34,25,67,43,2,207,9,17,163,82,42,336,25
2012,March,3,27,Montgomery,6,26,14,8,26,5,5,11,6,2,12,3,1,15,8,6,14,2
2012,March,3,28,Nassau,86,148,146,124,468,28,39,53,35,11,112,8,47,95,111,113,356,20
2012,March,3,66,New York City,485,2624,493,2705,5423,2403,295,781,152,293,2056,298,190,1843,341,2412,3367,2105
2012,March,3,29,Niagara,26,61,30,22,198,12,12,20,7,2,55,4,14,41,23,20,143,8
2012,March,3,30,Oneida,17,71,51,24,122,4,14,31,20,4,50,0,3,40,31,20,72,4
2012,March,3,31,Onondaga,50,166,70,148,407,20,26,62,22,22,178,7,24,104,48,126,229,13
2012,March,3,32,Ontario,8,28,12,16,42,4,4,8,2,1,14,0,4,20,10,15,28,4
2012,March,3,33,Orange,29,65,85,23,119,2,16,23,25,4,49,1,13,42,60,19,70,1
2012,March,3,34,Orleans,3,20,10,7,15,2,2,7,3,3,2,0,1,13,7,4,13,2
2012,March,3,35,Oswego,24,12,13,14,122,4,8,6,4,1,51,0,16,6,9,13,71,4
2012,March,3,36,Otsego,0,6,2,1,7,1,0,0,0,0,3,1,0,6,2,1,4,0
2012,March,3,37,Putnam,0,4,1,0,2,1,0,2,1,0,1,0,0,2,0,0,1,1
2012,March,3,38,Rensselaer,9,29,27,5,68,4,5,16,19,2,46,1,4,13,8,3,22,3
2012,March,3,39,Rockland,2,48,13,25,82,15,1,15,6,2,39,4,1,33,7,23,43,11
2012,March,3,41,Saratoga,5,11,8,0,12,0,3,1,3,0,2,0,2,10,5,0,10,0
2012,March,3,42,Schenectady,7,47,31,17,66,4,4,19,9,3,17,1,3,28,22,14,49,3
2012,March,3,43,Schoharie,1,9,3,4,6,0,1,2,2,0,3,0,0,7,1,4,3,0
2012,March,3,44,Schuyler,3,5,4,0,10,1,3,2,1,0,4,1,0,3,3,0,6,0
2012,March,3,45,Seneca,1,6,1,0,0,0,1,2,0,0,0,0,0,4,1,0,0,0
2012,March,3,46,Steuben,14,21,17,17,50,2,9,4,10,2,16,1,5,17,7,15,34,1
2012,March,3,40,St. Lawrence,11,33,17,5,71,3,6,18,10,0,26,2,5,15,7,5,45,1
2012,March,3,47,Suffolk,105,199,116,172,877,40,54,60,29,11,250,6,51,139,87,161,627,34
2012,March,3,48,Sullivan,12,19,29,8,32,6,8,7,10,1,14,2,4,12,19,7,18,4
2012,March,3,49,Tioga,5,8,12,0,11,1,5,3,5,0,5,0,0,5,7,0,6,1
2012,March,3,50,Tompkins,15,33,10,21,47,3,6,13,0,3,15,1,9,20,10,18,32,2
2012,March,3,51,Ulster,7,61,48,7,116,7,4,18,14,1,46,5,3,43,34,6,70,2
2012,March,3,52,Warren,7,7,6,3,16,2,2,1,2,0,7,0,5,6,4,3,9,2
2012,March,3,53,Washington,6,5,14,14,21,0,3,1,4,1,10,0,3,4,10,13,11,0
2012,March,3,54,Wayne,3,10,6,2,19,1,2,3,1,1,8,0,1,7,5,1,11,1
2012,March,3,55,Westchester,117,143,143,71,476,18,43,35,29,14,195,4,74,108,114,57,281,14
2012,March,3,56,Wyoming,6,2,3,3,1,1,4,0,1,0,0,0,2,2,2,3,1,1
2012,March,3,57,Yates,4,11,2,4,7,2,2,4,1,1,3,1,2,7,1,3,4,1
2012,February,2,1,Albany,23,86,98,47,150,11,11,40,35,7,71,2,12,46,63,40,79,9
2012,February,2,2,Allegany,6,14,4,4,9,0,5,5,1,2,3,0,1,9,3,2,6,0
2012,February,2,3,Broome,21,87,71,38,278,17,13,26,29,9,93,4,8,61,42,29,185,13
2012,February,2,4,Cattaraugus,14,18,4,5,20,3,5,8,2,1,3,2,9,10,2,4,17,1
2012,February,2,5,Cayuga,7,6,5,3,12,6,6,3,2,1,7,2,1,3,3,2,5,4
2012,February,2,6,Chautauqua,14,55,42,10,70,4,9,29,19,4,32,3,5,26,23,6,38,1
2012,February,2,7,Chemung,5,12,15,4,45,3,5,4,6,2,20,1,0,8,9,2,25,2
2012,February,2,8,Chenango,3,13,4,3,7,4,3,5,1,1,6,1,0,8,3,2,1,3
2012,February,2,9,Clinton,16,19,14,16,38,5,6,7,3,4,15,2,10,12,11,12,23,3
2012,February,2,10,Columbia,4,10,20,8,27,0,2,3,5,2,12,0,2,7,15,6,15,0
2012,February,2,11,Cortland,12,13,9,2,15,2,10,2,2,2,7,1,2,11,7,0,8,1
2012,February,2,12,Delaware,6,6,6,1,14,0,2,3,4,1,12,0,4,3,2,0,2,0
2012,February,2,13,Dutchess,14,16,24,20,92,4,8,3,10,4,33,1,6,13,14,16,59,3
2012,February,2,14,Erie,181,195,98,166,452,16,64,76,37,26,159,4,117,119,61,140,293,12
2012,February,2,15,Essex,1,5,4,0,6,1,1,3,3,0,2,1,0,2,1,0,4,0
2012,February,2,16,Franklin,5,4,5,10,12,3,2,1,1,7,4,2,3,3,4,3,8,1
2012,February,2,17,Fulton,6,17,7,17,29,0,3,8,4,5,15,0,3,9,3,12,14,0
2012,February,2,18,Genesee,4,9,1,8,23,5,1,4,0,2,8,2,3,5,1,6,15,3
2012,February,2,19,Greene,10,27,14,15,21,1,3,8,6,4,5,0,7,19,8,11,16,1
2012,February,2,20,Hamilton,1,2,0,1,2,0,1,0,0,0,0,0,0,2,0,1,2,0
2012,February,2,21,Herkimer,10,9,4,6,27,4,6,2,2,2,16,3,4,7,2,4,11,1
2012,February,2,22,Jefferson,18,20,7,12,73,12,10,4,2,1,30,4,8,16,5,11,43,8
2012,February,2,23,Lewis,0,2,1,0,1,2,0,1,0,0,1,0,0,1,1,0,0,2
2012,February,2,24,Livingston,4,15,10,3,21,3,4,5,1,1,7,1,0,10,9,2,14,2
2012,February,2,25,Madison,3,7,9,1,9,0,3,5,8,1,6,0,0,2,1,0,3,0
2012,February,2,26,Monroe,31,263,121,94,593,45,15,74,42,11,211,15,16,189,79,83,382,30
2012,February,2,27,Montgomery,9,20,9,2,35,4,6,9,6,1,10,1,3,11,3,1,25,3
2012,February,2,28,Nassau,78,159,134,117,462,31,28,67,27,9,137,6,50,92,107,108,325,25
2012,February,2,66,New York City,426,3142,452,2967,6624,2588,254,921,147,284,2650,357,172,2221,305,2683,3974,2231
2012,February,2,29,Niagara,27,59,27,26,198,12,14,20,7,5,64,4,13,39,20,21,134,8
2012,February,2,30,Oneida,20,54,32,22,78,14,16,25,11,4,38,4,4,29,21,18,40,10
2012,February,2,31,Onondaga,42,111,55,93,318,16,22,48,16,12,138,4,20,63,39,81,180,12
2012,February,2,32,Ontario,14,40,18,12,41,5,9,11,9,0,13,2,5,29,9,12,28,3
2012,February,2,33,Orange,24,52,65,25,110,3,12,22,13,9,39,1,12,30,52,16,71,2
2012,February,2,34,Orleans,3,19,9,14,19,1,3,6,4,3,5,0,0,13,5,11,14,1
2012,February,2,35,Oswego,23,19,17,2,116,15,13,7,7,1,47,2,10,12,10,1,69,13
2012,February,2,36,Otsego,2,4,0,1,9,0,1,2,0,0,1,0,1,2,0,1,8,0
2012,February,2,37,Putnam,0,5,1,0,2,0,0,1,0,0,1,0,0,4,1,0,1,0
2012,February,2,38,Rensselaer,18,29,25,2,84,1,14,18,14,0,61,1,4,11,11,2,23,0
2012,February,2,39,Rockland,11,42,11,17,93,7,8,15,4,3,33,5,3,27,7,14,60,2
2012,February,2,41,Saratoga,9,4,1,0,11,0,5,2,1,0,5,0,4,2,0,0,6,0
2012,February,2,42,Schenectady,15,34,17,17,67,8,8,7,3,3,21,3,7,27,14,14,46,5
2012,February,2,43,Schoharie,3,7,4,4,4,0,1,2,1,0,3,0,2,5,3,4,1,0
2012,February,2,44,Schuyler,0,6,5,1,8,2,0,3,2,1,5,1,0,3,3,0,3,1
2012,February,2,45,Seneca,1,6,0,0,3,2,1,0,0,0,1,0,0,6,0,0,2,2
2012,February,2,46,Steuben,7,15,11,20,30,2,3,8,4,4,10,0,4,7,7,16,20,2
2012,February,2,40,St. Lawrence,14,24,17,7,52,5,5,9,6,0,15,1,9,15,11,7,37,4
2012,February,2,47,Suffolk,95,235,121,145,817,27,51,77,40,10,174,3,44,158,81,135,643,24
2012,February,2,48,Sullivan,12,10,33,6,39,3,9,5,12,0,15,0,3,5,21,6,24,3
2012,February,2,49,Tioga,5,9,13,6,6,2,3,6,7,3,4,1,2,3,6,3,2,1
2012,February,2,50,Tompkins,11,26,9,11,24,2,6,7,2,1,7,0,5,19,7,10,17,2
2012,February,2,51,Ulster,20,42,33,5,113,16,13,10,12,0,41,8,7,32,21,5,72,8
2012,February,2,52,Warren,8,4,4,10,20,1,2,0,1,2,6,0,6,4,3,8,14,1
2012,February,2,53,Washington,7,5,15,10,12,2,5,1,1,1,5,0,2,4,14,9,7,2
2012,February,2,54,Wayne,7,13,8,1,21,0,4,4,2,0,9,0,3,9,6,1,12,0
2012,February,2,55,Westchester,77,125,133,65,438,24,26,41,24,13,156,5,51,84,109,52,282,19
2012,February,2,56,Wyoming,6,1,2,0,5,0,5,0,1,0,2,0,1,1,1,0,3,0
2012,February,2,57,Yates,2,6,3,2,4,0,0,0,0,1,1,0,2,6,3,1,3,0
2012,January,1,1,Albany,23,81,98,34,121,17,9,41,57,6,40,7,14,40,41,28,81,10
2012,January,1,2,Allegany,6,17,9,6,13,3,5,10,2,0,8,1,1,7,7,6,5,2
2012,January,1,3,Broome,28,87,63,37,248,18,20,33,21,8,70,6,8,54,42,29,178,12
2012,January,1,4,Cattaraugus,8,15,7,6,21,0,6,3,1,2,5,0,2,12,6,4,16,0
2012,January,1,5,Cayuga,7,6,6,1,7,1,2,2,1,0,4,1,5,4,5,1,3,0
2012,January,1,6,Chautauqua,7,50,45,9,56,4,4,29,20,6,20,2,3,21,25,3,36,2
2012,January,1,7,Chemung,4,10,8,4,36,2,0,3,6,1,17,0,4,7,2,3,19,2
2012,January,1,8,Chenango,7,3,9,4,15,3,5,1,5,2,7,0,2,2,4,2,8,3
2012,January,1,9,Clinton,14,16,15,22,28,9,7,3,4,2,13,2,7,13,11,20,15,7
2012,January,1,10,Columbia,1,16,9,8,25,0,1,3,0,1,11,0,0,13,9,7,14,0
2012,January,1,11,Cortland,6,17,11,3,18,1,3,5,1,1,9,1,3,12,10,2,9,0
2012,January,1,12,Delaware,2,3,3,6,14,1,2,2,0,1,9,0,0,1,3,5,5,1
2012,January,1,13,Dutchess,8,38,19,20,98,8,6,14,7,6,37,2,2,24,12,14,61,6
2012,January,1,14,Erie,249,181,89,138,372,18,74,65,39,21,120,1,175,116,50,117,252,17
2012,January,1,15,Essex,2,4,2,2,12,0,0,1,1,0,7,0,2,3,1,2,5,0
2012,January,1,16,Franklin,6,8,3,8,9,3,1,3,0,3,3,0,5,5,3,5,6,3
2012,January,1,17,Fulton,11,17,3,10,39,1,5,3,2,2,27,0,6,14,1,8,12,1
2012,January,1,18,Genesee,4,11,6,12,12,1,1,3,1,1,6,0,3,8,5,11,6,1
2012,January,1,19,Greene,2,19,12,17,9,2,1,5,4,0,2,0,1,14,8,17,7,2
2012,January,1,20,Hamilton,0,1,1,0,0,0,0,0,0,0,0,0,0,1,1,0,0,0
2012,January,1,21,Herkimer,1,14,7,4,26,0,1,3,3,1,16,0,0,11,4,3,10,0
2012,January,1,22,Jefferson,21,23,9,16,57,11,12,3,3,3,16,2,9,20,6,13,41,9
2012,January,1,23,Lewis,2,3,1,1,0,3,2,1,0,0,0,1,0,2,1,1,0,2
2012,January,1,24,Livingston,16,8,14,5,27,3,8,3,6,2,7,0,8,5,8,3,20,3
2012,January,1,25,Madison,3,4,3,0,11,2,2,2,1,0,6,2,1,2,2,0,5,0
2012,January,1,26,Monroe,29,283,104,66,530,34,20,101,36,13,183,3,9,182,68,53,347,31
2012,January,1,27,Montgomery,9,16,8,3,40,2,7,4,3,1,11,2,2,12,5,2,29,0
2012,January,1,28,Nassau,74,127,122,56,398,24,29,42,30,5,105,6,45,85,92,51,293,18
2012,January,1,66,New York City,415,3390,513,3367,7875,2668,267,1109,147,325,3238,362,148,2281,366,3042,4637,2306
2012,January,1,29,Niagara,26,40,21,29,178,7,8,14,7,3,52,1,18,26,14,26,126,6
2012,January,1,30,Oneida,17,46,31,12,74,6,10,14,14,3,24,2,7,32,17,9,50,4
2012,January,1,31,Onondaga,31,102,60,104,286,17,20,46,22,16,120,4,11,56,38,88,166,13
2012,January,1,32,Ontario,6,24,13,13,22,4,4,6,4,2,9,2,2,18,9,11,13,2
2012,January,1,33,Orange,28,47,74,28,103,2,15,23,25,1,36,2,13,24,49,27,67,0
2012,January,1,34,Orleans,6,16,11,5,21,3,2,6,4,2,9,0,4,10,7,3,12,3
2012,January,1,35,Oswego,19,19,12,6,101,2,12,8,2,1,38,1,7,11,10,5,63,1
2012,January,1,36,Otsego,2,6,2,1,3,2,2,1,1,0,2,1,0,5,1,1,1,1
2012,January,1,37,Putnam,2,3,0,1,7,0,0,0,0,0,2,0,2,3,0,1,5,0
2012,January,1,38,Rensselaer,8,44,36,4,69,2,3,27,24,3,47,1,5,17,12,1,22,1
2012,January,1,39,Rockland,18,36,13,17,61,4,9,17,7,1,20,2,9,19,6,16,41,2
2012,January,1,41,Saratoga,4,3,4,0,6,0,4,1,0,0,2,0,0,2,4,0,4,0
2012,January,1,42,Schenectady,6,47,24,14,39,12,4,14,10,3,18,3,2,33,14,11,21,9
2012,January,1,43,Schoharie,2,4,3,1,3,2,1,1,1,0,0,0,1,3,2,1,3,2
2012,January,1,44,Schuyler,4,5,7,2,8,2,3,2,2,1,4,1,1,3,5,1,4,1
2012,January,1,45,Seneca,1,6,3,1,2,0,0,2,2,0,0,0,1,4,1,1,2,0
2012,January,1,46,Steuben,14,11,17,17,42,1,8,6,8,9,14,0,6,5,9,8,28,1
2012,January,1,40,St. Lawrence,13,16,16,9,53,6,5,6,6,1,25,1,8,10,10,8,28,5
2012,January,1,47,Suffolk,86,236,92,166,760,40,29,79,16,10,193,6,57,157,76,156,567,34
2012,January,1,48,Sullivan,9,14,29,28,36,8,7,5,7,6,7,3,2,9,22,22,29,5
2012,January,1,49,Tioga,6,6,13,4,11,3,6,2,5,1,7,2,0,4,8,3,4,1
2012,January,1,50,Tompkins,21,9,4,15,39,4,9,1,1,4,12,0,12,8,3,11,27,4
2012,January,1,51,Ulster,17,31,31,5,69,7,9,13,8,0,19,4,8,18,23,5,50,3
2012,January,1,52,Warren,1,6,4,7,20,0,1,1,2,0,2,0,0,5,2,7,18,0
2012,January,1,53,Washington,2,6,14,9,5,1,0,2,4,2,2,1,2,4,10,7,3,0
2012,January,1,54,Wayne,9,7,5,2,20,0,9,2,0,0,6,0,0,5,5,2,14,0
2012,January,1,55,Westchester,65,115,136,69,417,18,27,38,26,15,164,3,38,77,110,54,253,15
2012,January,1,56,Wyoming,4,2,1,2,2,1,3,1,1,1,2,0,1,1,0,1,0,1
2012,January,1,57,Yates,0,9,1,2,5,2,0,3,0,0,1,1,0,6,1,2,4,1
2011,December,12,1,Albany,27,116,105,34,193,9,17,52,44,5,91,3,10,64,61,29,102,6
2011,December,12,2,Allegany,3,20,5,8,17,2,2,13,1,0,8,1,1,7,4,8,9,1
2011,December,12,3,Broome,32,90,61,42,269,9,17,31,24,7,83,5,15,59,37,35,186,4
2011,December,12,4,Cattaraugus,11,16,11,6,21,0,5,2,4,2,9,0,6,14,7,4,12,0
2011,December,12,5,Cayuga,6,7,7,6,8,1,3,2,4,3,3,0,3,5,3,3,5,1
2011,December,12,6,Chautauqua,14,59,37,3,84,12,10,19,14,1,40,6,4,40,23,2,44,6
2011,December,12,7,Chemung,5,19,13,4,52,5,4,5,3,2,19,2,1,14,10,2,33,3
2011,December,12,8,Chenango,6,10,7,3,14,2,2,6,5,1,6,0,4,4,2,2,8,2
2011,December,12,9,Clinton,10,22,18,13,37,8,4,10,6,1,14,5,6,12,12,12,23,3
2011,December,12,10,Columbia,5,10,12,3,21,0,4,2,2,0,7,0,1,8,10,3,14,0
2011,December,12,11,Cortland,4,23,10,1,21,2,3,13,3,0,11,2,1,10,7,1,10,0
2011,December,12,12,Delaware,3,8,3,4,6,0,3,1,1,3,1,0,0,7,2,1,5,0
2011,December,12,13,Dutchess,6,36,16,23,112,4,3,12,6,4,45,2,3,24,10,19,67,2
2011,December,12,14,Erie,163,206,110,156,420,25,46,97,38,25,134,3,117,109,72,131,286,22
2011,December,12,15,Essex,4,3,2,0,2,1,3,0,2,0,1,0,1,3,0,0,1,1
2011,December,12,16,Franklin,9,12,6,14,9,1,5,3,2,7,3,0,4,9,4,7,6,1
2011,December,12,17,Fulton,5,15,5,6,30,2,3,4,3,3,14,1,2,11,2,3,16,1
2011,December,12,18,Genesee,5,5,4,14,16,1,1,4,2,2,5,0,4,1,2,12,11,1
2011,December,12,19,Greene,6,22,14,7,22,4,5,3,5,1,5,1,1,19,9,6,17,3
2011,December,12,20,Hamilton,0,0,0,1,1,0,0,0,0,0,1,0,0,0,0,1,0,0
2011,December,12,21,Herkimer,6,11,4,5,40,1,2,5,2,1,16,1,4,6,2,4,24,0
2011,December,12,22,Jefferson,7,30,11,8,67,4,4,4,5,2,24,2,3,26,6,6,43,2
2011,December,12,23,Lewis,0,2,2,2,2,1,0,1,2,2,2,0,0,1,0,0,0,1
2011,December,12,24,Livingston,9,17,11,7,26,1,5,9,4,2,8,0,4,8,7,5,18,1
2011,December,12,25,Madison,4,6,4,0,21,3,1,3,1,0,14,2,3,3,3,0,7,1
2011,December,12,26,Monroe,42,315,88,85,589,41,18,98,26,11,185,11,24,217,62,74,404,30
2011,December,12,27,Montgomery,6,22,13,4,37,0,2,10,4,0,17,0,4,12,9,4,20,0
2011,December,12,28,Nassau,69,207,141,168,471,23,34,82,35,11,113,2,35,125,106,157,358,21
2011,December,12,66,New York City,377,3148,455,2811,5562,2782,236,982,120,334,2186,308,141,2166,335,2477,3376,2474
2011,December,12,29,Niagara,26,62,13,20,199,14,12,16,2,2,83,2,14,46,11,18,116,12
2011,December,12,30,Oneida,19,75,33,27,72,10,10,28,11,4,23,2,9,47,22,23,49,8
2011,December,12,31,Onondaga,34,128,73,119,501,24,20,59,27,18,228,5,14,69,46,101,273,19
2011,December,12,32,Ontario,8,27,12,17,44,3,5,10,6,4,20,2,3,17,6,13,24,1
2011,December,12,33,Orange,23,86,60,33,110,6,11,39,17,7,35,3,12,47,43,26,75,3
2011,December,12,34,Orleans,4,24,10,14,26,4,3,7,6,2,10,2,1,17,4,12,16,2
2011,December,12,35,Oswego,22,14,7,5,119,11,12,3,3,0,47,5,10,11,4,5,72,6
2011,December,12,36,Otsego,3,6,2,4,9,1,3,2,0,0,3,1,0,4,2,4,6,0
2011,December,12,37,Putnam,0,1,1,0,0,0,0,1,1,0,0,0,0,0,0,0,0,0
2011,December,12,38,Rensselaer,14,30,17,3,67,1,8,19,9,2,48,1,6,11,8,1,19,0
2011,December,12,39,Rockland,17,34,19,12,121,9,13,16,2,1,50,4,4,18,17,11,71,5
2011,December,12,41,Saratoga,11,6,4,1,19,1,6,1,2,0,8,1,5,5,2,1,11,0
2011,December,12,42,Schenectady,6,28,35,16,72,7,4,12,18,1,34,1,2,16,17,15,38,6
2011,December,12,43,Schoharie,2,4,0,0,8,1,2,1,0,0,4,0,0,3,0,0,4,1
2011,December,12,44,Schuyler,6,3,4,3,8,1,2,1,0,0,7,0,4,2,4,3,1,1
2011,December,12,45,Seneca,0,0,1,1,0,0,0,0,1,0,0,0,0,0,0,1,0,0
2011,December,12,46,Steuben,7,21,17,11,44,4,6,8,1,3,17,1,1,13,16,8,27,3
2011,December,12,40,St. Lawrence,12,24,20,8,51,7,6,9,4,1,18,3,6,15,16,7,33,4
2011,December,12,47,Suffolk,77,213,88,122,843,36,28,72,21,13,251,5,49,141,67,109,592,31
2011,December,12,48,Sullivan,6,18,15,5,39,2,3,10,4,0,19,0,3,8,11,5,20,2
2011,December,12,49,Tioga,3,1,13,6,9,1,0,0,3,1,3,0,3,1,10,5,6,1
2011,December,12,50,Tompkins,8,23,6,9,38,4,5,5,1,3,16,0,3,18,5,6,22,4
2011,December,12,51,Ulster,16,47,44,5,99,13,10,17,13,0,32,6,6,30,31,5,67,7
2011,December,12,52,Warren,7,10,2,5,5,2,2,1,1,1,3,0,5,9,1,4,2,2
2011,December,12,53,Washington,10,5,12,15,11,1,5,1,5,5,8,0,5,4,7,10,3,1
2011,December,12,54,Wayne,6,11,6,2,14,0,5,2,4,0,6,0,1,9,2,2,8,0
2011,December,12,55,Westchester,82,160,87,90,438,16,40,48,22,5,174,2,42,112,65,85,264,14
2011,December,12,56,Wyoming,4,2,3,0,8,0,3,0,0,0,7,0,1,2,3,0,1,0
2011,December,12,57,Yates,2,7,1,2,1,0,0,2,0,1,1,0,2,5,1,1,0,0
2011,November,11,1,Albany,18,87,74,22,128,4,13,43,26,5,42,2,5,44,48,17,86,2
2011,November,11,2,Allegany,8,20,3,4,10,0,6,11,2,0,5,0,2,9,1,4,5,0
2011,November,11,3,Broome,27,103,62,34,297,20,16,40,28,5,102,9,11,63,34,29,195,11
2011,November,11,4,Cattaraugus,9,12,7,4,20,0,2,0,4,3,7,0,7,12,3,1,13,0
2011,November,11,5,Cayuga,6,8,6,8,8,0,4,3,2,2,3,0,2,5,4,6,5,0
2011,November,11,6,Chautauqua,12,66,37,8,47,13,8,29,14,2,23,4,4,37,23,6,24,9
2011,November,11,7,Chemung,6,8,6,2,33,1,4,5,3,0,17,0,2,3,3,2,16,1
2011,November,11,8,Chenango,6,7,7,6,22,1,5,1,6,1,13,0,1,6,1,5,9,1
2011,November,11,9,Clinton,14,24,11,10,30,8,5,10,3,2,15,2,9,14,8,8,15,6
2011,November,11,10,Columbia,9,12,7,10,30,0,5,2,2,1,7,0,4,10,5,9,23,0
2011,November,11,11,Cortland,4,13,4,1,13,1,4,6,4,0,3,0,0,7,0,1,10,1
2011,November,11,12,Delaware,0,10,3,2,10,3,0,2,2,0,5,1,0,8,1,2,5,2
2011,November,11,13,Dutchess,7,33,11,10,80,5,6,10,3,0,25,3,1,23,8,10,55,2
2011,November,11,14,Erie,226,234,122,153,449,33,70,106,45,25,143,7,156,128,77,128,306,26
2011,November,11,15,Essex,2,3,2,2,2,0,1,2,1,0,2,0,1,1,1,2,0,0
2011,November,11,16,Franklin,3,8,4,17,12,0,2,3,1,5,4,0,1,5,3,12,8,0
2011,November,11,17,Fulton,14,19,1,6,38,0,8,6,0,2,19,0,6,13,1,4,19,0
2011,November,11,18,Genesee,6,6,2,3,20,1,5,5,0,1,6,1,1,1,2,2,14,0
2011,November,11,19,Greene,3,18,13,3,10,1,2,3,4,2,2,0,1,15,9,1,8,1
2011,November,11,20,Hamilton,1,3,0,1,0,0,1,1,0,1,0,0,0,2,0,0,0,0
2011,November,11,21,Herkimer,7,8,9,7,22,1,4,4,0,2,10,0,3,4,9,5,12,1
2011,November,11,22,Jefferson,15,21,3,12,47,9,6,6,0,2,20,3,9,15,3,10,27,6
2011,November,11,23,Lewis,1,0,1,0,4,0,1,0,1,0,2,0,0,0,0,0,2,0
2011,November,11,24,Livingston,8,20,12,10,20,6,4,8,7,0,7,2,4,12,5,10,13,4
2011,November,11,25,Madison,4,10,10,1,13,1,4,6,6,0,10,1,0,4,4,1,3,0
2011,November,11,26,Monroe,39,299,80,82,561,31,21,106,23,21,205,8,18,193,57,61,356,23
2011,November,11,27,Montgomery,3,13,12,8,35,1,2,5,5,4,20,0,1,8,7,4,15,1
2011,November,11,28,Nassau,76,161,129,95,445,22,40,73,25,7,118,7,36,88,104,88,327,15
2011,November,11,66,New York City,460,3833,516,3142,5412,2687,269,1206,143,393,2130,321,191,2627,373,2749,3282,2366
2011,November,11,29,Niagara,25,54,26,30,162,11,7,16,8,7,49,3,18,38,18,23,113,8
2011,November,11,30,Oneida,21,62,35,17,70,10,12,24,11,3,31,3,9,38,24,14,39,7
2011,November,11,31,Onondaga,34,130,63,76,423,22,21,58,28,14,208,8,13,72,35,62,215,14
2011,November,11,32,Ontario,10,24,20,18,37,4,5,5,6,5,12,1,5,19,14,13,25,3
2011,November,11,33,Orange,33,67,70,21,129,5,16,26,20,6,45,1,17,41,50,15,84,4
2011,November,11,34,Orleans,4,28,18,5,28,1,0,11,6,2,7,1,4,17,12,3,21,0
2011,November,11,35,Oswego,19,26,11,6,85,6,10,11,2,3,40,2,9,15,9,3,45,4
2011,November,11,36,Otsego,0,4,3,0,4,0,0,1,1,0,2,0,0,3,2,0,2,0
2011,November,11,37,Putnam,0,3,6,0,1,1,0,1,1,0,1,1,0,2,5,0,0,0
2011,November,11,38,Rensselaer,11,27,26,6,67,7,9,17,21,5,45,4,2,10,5,1,22,3
2011,November,11,39,Rockland,13,49,17,10,78,10,9,15,5,3,30,2,4,34,12,7,48,8
2011,November,11,41,Saratoga,7,8,1,1,13,1,6,2,1,0,3,0,1,6,0,1,10,1
2011,November,11,42,Schenectady,6,26,21,19,49,9,3,12,9,0,20,2,3,14,12,19,29,7
2011,November,11,43,Schoharie,2,2,2,4,3,1,1,2,2,0,1,0,1,0,0,4,2,1
2011,November,11,44,Schuyler,1,2,6,0,5,5,0,1,1,0,3,4,1,1,5,0,2,1
2011,November,11,45,Seneca,1,3,4,1,0,0,0,1,3,0,0,0,1,2,1,1,0,0
2011,November,11,46,Steuben,7,27,13,15,51,1,4,8,9,4,19,0,3,19,4,11,32,1
2011,November,11,40,St. Lawrence,15,19,13,5,53,8,9,9,4,3,27,5,6,10,9,2,26,3
2011,November,11,47,Suffolk,50,220,102,156,745,38,25,73,21,10,174,6,25,147,81,146,571,32
2011,November,11,48,Sullivan,7,16,20,2,18,4,5,8,7,0,9,1,2,8,13,2,9,3
2011,November,11,49,Tioga,5,14,14,2,13,0,3,3,8,1,9,0,2,11,6,1,4,0
2011,November,11,50,Tompkins,5,32,13,3,36,4,3,12,3,0,11,0,2,20,10,3,25,4
2011,November,11,51,Ulster,20,56,50,9,62,13,15,23,10,3,22,4,5,33,40,6,40,9
2011,November,11,52,Warren,1,8,2,9,6,1,0,3,0,2,3,0,1,5,2,7,3,1
2011,November,11,53,Washington,2,3,5,9,12,0,2,0,2,5,7,0,0,3,3,4,5,0
2011,November,11,54,Wayne,8,18,4,6,28,2,4,5,2,0,10,0,4,13,2,6,18,2
2011,November,11,55,Westchester,54,128,73,68,362,12,25,43,17,7,130,2,29,85,56,61,232,10
2011,November,11,56,Wyoming,9,9,1,1,9,0,7,2,0,1,7,0,2,7,1,0,2,0
2011,November,11,57,Yates,4,0,2,3,1,1,1,0,0,1,0,1,3,0,2,2,1,0
2011,October,10,1,Albany,24,93,86,31,129,13,11,36,23,6,61,3,13,57,63,25,68,10
2011,October,10,2,Allegany,4,15,10,3,11,0,2,7,6,0,11,0,2,8,4,3,0,0
2011,October,10,3,Broome,16,174,60,37,314,27,8,60,23,7,95,16,8,114,37,30,219,11
2011,October,10,4,Cattaraugus,8,10,6,6,14,1,2,3,3,2,5,0,6,7,3,4,9,1
2011,October,10,5,Cayuga,5,14,6,6,12,0,2,6,2,2,8,0,3,8,4,4,4,0
2011,October,10,6,Chautauqua,10,71,43,1,60,7,5,32,17,0,34,2,5,39,26,1,26,5
2011,October,10,7,Chemung,7,20,13,6,50,2,3,5,3,3,26,1,4,15,10,3,24,1
2011,October,10,8,Chenango,4,14,8,7,13,4,2,4,4,2,7,2,2,10,4,5,6,2
2011,October,10,9,Clinton,16,21,17,19,29,8,9,6,5,1,7,3,7,15,12,18,22,5
2011,October,10,10,Columbia,5,14,14,6,28,3,2,7,6,1,8,1,3,7,8,5,20,2
2011,October,10,11,Cortland,3,16,7,3,17,4,1,5,2,1,2,3,2,11,5,2,15,1
2011,October,10,12,Delaware,1,11,4,2,17,0,1,7,1,0,3,0,0,4,3,2,14,0
2011,October,10,13,Dutchess,12,31,25,17,86,1,5,9,8,4,23,0,7,22,17,13,63,1
2011,October,10,14,Erie,176,246,158,164,484,33,52,103,78,31,181,13,124,143,80,133,303,20
2011,October,10,15,Essex,2,2,2,0,5,0,1,0,1,0,2,0,1,2,1,0,3,0
2011,October,10,16,Franklin,4,10,5,13,15,0,2,4,1,3,6,0,2,6,4,10,9,0
2011,October,10,17,Fulton,7,21,4,15,33,1,5,7,2,1,9,1,2,14,2,14,24,0
2011,October,10,18,Genesee,1,19,5,7,19,5,1,1,3,0,8,4,0,18,2,7,11,1
2011,October,10,19,Greene,11,18,11,14,16,1,5,8,4,1,7,1,6,10,7,13,9,0
2011,October,10,20,Hamilton,0,1,0,0,0,0,0,0,0,0,0,0,0,1,0,0,0,0
2011,October,10,21,Herkimer,11,7,5,5,23,1,9,2,3,0,11,0,2,5,2,5,12,1
2011,October,10,22,Jefferson,16,34,15,12,62,9,8,13,4,1,22,2,8,21,11,11,40,7
2011,October,10,23,Lewis,1,1,1,0,3,0,0,1,0,0,2,0,1,0,1,0,1,0
2011,October,10,24,Livingston,8,27,17,12,17,3,4,11,11,1,1,1,4,16,6,11,16,2
2011,October,10,25,Madison,1,11,3,0,14,3,0,3,2,0,8,2,1,8,1,0,6,1
2011,October,10,26,Monroe,47,314,134,131,652,31,23,108,26,14,227,5,24,206,108,117,425,26
2011,October,10,27,Montgomery,14,19,12,9,37,1,10,11,7,4,19,1,4,8,5,5,18,0
2011,October,10,28,Nassau,68,177,144,82,438,25,37,88,28,10,131,9,31,89,116,72,307,16
2011,October,10,66,New York City,515,3593,566,3424,6807,2412,332,1127,161,436,2789,265,183,2466,405,2988,4018,2147
2011,October,10,29,Niagara,38,71,34,31,181,7,14,27,11,6,57,4,24,44,23,25,124,3
2011,October,10,30,Oneida,12,62,43,18,82,9,10,29,16,4,40,1,2,33,27,14,42,8
2011,October,10,31,Onondaga,52,145,70,93,488,25,31,58,28,11,247,9,21,87,42,82,241,16
2011,October,10,32,Ontario,8,31,16,16,35,7,4,8,8,3,12,3,4,23,8,13,23,4
2011,October,10,33,Orange,30,81,52,32,103,6,16,29,17,7,27,2,14,52,35,25,76,4
2011,October,10,34,Orleans,6,18,10,17,25,1,3,4,4,7,6,0,3,14,6,10,19,1
2011,October,10,35,Oswego,22,26,17,15,108,4,6,11,5,1,37,2,16,15,12,14,71,2
2011,October,10,36,Otsego,3,4,5,2,6,0,2,1,3,2,2,0,1,3,2,0,4,0
2011,October,10,37,Putnam,0,2,1,0,5,0,0,1,0,0,4,0,0,1,1,0,1,0
2011,October,10,38,Rensselaer,10,41,32,3,73,3,2,30,24,1,45,2,8,11,8,2,28,1
2011,October,10,39,Rockland,15,32,10,6,96,19,7,14,3,1,41,7,8,18,7,5,55,12
2011,October,10,41,Saratoga,3,5,2,1,14,0,2,1,2,1,5,0,1,4,0,0,9,0
2011,October,10,42,Schenectady,7,35,23,27,64,5,4,14,14,3,28,1,3,21,9,24,36,4
2011,October,10,43,Schoharie,1,4,1,2,4,1,1,1,1,2,1,0,0,3,0,0,3,1
2011,October,10,44,Schuyler,5,6,7,1,12,0,3,3,2,0,6,0,2,3,5,1,6,0
2011,October,10,45,Seneca,1,8,2,1,2,1,1,0,1,0,1,0,0,8,1,1,1,1
2011,October,10,46,Steuben,16,22,16,20,38,0,9,9,10,1,14,0,7,13,6,19,24,0
2011,October,10,40,St. Lawrence,13,28,11,3,62,2,8,7,1,0,27,1,5,21,10,3,35,1
2011,October,10,47,Suffolk,87,289,84,145,959,34,44,90,29,23,228,3,43,199,55,122,731,31
2011,October,10,48,Sullivan,3,18,20,9,36,4,2,5,8,1,15,0,1,13,12,8,21,4
2011,October,10,49,Tioga,5,9,19,3,7,1,3,4,8,2,5,0,2,5,11,1,2,1
2011,October,10,50,Tompkins,9,28,13,5,55,4,4,12,5,1,21,1,5,16,8,4,34,3
2011,October,10,51,Ulster,15,54,42,7,96,16,9,23,10,1,24,4,6,31,32,6,72,12
2011,October,10,52,Warren,5,6,3,5,9,2,1,2,1,1,3,0,4,4,2,4,6,2
2011,October,10,53,Washington,7,7,11,5,15,0,3,3,4,3,9,0,4,4,7,2,6,0
2011,October,10,54,Wayne,9,24,14,3,33,0,5,11,3,1,8,0,4,13,11,2,25,0
2011,October,10,55,Westchester,41,137,82,98,498,16,18,42,16,9,176,3,23,95,66,89,322,13
2011,October,10,56,Wyoming,9,3,3,3,9,1,7,1,2,0,5,1,2,2,1,3,4,0
2011,October,10,57,Yates,2,4,2,2,4,2,0,2,1,0,1,0,2,2,1,2,3,2
2011,September,9,1,Albany,30,112,90,23,152,11,14,50,35,6,49,3,16,62,55,17,103,8
2011,September,9,2,Allegany,3,15,14,1,19,8,3,7,5,0,9,2,0,8,9,1,10,6
2011,September,9,3,Broome,19,96,59,28,266,22,9,34,28,7,105,4,10,62,31,21,161,18
2011,September,9,4,Cattaraugus,10,15,6,3,23,3,7,6,2,1,12,2,3,9,4,2,11,1
2011,September,9,5,Cayuga,6,21,8,3,21,1,4,9,5,1,8,0,2,12,3,2,13,1
2011,September,9,6,Chautauqua,18,79,55,5,56,8,11,34,25,3,27,4,7,45,30,2,29,4
2011,September,9,7,Chemung,9,14,8,6,42,7,9,5,3,4,14,3,0,9,5,2,28,4
2011,September,9,8,Chenango,4,17,6,2,13,3,2,5,3,1,8,1,2,12,3,1,5,2
2011,September,9,9,Clinton,19,20,25,13,37,11,10,6,3,1,17,4,9,14,22,12,20,7
2011,September,9,10,Columbia,5,23,16,9,40,1,2,8,9,0,14,0,3,15,7,9,26,1
2011,September,9,11,Cortland,9,23,6,3,12,3,3,12,4,2,5,1,6,11,2,1,7,2
2011,September,9,12,Delaware,6,8,5,0,17,0,3,1,4,0,10,0,3,7,1,0,7,0
2011,September,9,13,Dutchess,12,43,20,9,81,3,10,18,9,3,37,1,2,25,11,6,44,2
2011,September,9,14,Erie,243,243,116,150,456,28,66,107,53,33,163,15,177,136,63,117,293,13
2011,September,9,15,Essex,0,1,2,1,8,0,0,0,1,0,4,0,0,1,1,1,4,0
2011,September,9,16,Franklin,4,12,6,6,13,0,4,2,3,2,4,0,0,10,3,4,9,0
2011,September,9,17,Fulton,8,13,11,7,43,1,4,5,8,2,22,1,4,8,3,5,21,0
2011,September,9,18,Genesee,9,11,0,3,19,2,4,2,0,0,10,1,5,9,0,3,9,1
2011,September,9,19,Greene,8,24,17,5,16,1,6,8,7,1,5,0,2,16,10,4,11,1
2011,September,9,20,Hamilton,0,0,0,0,0,0,0,0,0,0,0,0,0,0,0,0,0,0
2011,September,9,21,Herkimer,13,9,13,2,25,5,7,3,7,0,14,1,6,6,6,2,11,4
2011,September,9,22,Jefferson,17,34,15,8,61,12,9,14,2,0,18,5,8,20,13,8,43,7
2011,September,9,23,Lewis,2,0,1,1,5,0,1,0,1,1,4,0,1,0,0,0,1,0
2011,September,9,24,Livingston,4,26,8,10,31,2,2,10,4,1,14,0,2,16,4,9,17,2
2011,September,9,25,Madison,3,8,4,1,12,0,3,4,2,0,10,0,0,4,2,1,2,0
2011,September,9,26,Monroe,40,299,119,110,589,30,23,96,38,20,236,14,17,203,81,90,353,16
2011,September,9,27,Montgomery,7,18,5,11,32,4,4,7,4,4,14,4,3,11,1,7,18,0
2011,September,9,28,Nassau,77,188,163,167,465,29,40,66,33,18,124,11,37,122,130,149,341,18
2011,September,9,66,New York City,498,3724,534,2863,5115,2029,292,1077,150,449,2020,230,206,2647,384,2414,3095,1799
2011,September,9,29,Niagara,38,72,26,40,199,13,26,21,9,7,65,5,12,51,17,33,134,8
2011,September,9,30,Oneida,11,56,49,21,83,11,8,19,22,2,39,4,3,37,27,19,44,7
2011,September,9,31,Onondaga,42,144,61,93,434,28,24,55,22,14,219,17,18,89,39,79,215,11
2011,September,9,32,Ontario,16,34,23,13,45,5,10,10,10,6,15,3,6,24,13,7,30,2
2011,September,9,33,Orange,43,92,76,44,137,7,26,38,24,8,40,3,17,54,52,36,97,4
2011,September,9,34,Orleans,4,20,15,5,13,3,3,8,7,0,3,2,1,12,8,5,10,1
2011,September,9,35,Oswego,26,17,8,12,123,11,13,6,1,2,54,3,13,11,7,10,69,8
2011,September,9,36,Otsego,1,2,2,1,4,0,1,1,2,0,2,0,0,1,0,1,2,0
2011,September,9,37,Putnam,0,6,4,1,5,0,0,0,1,0,0,0,0,6,3,1,5,0
2011,September,9,38,Rensselaer,14,36,23,2,74,6,7,23,16,2,52,3,7,13,7,0,22,3
2011,September,9,39,Rockland,13,33,12,20,75,8,9,16,6,1,30,4,4,17,6,19,45,4
2011,September,9,41,Saratoga,5,5,4,1,10,0,4,0,0,0,5,0,1,5,4,1,5,0
2011,September,9,42,Schenectady,8,38,24,27,55,6,6,11,10,9,23,3,2,27,14,18,32,3
2011,September,9,43,Schoharie,1,0,5,1,3,0,1,0,2,0,1,0,0,0,3,1,2,0
2011,September,9,44,Schuyler,2,8,3,1,9,0,2,2,3,0,5,0,0,6,0,1,4,0
2011,September,9,45,Seneca,2,5,4,0,1,2,2,3,1,0,1,1,0,2,3,0,0,1
2011,September,9,46,Steuben,11,33,19,17,48,4,8,11,7,3,22,1,3,22,12,14,26,3
2011,September,9,40,St. Lawrence,18,25,15,11,58,2,11,11,3,2,26,1,7,14,12,9,32,1
2011,September,9,47,Suffolk,94,225,110,140,975,43,48,69,33,15,258,9,46,156,77,125,717,34
2011,September,9,48,Sullivan,14,25,28,9,36,4,7,9,10,5,11,2,7,16,18,4,25,2
2011,September,9,49,Tioga,6,6,8,3,12,0,6,3,5,1,4,0,0,3,3,2,8,0
2011,September,9,50,Tompkins,5,32,10,8,34,4,3,14,4,1,13,1,2,18,6,7,21,3
2011,September,9,51,Ulster,15,56,48,16,72,10,8,19,21,1,25,2,7,37,27,15,47,8
2011,September,9,52,Warren,5,7,1,5,10,2,2,1,0,1,3,1,3,6,1,4,7,1
2011,September,9,53,Washington,4,6,7,6,13,0,2,3,2,3,3,0,2,3,5,3,10,0
2011,September,9,54,Wayne,5,17,7,3,18,0,3,7,1,0,1,0,2,10,6,3,17,0
2011,September,9,55,Westchester,60,137,122,111,439,21,23,46,30,10,160,8,37,91,92,101,279,13
2011,September,9,56,Wyoming,3,4,6,2,2,2,1,1,3,2,1,0,2,3,3,0,1,2
2011,September,9,57,Yates,2,4,4,1,2,0,0,1,4,1,2,0,2,3,0,0,0,0
2011,August,8,1,Albany,27,88,79,38,133,11,14,33,22,5,43,3,13,55,57,33,90,8
2011,August,8,2,Allegany,4,14,13,4,17,5,2,7,7,1,7,1,2,7,6,3,10,4
2011,August,8,3,Broome,31,124,57,49,250,17,21,32,23,8,62,7,10,92,34,41,188,10
2011,August,8,4,Cattaraugus,14,13,9,4,18,1,5,5,1,1,9,0,9,8,8,3,9,1
2011,August,8,5,Cayuga,9,9,10,3,18,1,5,1,6,1,12,0,4,8,4,2,6,1
2011,August,8,6,Chautauqua,9,49,41,9,75,8,5,24,21,6,31,4,4,25,20,3,44,4
2011,August,8,7,Chemung,9,16,21,1,32,7,6,5,5,1,11,4,3,11,16,0,21,3
2011,August,8,8,Chenango,7,12,3,4,15,2,5,7,2,1,6,0,2,5,1,3,9,2
2011,August,8,9,Clinton,21,19,22,10,36,5,16,7,7,3,15,2,5,12,15,7,21,3
2011,August,8,10,Columbia,8,20,11,6,35,2,4,7,1,0,17,1,4,13,10,6,18,1
2011,August,8,11,Cortland,7,26,7,5,28,2,4,9,1,1,9,0,3,17,6,4,19,2
2011,August,8,12,Delaware,2,8,8,2,7,1,1,5,2,0,2,1,1,3,6,2,5,0
2011,August,8,13,Dutchess,13,32,16,14,70,3,2,15,4,0,29,1,11,17,12,14,41,2
2011,August,8,14,Erie,237,207,101,174,426,29,87,79,37,42,146,7,150,128,64,132,280,22
2011,August,8,15,Essex,2,0,3,1,6,2,1,0,1,0,2,1,1,0,2,1,4,1
2011,August,8,16,Franklin,5,13,5,8,14,0,2,9,1,2,8,0,3,4,4,6,6,0
2011,August,8,17,Fulton,5,18,2,9,41,0,3,3,0,0,23,0,2,15,2,9,18,0
2011,August,8,18,Genesee,1,6,7,6,17,2,0,1,1,3,8,1,1,5,6,3,9,1
2011,August,8,19,Greene,2,23,14,11,21,3,0,5,6,2,9,0,2,18,8,9,12,3
2011,August,8,20,Hamilton,1,1,1,2,0,0,1,0,0,0,0,0,0,1,1,2,0,0
2011,August,8,21,Herkimer,5,11,6,10,20,2,2,2,3,3,10,0,3,9,3,7,10,2
2011,August,8,22,Jefferson,9,12,10,14,57,6,4,5,2,2,20,2,5,7,8,12,37,4
2011,August,8,23,Lewis,3,3,0,0,2,0,1,2,0,0,1,0,2,1,0,0,1,0
2011,August,8,24,Livingston,10,33,21,13,31,3,5,13,6,3,11,0,5,20,15,10,20,3
2011,August,8,25,Madison,9,9,7,0,12,3,7,2,5,0,11,1,2,7,2,0,1,2
2011,August,8,26,Monroe,33,334,130,55,591,28,17,109,30,6,201,6,16,225,100,49,390,22
2011,August,8,27,Montgomery,10,17,13,12,36,6,5,3,9,5,16,4,5,14,4,7,20,2
2011,August,8,28,Nassau,98,179,157,83,578,30,55,66,32,22,136,11,43,113,125,61,442,19
2011,August,8,66,New York City,632,4273,617,3984,8314,2276,392,1298,208,488,3503,316,240,2975,409,3496,4811,1960
2011,August,8,29,Niagara,33,75,30,24,207,16,13,23,3,3,57,8,20,52,27,21,150,8
2011,August,8,30,Oneida,17,45,39,23,104,8,15,19,19,5,48,2,2,26,20,18,56,6
2011,August,8,31,Onondaga,47,149,63,96,346,21,28,60,30,21,145,12,19,89,33,75,201,9
2011,August,8,32,Ontario,9,36,21,19,37,6,6,9,7,4,11,2,3,27,14,15,26,4
2011,August,8,33,Orange,40,56,65,46,125,7,28,16,16,6,52,1,12,40,49,40,73,6
2011,August,8,34,Orleans,9,26,9,7,18,2,6,12,5,2,6,0,3,14,4,5,12,2
2011,August,8,35,Oswego,18,24,15,5,103,13,8,7,4,1,48,3,10,17,11,4,55,10
2011,August,8,36,Otsego,4,3,1,2,8,1,3,0,0,1,5,1,1,3,1,1,3,0
2011,August,8,37,Putnam,1,1,0,0,7,1,0,0,0,0,2,1,1,1,0,0,5,0
2011,August,8,38,Rensselaer,10,27,28,1,79,2,6,13,22,1,55,1,4,14,6,0,24,1
2011,August,8,39,Rockland,9,32,17,17,110,8,5,15,7,5,38,4,4,17,10,12,72,4
2011,August,8,41,Saratoga,4,5,6,0,17,0,2,1,3,0,8,0,2,4,3,0,9,0
2011,August,8,42,Schenectady,8,37,27,24,82,14,6,13,9,7,40,4,2,24,18,17,42,10
2011,August,8,43,Schoharie,1,2,5,0,9,1,1,2,3,0,5,1,0,0,2,0,4,0
2011,August,8,44,Schuyler,1,6,2,0,1,2,1,2,1,0,0,0,0,4,1,0,1,2
2011,August,8,45,Seneca,1,4,4,0,3,1,1,2,1,0,2,0,0,2,3,0,1,1
2011,August,8,46,Steuben,18,22,20,20,37,4,12,6,5,3,19,2,6,16,15,17,18,2
2011,August,8,40,St. Lawrence,18,27,14,4,70,3,12,9,5,0,23,0,6,18,9,4,47,3
2011,August,8,47,Suffolk,109,225,95,146,918,31,50,63,28,9,260,5,59,162,67,137,658,26
2011,August,8,48,Sullivan,9,19,17,11,31,0,5,5,9,1,11,0,4,14,8,10,20,0
2011,August,8,49,Tioga,8,4,15,7,6,2,6,2,5,2,2,0,2,2,10,5,4,2
2011,August,8,50,Tompkins,11,33,14,10,37,3,7,11,5,1,14,1,4,22,9,9,23,2
2011,August,8,51,Ulster,21,45,30,14,83,14,15,20,9,1,24,6,6,25,21,13,59,8
2011,August,8,52,Warren,1,12,7,5,22,0,1,4,2,3,6,0,0,8,5,2,16,0
2011,August,8,53,Washington,7,5,7,2,9,0,3,1,2,0,5,0,4,4,5,2,4,0
2011,August,8,54,Wayne,8,14,17,2,22,1,6,4,6,1,4,0,2,10,11,1,18,1
2011,August,8,55,Westchester,54,120,108,128,455,11,25,42,24,13,169,3,29,78,84,115,286,8
2011,August,8,56,Wyoming,4,7,6,1,2,1,4,2,2,1,2,0,0,5,4,0,0,1
2011,August,8,57,Yates,1,3,0,1,4,0,1,1,0,0,0,0,0,2,0,1,4,0
2011,July,7,1,Albany,17,98,73,31,188,13,11,45,27,7,64,4,6,53,46,24,124,9
2011,July,7,2,Allegany,9,15,11,2,10,3,5,7,4,0,8,2,4,8,7,2,2,1
2011,July,7,3,Broome,22,122,64,46,212,6,13,42,22,11,66,2,9,80,42,35,146,4
2011,July,7,4,Cattaraugus,12,13,11,7,20,0,8,1,5,0,7,0,4,12,6,7,13,0
2011,July,7,5,Cayuga,5,17,9,1,14,0,2,7,5,0,7,0,3,10,4,1,7,0
2011,July,7,6,Chautauqua,18,66,44,7,86,7,11,26,19,4,40,4,7,40,25,3,46,3
2011,July,7,7,Chemung,6,25,11,5,41,2,6,6,1,0,17,1,0,19,10,5,24,1
2011,July,7,8,Chenango,9,8,3,2,14,1,3,3,1,0,6,0,6,5,2,2,8,1
2011,July,7,9,Clinton,6,30,16,20,34,10,2,7,3,4,12,1,4,23,13,16,22,9
2011,July,7,10,Columbia,8,13,9,6,38,1,5,5,3,0,11,1,3,8,6,6,27,0
2011,July,7,11,Cortland,4,21,13,1,17,2,3,4,3,0,7,1,1,17,10,1,10,1
2011,July,7,12,Delaware,4,11,2,6,16,1,2,6,1,2,5,0,2,5,1,4,11,1
2011,July,7,13,Dutchess,12,42,17,11,113,6,10,15,6,1,52,3,2,27,11,10,61,3
2011,July,7,14,Erie,162,266,109,158,402,27,65,117,39,33,155,8,97,149,70,125,247,19
2011,July,7,15,Essex,1,7,3,1,10,1,0,3,1,0,4,0,1,4,2,1,6,1
2011,July,7,16,Franklin,4,7,5,8,18,2,2,2,1,0,6,0,2,5,4,8,12,2
2011,July,7,17,Fulton,7,17,3,6,57,2,4,6,2,0,26,0,3,11,1,6,31,2
2011,July,7,18,Genesee,3,12,4,6,18,2,3,5,1,1,12,2,0,7,3,5,6,0
2011,July,7,19,Greene,4,23,17,19,20,2,2,6,7,3,4,0,2,17,10,16,16,2
2011,July,7,20,Hamilton,0,3,0,0,0,0,0,0,0,0,0,0,0,3,0,0,0,0
2011,July,7,21,Herkimer,12,6,3,3,26,2,7,1,1,0,8,1,5,5,2,3,18,1
2011,July,7,22,Jefferson,22,30,9,8,66,5,14,12,3,1,16,1,8,18,6,7,50,4
2011,July,7,23,Lewis,0,1,0,0,6,1,0,0,0,0,5,0,0,1,0,0,1,1
2011,July,7,24,Livingston,6,22,11,6,25,5,4,5,2,0,5,1,2,17,9,6,20,4
2011,July,7,25,Madison,8,11,4,0,19,2,8,2,1,0,10,2,0,9,3,0,9,0
2011,July,7,26,Monroe,38,288,100,73,719,41,21,99,20,6,246,7,17,189,80,67,473,34
2011,July,7,27,Montgomery,7,15,10,13,22,1,5,7,5,6,11,1,2,8,5,7,11,0
2011,July,7,28,Nassau,64,184,112,104,412,42,37,74,26,12,115,12,27,110,86,92,297,30
2011,July,7,66,New York City,572,2943,510,3100,4920,1790,351,851,169,442,1867,200,221,2092,341,2658,3053,1590
2011,July,7,29,Niagara,34,78,32,33,208,12,12,18,13,2,77,4,22,60,19,31,131,8
2011,July,7,30,Oneida,19,54,35,33,85,10,13,16,9,7,46,2,6,38,26,26,39,8
2011,July,7,31,Onondaga,40,150,73,101,350,17,29,60,41,14,161,1,11,90,32,87,189,16
2011,July,7,32,Ontario,12,24,19,23,32,3,8,8,8,4,11,2,4,16,11,19,21,1
2011,July,7,33,Orange,27,40,46,26,103,12,13,14,10,5,39,4,14,26,36,21,64,8
2011,July,7,34,Orleans,5,30,12,9,20,4,2,18,5,4,5,1,3,12,7,5,15,3
2011,July,7,35,Oswego,17,15,15,12,95,7,3,6,3,3,38,2,14,9,12,9,57,5
2011,July,7,36,Otsego,5,6,1,0,7,0,4,3,0,0,6,0,1,3,1,0,1,0
2011,July,7,37,Putnam,3,3,1,3,7,1,0,1,0,0,2,1,3,2,1,3,5,0
2011,July,7,38,Rensselaer,9,31,15,5,68,4,8,24,8,3,50,2,1,7,7,2,18,2
2011,July,7,39,Rockland,9,43,20,24,95,14,2,16,6,6,42,6,7,27,14,18,53,8
2011,July,7,41,Saratoga,9,2,4,0,15,0,7,0,2,0,5,0,2,2,2,0,10,0
2011,July,7,42,Schenectady,14,30,19,26,37,3,11,11,2,4,21,1,3,19,17,22,16,2
2011,July,7,43,Schoharie,0,2,5,0,8,1,0,0,2,0,5,1,0,2,3,0,3,0
2011,July,7,44,Schuyler,1,6,4,0,12,6,1,3,1,0,7,3,0,3,3,0,5,3
2011,July,7,45,Seneca,0,2,3,0,5,1,0,1,1,0,0,1,0,1,2,0,5,0
2011,July,7,46,Steuben,10,33,15,11,53,0,5,10,8,2,21,0,5,23,7,9,32,0
2011,July,7,40,St. Lawrence,18,30,20,4,69,8,10,11,7,1,28,3,8,19,13,3,41,5
2011,July,7,47,Suffolk,91,214,108,153,754,29,39,78,28,10,180,3,52,136,80,143,574,26
2011,July,7,48,Sullivan,4,20,21,16,35,6,4,7,8,2,14,4,0,13,13,14,21,2
2011,July,7,49,Tioga,10,5,9,5,10,0,7,2,4,3,5,0,3,3,5,2,5,0
2011,July,7,50,Tompkins,9,24,13,7,41,4,2,8,2,1,13,1,7,16,11,6,28,3
2011,July,7,51,Ulster,12,51,57,37,113,14,3,12,15,4,42,6,9,39,42,33,71,8
2011,July,7,52,Warren,4,4,4,7,11,1,3,1,2,1,4,0,1,3,2,6,7,1
2011,July,7,53,Washington,6,3,4,3,9,2,4,0,0,2,4,0,2,3,4,1,5,2
2011,July,7,54,Wayne,4,13,12,0,17,2,4,4,6,0,7,1,0,9,6,0,10,1
2011,July,7,55,Westchester,48,127,117,115,531,21,17,49,28,17,205,2,31,78,89,98,326,19
2011,July,7,56,Wyoming,4,9,3,3,4,0,3,4,0,1,3,0,1,5,3,2,1,0
2011,July,7,57,Yates,4,4,4,2,4,2,2,1,1,0,0,1,2,3,3,2,4,1
2011,June,6,1,Albany,33,156,100,32,155,6,14,60,31,5,59,1,19,96,69,27,96,5
2011,June,6,2,Allegany,12,25,11,7,23,2,10,8,6,0,14,2,2,17,5,7,9,0
2011,June,6,3,Broome,36,174,102,76,340,22,26,55,37,10,109,6,10,119,65,66,231,16
2011,June,6,4,Cattaraugus,9,17,13,8,24,1,5,3,3,2,13,0,4,14,10,6,11,1
2011,June,6,5,Cayuga,14,33,8,7,24,2,7,12,2,0,10,1,7,21,6,7,14,1
2011,June,6,6,Chautauqua,21,102,46,6,136,10,13,40,23,3,69,7,8,62,23,3,67,3
2011,June,6,7,Chemung,17,22,19,16,47,3,12,6,7,5,26,2,5,16,12,11,21,1
2011,June,6,8,Chenango,8,28,5,1,23,4,3,15,4,1,15,1,5,13,1,0,8,3
2011,June,6,9,Clinton,9,41,32,19,65,29,6,16,7,4,34,7,3,25,25,15,31,22
2011,June,6,10,Columbia,13,27,22,5,26,5,4,9,6,2,4,2,9,18,16,3,22,3
2011,June,6,11,Cortland,11,36,15,4,39,3,5,10,7,1,11,1,6,26,8,3,28,2
2011,June,6,12,Delaware,2,18,6,2,28,2,1,7,5,1,17,1,1,11,1,1,11,1
2011,June,6,13,Dutchess,17,56,34,28,121,11,11,15,16,5,47,1,6,41,18,23,74,10
2011,June,6,14,Erie,251,423,179,185,672,54,81,156,70,28,209,21,170,267,109,157,463,33
2011,June,6,15,Essex,6,9,2,2,12,0,5,5,0,1,6,0,1,4,2,1,6,0
2011,June,6,16,Franklin,8,19,4,6,20,1,5,3,1,1,10,0,3,16,3,5,10,1
2011,June,6,17,Fulton,10,19,12,7,58,0,8,4,5,1,38,0,2,15,7,6,20,0
2011,June,6,18,Genesee,1,25,9,8,30,0,0,11,3,1,8,0,1,14,6,7,22,0
2011,June,6,19,Greene,11,39,22,10,33,2,3,10,8,4,12,0,8,29,14,6,21,2
2011,June,6,20,Hamilton,1,4,0,0,1,0,1,3,0,0,0,0,0,1,0,0,1,0
2011,June,6,21,Herkimer,10,25,4,18,37,3,4,8,2,1,16,1,6,17,2,17,21,2
2011,June,6,22,Jefferson,30,50,25,20,98,4,14,14,10,0,27,2,16,36,15,20,71,2
2011,June,6,23,Lewis,5,4,3,1,3,2,3,2,3,0,2,1,2,2,0,1,1,1
2011,June,6,24,Livingston,16,31,15,9,29,7,6,11,4,2,8,1,10,20,11,7,21,6
2011,June,6,25,Madison,3,11,10,1,13,2,2,5,6,1,9,0,1,6,4,0,4,2
2011,June,6,26,Monroe,58,482,128,106,823,39,30,152,32,9,314,16,28,330,96,97,509,23
2011,June,6,27,Montgomery,7,21,13,7,54,1,6,7,6,3,26,0,1,14,7,4,28,1
2011,June,6,28,Nassau,67,192,177,93,404,25,34,73,42,8,110,5,33,119,135,85,294,20
2011,June,6,66,New York City,551,3759,556,3925,6689,2040,320,981,175,773,2613,269,231,2778,381,3152,4076,1771
2011,June,6,29,Niagara,37,125,44,40,217,17,17,45,15,2,67,4,20,80,29,38,150,13
2011,June,6,30,Oneida,24,117,58,22,128,13,13,41,23,3,61,2,11,76,35,19,67,11
2011,June,6,31,Onondaga,42,182,55,117,460,15,24,63,29,20,214,5,18,119,26,97,246,10
2011,June,6,32,Ontario,11,36,25,25,48,6,7,11,10,3,18,2,4,25,15,22,30,4
2011,June,6,33,Orange,52,144,90,46,207,16,26,49,16,7,77,7,26,95,74,39,130,9
2011,June,6,34,Orleans,8,44,24,7,24,1,3,19,7,2,10,0,5,25,17,5,14,1
2011,June,6,35,Oswego,27,25,10,3,107,11,16,10,4,0,49,3,11,15,6,3,58,8
2011,June,6,36,Otsego,7,12,4,1,10,0,5,3,1,0,4,0,2,9,3,1,6,0
2011,June,6,37,Putnam,3,4,2,0,8,1,0,1,1,0,3,1,3,3,1,0,5,0
2011,June,6,38,Rensselaer,17,53,24,4,95,8,13,37,14,2,63,3,4,16,10,2,32,5
2011,June,6,39,Rockland,11,54,18,26,140,16,6,22,4,5,47,5,5,32,14,21,93,11
2011,June,6,41,Saratoga,6,10,10,1,22,0,2,1,4,0,6,0,4,9,6,1,16,0
2011,June,6,42,Schenectady,15,50,25,13,76,7,8,15,5,4,34,4,7,35,20,9,42,3
2011,June,6,43,Schoharie,3,6,3,4,4,2,3,1,0,3,1,1,0,5,3,1,3,1
2011,June,6,44,Schuyler,7,19,8,2,13,1,3,6,3,1,8,0,4,13,5,1,5,1
2011,June,6,45,Seneca,1,6,11,1,3,2,1,0,3,0,1,0,0,6,8,1,2,2
2011,June,6,46,Steuben,16,31,27,22,86,5,9,8,8,4,42,5,7,23,19,18,44,0
2011,June,6,40,St. Lawrence,31,41,26,13,94,11,19,20,14,0,43,4,12,21,12,13,51,7
2011,June,6,47,Suffolk,84,257,141,217,864,35,39,86,28,12,201,7,45,171,113,205,663,28
2011,June,6,48,Sullivan,18,33,33,19,61,4,9,16,9,1,28,0,9,17,24,18,33,4
2011,June,6,49,Tioga,8,12,14,1,8,2,5,5,3,0,6,0,3,7,11,1,2,2
2011,June,6,50,Tompkins,11,45,16,22,67,6,6,18,2,4,17,1,5,27,14,18,50,5
2011,June,6,51,Ulster,17,47,49,11,75,8,12,22,14,1,26,3,5,25,35,10,49,5
2011,June,6,52,Warren,6,14,12,6,12,1,4,5,3,1,3,0,2,9,9,5,9,1
2011,June,6,53,Washington,6,12,15,7,14,2,3,2,6,1,10,2,3,10,9,6,4,0
2011,June,6,54,Wayne,14,24,16,5,41,2,11,5,2,0,8,1,3,19,14,5,33,1
2011,June,6,55,Westchester,69,150,122,77,573,21,33,42,37,14,211,4,36,108,85,63,362,17
2011,June,6,56,Wyoming,5,17,9,2,6,1,2,5,2,0,3,0,3,12,7,2,3,1
2011,June,6,57,Yates,2,4,2,4,7,1,0,1,0,1,5,1,2,3,2,3,2,0
2011,May,5,1,Albany,12,48,56,31,89,6,1,15,14,3,23,0,11,33,42,28,66,6
2011,May,5,2,Allegany,3,6,3,7,3,0,1,4,1,0,3,0,2,2,2,7,0,0
2011,May,5,3,Broome,13,52,31,25,172,14,4,16,9,3,40,4,9,36,22,22,132,10
2011,May,5,4,Cattaraugus,2,3,1,1,9,1,0,0,1,0,2,0,2,3,0,1,7,1
2011,May,5,5,Cayuga,5,5,1,1,6,0,2,1,0,0,3,0,3,4,1,1,3,0
2011,May,5,6,Chautauqua,2,16,26,1,9,1,1,9,12,1,5,1,1,7,14,0,4,0
2011,May,5,7,Chemung,5,25,16,7,27,1,3,5,0,1,12,0,2,20,16,6,15,1
2011,May,5,8,Chenango,3,3,0,0,6,2,2,1,0,0,4,1,1,2,0,0,2,1
2011,May,5,9,Clinton,16,10,9,14,11,5,8,2,2,1,3,2,8,8,7,13,8,3
2011,May,5,10,Columbia,7,14,10,11,24,0,3,4,0,3,10,0,4,10,10,8,14,0
2011,May,5,11,Cortland,6,5,1,1,2,0,4,1,1,1,0,0,2,4,0,0,2,0
2011,May,5,12,Delaware,3,2,1,0,11,0,1,1,0,0,4,0,2,1,1,0,7,0
2011,May,5,13,Dutchess,3,27,11,19,71,4,1,10,4,1,23,2,2,17,7,18,48,2
2011,May,5,14,Erie,111,59,48,120,163,15,31,23,13,23,59,3,80,36,35,97,104,12
2011,May,5,15,Essex,0,3,1,0,6,0,0,2,0,0,3,0,0,1,1,0,3,0
2011,May,5,16,Franklin,3,1,2,8,6,0,0,1,1,2,1,0,3,0,1,6,5,0
2011,May,5,17,Fulton,5,8,0,1,20,2,2,2,0,1,9,1,3,6,0,0,11,1
2011,May,5,18,Genesee,0,2,1,3,3,2,0,2,0,0,0,1,0,0,1,3,3,1
2011,May,5,19,Greene,5,19,4,4,8,1,1,6,0,1,3,0,4,13,4,3,5,1
2011,May,5,20,Hamilton,0,0,0,0,0,0,0,0,0,0,0,0,0,0,0,0,0,0
2011,May,5,21,Herkimer,1,1,7,5,7,2,1,1,3,3,2,0,0,0,4,2,5,2
2011,May,5,22,Jefferson,19,16,14,8,55,4,9,2,5,1,12,1,10,14,9,7,43,3
2011,May,5,23,Lewis,0,2,0,1,1,0,0,1,0,1,0,0,0,1,0,0,1,0
2011,May,5,24,Livingston,5,9,5,7,12,1,2,3,0,0,4,0,3,6,5,7,8,1
2011,May,5,25,Madison,2,3,6,1,7,1,1,1,3,1,4,1,1,2,3,0,3,0
2011,May,5,26,Monroe,6,74,67,80,256,23,3,33,16,4,66,6,3,41,51,76,190,17
2011,May,5,27,Montgomery,2,13,3,6,16,2,0,8,2,3,4,1,2,5,1,3,12,1
2011,May,5,28,Nassau,71,176,126,86,439,26,37,59,30,7,110,10,34,117,96,79,329,16
2011,May,5,66,New York City,540,4417,571,4438,7597,1975,310,1248,178,678,3041,236,230,3169,393,3760,4556,1739
2011,May,5,29,Niagara,31,39,24,27,142,12,13,8,2,1,47,0,18,31,22,26,95,12
2011,May,5,30,Oneida,4,10,15,4,37,4,3,4,2,0,17,1,1,6,13,4,20,3
2011,May,5,31,Onondaga,26,99,46,62,328,8,16,40,21,16,153,5,10,59,25,46,175,3
2011,May,5,32,Ontario,5,17,3,12,18,1,1,4,0,2,6,1,4,13,3,10,12,0
2011,May,5,33,Orange,16,18,19,8,60,3,6,7,3,2,17,1,10,11,16,6,43,2
2011,May,5,34,Orleans,3,6,5,8,13,1,2,2,0,2,5,0,1,4,5,6,8,1
2011,May,5,35,Oswego,16,12,6,7,68,4,5,6,4,0,28,0,11,6,2,7,40,4
2011,May,5,36,Otsego,0,2,0,0,1,0,0,0,0,0,1,0,0,2,0,0,0,0
2011,May,5,37,Putnam,2,0,0,0,4,1,1,0,0,0,3,0,1,0,0,0,1,1
2011,May,5,38,Rensselaer,3,15,4,6,22,0,2,5,2,2,11,0,1,10,2,4,11,0
2011,May,5,39,Rockland,2,14,5,6,46,5,1,9,1,0,14,4,1,5,4,6,32,1
2011,May,5,41,Saratoga,6,2,2,1,12,0,3,0,1,0,6,0,3,2,1,1,6,0
2011,May,5,42,Schenectady,10,20,11,23,54,5,4,7,1,5,13,2,6,13,10,18,41,3
2011,May,5,43,Schoharie,3,1,0,1,2,0,1,0,0,0,0,0,2,1,0,1,2,0
2011,May,5,44,Schuyler,0,0,0,0,1,2,0,0,0,0,0,2,0,0,0,0,1,0
2011,May,5,45,Seneca,1,1,1,0,0,0,0,0,0,0,0,0,1,1,1,0,0,0
2011,May,5,46,Steuben,7,10,3,11,15,1,5,2,1,3,5,0,2,8,2,8,10,1
2011,May,5,40,St. Lawrence,4,10,4,1,31,0,1,3,1,0,4,0,3,7,3,1,27,0
2011,May,5,47,Suffolk,67,206,91,46,729,25,33,77,31,7,160,3,34,129,60,39,569,22
2011,May,5,48,Sullivan,4,13,14,12,24,1,2,8,5,5,3,0,2,5,9,7,21,1
2011,May,5,49,Tioga,2,4,7,2,4,0,0,0,2,1,2,0,2,4,5,1,2,0
2011,May,5,50,Tompkins,5,17,7,2,9,1,1,6,2,0,0,0,4,11,5,2,9,1
2011,May,5,51,Ulster,12,44,36,6,83,6,7,14,7,0,33,0,5,30,29,6,50,6
2011,May,5,52,Warren,3,5,6,9,4,0,0,0,2,0,0,0,3,5,4,9,4,0
2011,May,5,53,Washington,3,3,8,4,9,1,1,1,0,0,6,0,2,2,8,4,3,1
2011,May,5,54,Wayne,3,7,7,1,1,0,1,1,0,0,0,0,2,6,7,1,1,0
2011,May,5,55,Westchester,37,110,120,61,270,11,21,34,14,6,69,2,16,76,106,55,201,9
2011,May,5,56,Wyoming,3,0,1,2,4,0,2,0,0,0,2,0,1,0,1,2,2,0
2011,May,5,57,Yates,0,2,0,5,8,1,0,0,0,1,2,0,0,2,0,4,6,1
2011,April,4,1,Albany,28,76,65,32,153,7,13,28,27,2,47,2,15,48,38,30,106,5
2011,April,4,2,Allegany,3,10,14,4,12,2,1,1,7,0,4,0,2,9,7,4,8,2
2011,April,4,3,Broome,21,133,74,36,223,21,11,34,25,8,61,7,10,99,49,28,162,14
2011,April,4,4,Cattaraugus,10,17,2,4,14,3,6,3,0,2,5,2,4,14,2,2,9,1
2011,April,4,5,Cayuga,11,10,3,2,21,0,8,5,0,0,9,0,3,5,3,2,12,0
2011,April,4,6,Chautauqua,7,42,42,5,80,5,5,17,24,3,29,3,2,25,18,2,51,2
2011,April,4,7,Chemung,12,5,11,7,41,6,7,0,4,3,14,2,5,5,7,4,27,4
2011,April,4,8,Chenango,7,21,4,3,25,4,3,9,1,0,13,1,4,12,3,3,12,3
2011,April,4,9,Clinton,19,25,21,17,34,1,10,5,4,2,11,1,9,20,17,15,23,0
2011,April,4,10,Columbia,8,12,14,8,23,2,2,5,3,0,7,1,6,7,11,8,16,1
2011,April,4,11,Cortland,6,20,8,0,16,2,4,8,5,0,11,2,2,12,3,0,5,0
2011,April,4,12,Delaware,2,8,0,1,12,1,0,1,0,0,8,1,2,7,0,1,4,0
2011,April,4,13,Dutchess,11,40,30,27,118,6,3,11,8,4,46,1,8,29,22,23,72,5
2011,April,4,14,Erie,152,281,123,129,415,24,41,100,50,21,140,5,111,181,73,108,275,19
2011,April,4,15,Essex,0,6,3,1,6,2,0,3,2,0,2,0,0,3,1,1,4,2
2011,April,4,16,Franklin,3,5,5,19,10,2,2,2,0,2,2,0,1,3,5,17,8,2
2011,April,4,17,Fulton,8,18,7,12,33,1,3,3,3,7,15,0,5,15,4,5,18,1
2011,April,4,18,Genesee,4,14,3,7,11,4,1,6,2,2,4,2,3,8,1,5,7,2
2011,April,4,19,Greene,7,22,16,6,23,6,2,7,3,1,9,3,5,15,13,5,14,3
2011,April,4,20,Hamilton,2,1,0,0,0,0,1,0,0,0,0,0,1,1,0,0,0,0
2011,April,4,21,Herkimer,8,11,14,7,18,2,2,5,6,2,5,2,6,6,8,5,13,0
2011,April,4,22,Jefferson,26,37,6,10,56,5,12,10,3,0,15,1,14,27,3,10,41,4
2011,April,4,23,Lewis,1,2,0,0,2,0,1,2,0,0,1,0,0,0,0,0,1,0
2011,April,4,24,Livingston,20,18,15,12,22,8,9,3,6,1,7,2,11,15,9,11,15,6
2011,April,4,25,Madison,3,9,6,1,15,2,2,2,3,1,8,0,1,7,3,0,7,2
2011,April,4,26,Monroe,32,306,125,123,531,29,16,87,38,8,180,6,16,219,87,115,351,23
2011,April,4,27,Montgomery,7,16,10,7,21,3,5,5,0,0,9,1,2,11,10,7,12,2
2011,April,4,28,Nassau,63,180,125,91,473,24,27,67,38,11,122,5,36,113,87,80,351,19
2011,April,4,66,New York City,553,3144,519,3669,5475,2056,305,948,172,682,1924,232,248,2196,347,2987,3551,1824
2011,April,4,29,Niagara,31,69,40,35,212,20,13,26,10,5,54,3,18,43,30,30,158,17
2011,April,4,30,Oneida,13,59,24,16,92,10,6,22,10,5,28,2,7,37,14,11,64,8
2011,April,4,31,Onondaga,32,120,49,70,387,23,15,54,16,20,181,8,17,66,33,50,206,15
2011,April,4,32,Ontario,13,22,18,15,30,1,6,6,7,3,13,1,7,16,11,12,17,0
2011,April,4,33,Orange,36,73,83,21,136,9,20,29,14,2,48,1,16,44,69,19,88,8
2011,April,4,34,Orleans,9,29,13,4,21,1,5,13,4,1,6,0,4,16,9,3,15,1
2011,April,4,35,Oswego,22,17,10,7,103,5,13,4,2,0,40,2,9,13,8,7,63,3
2011,April,4,36,Otsego,3,6,2,1,11,2,3,1,1,0,5,1,0,5,1,1,6,1
2011,April,4,37,Putnam,0,2,1,1,4,0,0,0,1,0,0,0,0,2,0,1,4,0
2011,April,4,38,Rensselaer,15,33,17,6,60,4,12,21,8,5,46,2,3,12,9,1,14,2
2011,April,4,39,Rockland,11,31,12,4,49,11,3,12,2,0,22,5,8,19,10,4,27,6
2011,April,4,41,Saratoga,8,8,4,0,12,1,6,2,3,0,3,0,2,6,1,0,9,1
2011,April,4,42,Schenectady,13,37,13,34,45,7,4,12,3,3,6,6,9,25,10,31,39,1
2011,April,4,43,Schoharie,3,5,5,0,7,1,2,3,1,0,3,0,1,2,4,0,4,1
2011,April,4,44,Schuyler,0,8,3,0,2,2,0,4,3,0,1,0,0,4,0,0,1,2
2011,April,4,45,Seneca,3,0,5,1,2,1,2,0,2,0,1,0,1,0,3,1,1,1
2011,April,4,46,Steuben,13,16,16,15,66,1,8,6,4,4,22,1,5,10,12,11,44,0
2011,April,4,40,St. Lawrence,16,31,12,8,62,2,11,13,3,0,25,0,5,18,9,8,37,2
2011,April,4,47,Suffolk,81,215,114,133,788,36,37,60,35,9,187,9,44,155,79,124,601,27
2011,April,4,48,Sullivan,2,19,25,20,35,7,2,8,5,2,13,1,0,11,20,18,22,6
2011,April,4,49,Tioga,5,11,8,4,13,4,1,2,5,2,3,3,4,9,3,2,10,1
2011,April,4,50,Tompkins,8,26,7,17,39,4,2,6,1,1,13,1,6,20,6,16,26,3
2011,April,4,51,Ulster,17,42,37,8,64,3,9,17,10,2,19,2,8,25,27,6,45,1
2011,April,4,52,Warren,10,9,6,6,15,2,3,1,4,1,5,0,7,8,2,5,10,2
2011,April,4,53,Washington,7,5,13,2,11,1,1,3,1,0,2,0,6,2,12,2,9,1
2011,April,4,54,Wayne,2,16,6,0,11,0,2,6,1,0,5,0,0,10,5,0,6,0
2011,April,4,55,Westchester,46,143,121,80,443,20,22,49,16,11,120,4,24,94,105,69,323,16
2011,April,4,56,Wyoming,5,7,2,0,2,0,4,3,1,0,0,0,1,4,1,0,2,0
2011,April,4,57,Yates,1,3,0,1,4,2,0,0,0,0,1,1,1,3,0,1,3,1
2011,March,3,1,Albany,33,91,83,37,159,9,23,37,34,3,62,4,10,54,49,34,97,5
2011,March,3,2,Allegany,5,14,7,8,14,0,5,10,3,1,7,0,0,4,4,7,7,0
2011,March,3,3,Broome,34,81,74,54,272,12,16,24,19,5,76,4,18,57,55,49,196,8
2011,March,3,4,Cattaraugus,9,7,7,8,18,0,6,2,3,2,10,0,3,5,4,6,8,0
2011,March,3,5,Cayuga,11,12,5,6,20,2,7,4,3,2,9,0,4,8,2,4,11,2
2011,March,3,6,Chautauqua,21,56,48,4,65,10,12,20,27,2,31,5,9,36,21,2,34,5
2011,March,3,7,Chemung,11,17,19,5,36,5,5,3,1,0,14,3,6,14,18,5,22,2
2011,March,3,8,Chenango,5,12,2,3,16,2,3,3,2,1,6,0,2,9,0,2,10,2
2011,March,3,9,Clinton,18,24,16,20,43,9,10,12,4,4,16,4,8,12,12,16,27,5
2011,March,3,10,Columbia,8,15,5,2,22,3,3,4,3,0,7,1,5,11,2,2,15,2
2011,March,3,11,Cortland,3,19,6,2,18,1,2,5,4,0,6,1,1,14,2,2,12,0
2011,March,3,12,Delaware,1,5,5,2,20,0,1,2,4,0,9,0,0,3,1,2,11,0
2011,March,3,13,Dutchess,9,29,18,30,100,7,4,4,5,4,33,1,5,25,13,26,67,6
2011,March,3,14,Erie,231,238,115,169,357,40,59,93,30,25,136,12,172,145,85,144,221,28
2011,March,3,15,Essex,1,5,2,2,4,3,1,2,2,1,1,1,0,3,0,1,3,2
2011,March,3,16,Franklin,3,5,5,7,21,2,2,2,1,1,10,1,1,3,4,6,11,1
2011,March,3,17,Fulton,8,20,7,12,53,0,3,7,4,9,21,0,5,13,3,3,32,0
2011,March,3,18,Genesee,4,16,6,6,10,5,1,3,2,2,3,1,3,13,4,4,7,4
2011,March,3,19,Greene,10,22,10,11,22,4,4,5,1,1,5,2,6,17,9,10,17,2
2011,March,3,20,Hamilton,0,0,1,0,0,0,0,0,0,0,0,0,0,0,1,0,0,0
2011,March,3,21,Herkimer,7,9,5,8,20,6,5,3,1,0,12,2,2,6,4,8,8,4
2011,March,3,22,Jefferson,21,18,6,13,52,9,14,3,1,2,16,3,7,15,5,11,36,6
2011,March,3,23,Lewis,3,2,2,0,3,2,2,1,0,0,0,1,1,1,2,0,3,1
2011,March,3,24,Livingston,12,20,17,7,12,6,6,6,5,1,3,2,6,14,12,6,9,4
2011,March,3,25,Madison,4,6,5,2,16,3,2,2,2,1,11,0,2,4,3,1,5,3
2011,March,3,26,Monroe,37,277,113,134,475,27,20,62,31,9,189,10,17,215,82,125,286,17
2011,March,3,27,Montgomery,4,13,8,3,35,5,2,4,3,0,23,2,2,9,5,3,12,3
2011,March,3,28,Nassau,83,159,160,82,529,42,42,61,39,3,124,11,41,98,121,79,405,31
2011,March,3,66,New York City,634,3488,526,4149,7493,2792,376,1080,155,816,2916,548,258,2408,371,3333,4577,2244
2011,March,3,29,Niagara,40,49,31,23,197,20,17,19,5,5,67,3,23,30,26,18,130,17
2011,March,3,30,Oneida,14,44,41,10,56,4,10,19,19,2,24,1,4,25,22,8,32,3
2011,March,3,31,Onondaga,34,134,53,87,429,16,25,54,21,19,197,5,9,80,32,68,232,11
2011,March,3,32,Ontario,8,26,16,15,29,2,3,10,4,3,5,1,5,16,12,12,24,1
2011,March,3,33,Orange,35,49,71,21,120,16,14,16,12,2,48,7,21,33,59,19,72,9
2011,March,3,34,Orleans,5,15,11,5,37,4,2,7,6,2,12,2,3,8,5,3,25,2
2011,March,3,35,Oswego,24,10,14,11,118,5,8,4,3,2,42,0,16,6,11,9,76,5
2011,March,3,36,Otsego,2,5,3,0,9,0,2,2,2,0,3,0,0,3,1,0,6,0
2011,March,3,37,Putnam,0,2,1,0,3,1,0,1,0,0,0,0,0,1,1,0,3,1
2011,March,3,38,Rensselaer,4,28,22,2,60,10,3,20,16,2,46,5,1,8,6,0,14,5
2011,March,3,39,Rockland,15,33,10,14,69,14,8,10,4,2,24,4,7,23,6,12,45,10
2011,March,3,41,Saratoga,3,2,4,2,9,0,1,0,1,0,2,0,2,2,3,2,7,0
2011,March,3,42,Schenectady,8,41,20,15,41,6,3,12,6,2,18,2,5,29,14,13,23,4
2011,March,3,43,Schoharie,2,7,3,0,3,1,2,2,0,0,1,0,0,5,3,0,2,1
2011,March,3,44,Schuyler,2,9,1,1,6,0,1,3,0,0,2,0,1,6,1,1,4,0
2011,March,3,45,Seneca,2,3,1,0,3,0,2,0,1,0,1,0,0,3,0,0,2,0
2011,March,3,46,Steuben,14,15,11,26,55,2,6,5,4,5,27,2,8,10,7,21,28,0
2011,March,3,40,St. Lawrence,20,20,11,2,62,1,11,8,3,0,19,1,9,12,8,2,43,0
2011,March,3,47,Suffolk,88,204,104,126,722,30,37,71,34,9,155,5,51,133,70,117,567,25
2011,March,3,48,Sullivan,3,5,20,13,50,4,2,1,8,3,30,2,1,4,12,10,20,2
2011,March,3,49,Tioga,5,4,13,7,5,1,4,1,6,1,2,0,1,3,7,6,3,1
2011,March,3,50,Tompkins,10,21,3,10,47,5,3,3,3,4,12,1,7,18,0,6,35,4
2011,March,3,51,Ulster,19,45,35,11,85,13,13,21,7,4,36,4,6,24,28,7,49,9
2011,March,3,52,Warren,6,8,9,8,9,1,3,2,2,1,0,0,3,6,7,7,9,1
2011,March,3,53,Washington,3,5,10,8,11,2,3,2,3,1,5,1,0,3,7,7,6,1
2011,March,3,54,Wayne,7,14,14,1,19,0,5,1,6,0,10,0,2,13,8,1,9,0
2011,March,3,55,Westchester,32,110,123,52,415,18,17,35,25,5,145,8,15,75,98,47,270,10
2011,March,3,56,Wyoming,7,6,2,2,7,1,1,2,1,0,2,0,6,4,1,2,5,1
2011,March,3,57,Yates,3,0,2,1,7,1,1,0,1,0,4,1,2,0,1,1,3,0
2011,February,2,1,Albany,28,82,77,22,153,3,14,44,24,2,61,2,14,38,53,20,92,1
2011,February,2,2,Allegany,7,12,7,6,12,0,5,6,2,1,7,0,2,6,5,5,5,0
2011,February,2,3,Broome,26,96,70,65,157,14,16,32,14,10,60,4,10,64,56,55,97,10
2011,February,2,4,Cattaraugus,3,12,2,6,28,1,2,2,1,0,10,0,1,10,1,6,18,1
2011,February,2,5,Cayuga,7,9,4,4,6,3,4,4,3,1,2,1,3,5,1,3,4,2
2011,February,2,6,Chautauqua,14,31,27,2,65,12,8,17,15,1,28,5,6,14,12,1,37,7
2011,February,2,7,Chemung,10,12,13,7,44,2,8,4,7,4,17,1,2,8,6,3,27,1
2011,February,2,8,Chenango,1,3,0,3,10,4,1,1,0,2,5,0,0,2,0,1,5,4
2011,February,2,9,Clinton,10,28,14,13,36,7,5,9,8,1,11,2,5,19,6,12,25,5
2011,February,2,10,Columbia,2,14,9,8,26,1,1,2,1,0,11,1,1,12,8,8,15,0
2011,February,2,11,Cortland,5,16,5,3,13,2,4,6,2,0,2,0,1,10,3,3,11,2
2011,February,2,12,Delaware,2,4,5,0,14,0,2,2,2,0,5,0,0,2,3,0,9,0
2011,February,2,13,Dutchess,8,24,17,16,106,3,4,9,7,4,46,1,4,15,10,12,60,2
2011,February,2,14,Erie,201,238,121,138,361,21,62,90,43,25,134,8,139,148,78,113,227,13
2011,February,2,15,Essex,3,0,1,0,12,0,3,0,0,0,7,0,0,0,1,0,5,0
2011,February,2,16,Franklin,3,5,7,11,24,0,2,1,0,1,7,0,1,4,7,10,17,0
2011,February,2,17,Fulton,13,10,3,8,59,3,7,1,0,5,22,1,6,9,3,3,37,2
2011,February,2,18,Genesee,3,8,5,9,14,3,2,3,3,0,5,0,1,5,2,9,9,3
2011,February,2,19,Greene,5,31,9,12,20,3,2,8,3,0,5,1,3,23,6,12,15,2
2011,February,2,20,Hamilton,1,0,1,0,1,0,0,0,1,0,1,0,1,0,0,0,0,0
2011,February,2,21,Herkimer,7,4,3,6,20,0,6,2,1,1,9,0,1,2,2,5,11,0
2011,February,2,22,Jefferson,24,22,10,9,50,8,12,8,3,1,12,2,12,14,7,8,38,6
2011,February,2,23,Lewis,3,1,0,0,1,0,2,0,0,0,1,0,1,1,0,0,0,0
2011,February,2,24,Livingston,4,11,10,8,13,3,3,5,1,0,3,0,1,6,9,8,10,3
2011,February,2,25,Madison,6,11,3,0,11,3,5,6,1,0,7,0,1,5,2,0,4,3
2011,February,2,26,Monroe,29,219,83,127,490,23,16,58,16,8,169,5,13,161,67,119,321,18
2011,February,2,27,Montgomery,2,16,4,7,26,8,2,2,2,2,13,5,0,14,2,5,13,3
2011,February,2,28,Nassau,63,183,138,98,528,30,32,60,30,10,163,6,31,123,108,88,365,24
2011,February,2,66,New York City,526,3048,473,3979,5918,2037,317,1045,151,689,2212,309,209,2003,322,3290,3706,1728
2011,February,2,29,Niagara,28,58,15,32,186,12,9,25,4,2,69,3,19,33,11,30,117,9
2011,February,2,30,Oneida,10,48,26,13,60,5,8,15,14,3,33,0,2,33,12,10,27,5
2011,February,2,31,Onondaga,33,95,52,95,386,16,22,32,20,20,197,3,11,63,32,75,189,13
2011,February,2,32,Ontario,9,19,18,15,28,6,3,9,5,2,11,3,6,10,13,13,17,3
2011,February,2,33,Orange,24,52,49,16,128,15,9,21,13,6,62,8,15,31,36,10,66,7
2011,February,2,34,Orleans,6,18,19,9,31,5,4,7,2,3,8,2,2,11,17,6,23,3
2011,February,2,35,Oswego,17,12,15,4,90,2,8,4,5,0,34,2,9,8,10,4,56,0
2011,February,2,36,Otsego,3,3,3,2,11,0,2,2,1,0,6,0,1,1,2,2,5,0
2011,February,2,37,Putnam,1,5,0,0,3,4,0,2,0,0,1,3,1,3,0,0,2,1
2011,February,2,38,Rensselaer,9,33,18,5,96,3,7,16,12,2,73,1,2,17,6,3,23,2
2011,February,2,39,Rockland,9,13,9,5,66,5,6,6,4,1,26,1,3,7,5,4,40,4
2011,February,2,41,Saratoga,2,5,2,1,12,1,2,0,0,0,3,1,0,5,2,1,9,0
2011,February,2,42,Schenectady,15,43,25,10,87,7,5,15,8,3,34,2,10,28,17,7,53,5
2011,February,2,43,Schoharie,2,6,3,1,4,2,2,1,0,0,1,1,0,5,3,1,3,1
2011,February,2,44,Schuyler,6,3,2,0,5,0,3,2,1,0,5,0,3,1,1,0,0,0
2011,February,2,45,Seneca,5,4,0,0,3,2,4,0,0,0,1,1,1,4,0,0,2,1
2011,February,2,46,Steuben,9,22,13,15,39,2,6,6,5,8,21,0,3,16,8,7,18,2
2011,February,2,40,St. Lawrence,14,24,13,4,63,2,9,10,5,2,33,2,5,14,8,2,30,0
2011,February,2,47,Suffolk,89,164,88,117,712,38,36,53,33,7,188,4,53,111,55,110,524,34
2011,February,2,48,Sullivan,4,18,25,10,20,5,2,8,6,2,10,1,2,10,19,8,10,4
2011,February,2,49,Tioga,9,6,10,4,4,2,7,2,5,1,2,1,2,4,5,3,2,1
2011,February,2,50,Tompkins,8,27,5,6,24,5,2,7,1,2,12,0,6,20,4,4,12,5
2011,February,2,51,Ulster,15,36,41,4,94,11,13,10,8,0,32,5,2,26,33,4,62,6
2011,February,2,52,Warren,7,13,8,7,14,2,6,4,0,3,3,0,1,9,8,4,11,2
2011,February,2,53,Washington,2,2,6,3,15,4,2,2,3,0,3,0,0,0,3,3,12,4
2011,February,2,54,Wayne,1,12,13,2,20,0,0,0,7,0,5,0,1,12,6,2,15,0
2011,February,2,55,Westchester,33,137,122,52,423,20,14,39,26,8,136,2,19,98,96,44,287,18
2011,February,2,56,Wyoming,5,7,3,1,2,1,5,2,1,0,1,0,0,5,2,1,1,1
2011,February,2,57,Yates,3,1,3,2,4,0,0,0,1,0,0,0,3,1,2,2,4,0
2011,January,1,1,Albany,33,82,64,51,121,5,21,22,19,7,42,2,12,60,45,44,79,3
2011,January,1,2,Allegany,7,10,3,4,5,0,3,6,0,0,3,0,4,4,3,4,2,0
2011,January,1,3,Broome,31,91,76,42,182,17,18,27,22,4,59,6,13,64,54,38,123,11
2011,January,1,4,Cattaraugus,10,7,2,3,19,1,4,1,0,0,7,0,6,6,2,3,12,1
2011,January,1,5,Cayuga,9,10,3,6,10,0,8,4,1,0,5,0,1,6,2,6,5,0
2011,January,1,6,Chautauqua,14,63,47,6,88,13,9,21,23,2,33,5,5,42,24,4,55,8
2011,January,1,7,Chemung,8,16,14,1,31,3,3,4,0,0,8,0,5,12,14,1,23,3
2011,January,1,8,Chenango,9,12,4,0,13,0,3,6,2,0,3,0,6,6,2,0,10,0
2011,January,1,9,Clinton,15,23,12,14,34,9,7,5,2,1,12,3,8,18,10,13,22,6
2011,January,1,10,Columbia,6,10,9,3,17,0,2,3,4,0,7,0,4,7,5,3,10,0
2011,January,1,11,Cortland,1,14,6,0,12,4,0,6,3,0,3,1,1,8,3,0,9,3
2011,January,1,12,Delaware,2,6,2,3,23,0,0,4,1,0,16,0,2,2,1,3,7,0
2011,January,1,13,Dutchess,16,36,19,12,119,4,3,13,4,0,44,0,13,23,15,12,75,4
2011,January,1,14,Erie,223,243,108,159,348,30,67,93,39,30,124,14,156,150,69,129,224,16
2011,January,1,15,Essex,1,4,1,2,4,0,0,2,0,1,2,0,1,2,1,1,2,0
2011,January,1,16,Franklin,5,12,5,9,12,0,2,2,1,2,3,0,3,10,4,7,9,0
2011,January,1,17,Fulton,10,14,8,9,29,0,3,3,1,2,9,0,7,11,7,7,20,0
2011,January,1,18,Genesee,2,10,1,8,11,2,1,1,0,1,7,1,1,9,1,7,4,1
2011,January,1,19,Greene,10,21,13,4,20,3,4,8,4,0,1,0,6,13,9,4,19,3
2011,January,1,20,Hamilton,0,0,0,0,2,0,0,0,0,0,1,0,0,0,0,0,1,0
2011,January,1,21,Herkimer,5,12,3,9,32,6,1,4,2,2,14,3,4,8,1,7,18,3
2011,January,1,22,Jefferson,20,18,15,7,50,4,9,4,3,1,12,1,11,14,12,6,38,3
2011,January,1,23,Lewis,0,1,1,0,2,0,0,1,0,0,0,0,0,0,1,0,2,0
2011,January,1,24,Livingston,12,19,16,5,12,3,6,5,2,2,3,0,6,14,14,3,9,3
2011,January,1,25,Madison,6,5,3,1,10,0,2,0,2,1,7,0,4,5,1,0,3,0
2011,January,1,26,Monroe,28,229,81,92,425,27,11,59,28,7,132,11,17,170,53,85,293,16
2011,January,1,27,Montgomery,9,8,10,4,33,0,3,2,3,0,18,0,6,6,7,4,15,0
2011,January,1,28,Nassau,61,193,149,57,350,57,31,82,36,9,95,10,30,111,113,48,255,47
2011,January,1,66,New York City,458,3259,512,3769,7322,1763,263,1083,153,796,3019,187,195,2176,359,2973,4303,1576
2011,January,1,29,Niagara,31,36,25,26,158,14,13,19,6,1,65,2,18,17,19,25,93,12
2011,January,1,30,Oneida,7,40,23,12,55,4,2,13,9,4,21,3,5,27,14,8,34,1
2011,January,1,31,Onondaga,26,125,41,66,294,17,14,57,12,14,144,6,12,68,29,52,150,11
2011,January,1,32,Ontario,12,18,8,12,45,6,6,5,1,2,13,5,6,13,7,10,32,1
2011,January,1,33,Orange,21,51,53,16,118,12,5,15,17,3,49,6,16,36,36,13,69,6
2011,January,1,34,Orleans,7,17,11,2,27,1,2,3,2,0,11,0,5,14,9,2,16,1
2011,January,1,35,Oswego,18,14,11,3,77,3,10,6,8,2,33,1,8,8,3,1,44,2
2011,January,1,36,Otsego,2,5,5,1,2,1,1,2,2,0,1,1,1,3,3,1,1,0
2011,January,1,37,Putnam,0,3,0,0,4,0,0,0,0,0,1,0,0,3,0,0,3,0
2011,January,1,38,Rensselaer,16,37,22,4,71,6,12,23,15,4,46,1,4,14,7,0,25,5
2011,January,1,39,Rockland,9,22,17,6,47,4,4,10,4,0,19,2,5,12,13,6,28,2
2011,January,1,41,Saratoga,4,3,5,0,8,0,2,1,2,0,6,0,2,2,3,0,2,0
2011,January,1,42,Schenectady,8,40,20,16,60,4,2,13,4,2,19,2,6,27,16,14,41,2
2011,January,1,43,Schoharie,1,3,3,0,4,1,1,0,2,0,2,0,0,3,1,0,2,1
2011,January,1,44,Schuyler,1,1,7,1,9,3,1,1,2,0,3,1,0,0,5,1,6,2
2011,January,1,45,Seneca,1,5,7,0,1,0,0,1,2,0,0,0,1,4,5,0,1,0
2011,January,1,46,Steuben,9,25,14,18,38,0,5,8,6,3,18,0,4,17,8,15,20,0
2011,January,1,40,St. Lawrence,17,21,15,2,53,5,10,5,7,1,22,2,7,16,8,1,31,3
2011,January,1,47,Suffolk,79,175,105,137,845,36,37,54,32,10,199,4,42,121,73,127,646,32
2011,January,1,48,Sullivan,6,19,25,10,37,2,2,12,6,3,18,1,4,7,19,7,19,1
2011,January,1,49,Tioga,4,10,9,0,14,0,1,5,4,0,7,0,3,5,5,0,7,0
2011,January,1,50,Tompkins,6,14,6,12,45,8,2,3,2,1,17,2,4,11,4,11,28,6
2011,January,1,51,Ulster,14,38,25,5,64,8,7,15,7,2,19,2,7,23,18,3,45,6
2011,January,1,52,Warren,3,5,4,8,10,0,1,2,1,0,3,0,2,3,3,8,7,0
2011,January,1,53,Washington,2,12,10,3,13,0,0,0,4,0,7,0,2,12,6,3,6,0
2011,January,1,54,Wayne,4,10,10,1,20,2,1,1,2,0,8,0,3,9,8,1,12,2
2011,January,1,55,Westchester,24,119,74,45,410,10,17,27,17,8,148,4,7,92,57,37,262,6
2011,January,1,56,Wyoming,3,6,3,2,5,1,3,2,1,0,3,1,0,4,2,2,2,0
2011,January,1,57,Yates,5,5,2,3,7,1,2,2,2,0,1,1,3,3,0,3,6,0
2010,December,12,1,Albany,23,75,80,52,122,12,16,33,34,11,39,5,7,42,46,41,83,7
2010,December,12,2,Allegany,6,19,6,3,11,1,4,6,2,1,6,1,2,13,4,2,5,0
2010,December,12,3,Broome,28,99,66,48,167,12,16,38,19,5,65,5,12,61,47,43,102,7
2010,December,12,4,Cattaraugus,11,13,12,2,15,2,6,6,4,0,6,0,5,7,8,2,9,2
2010,December,12,5,Cayuga,4,7,7,4,9,2,3,6,2,2,8,1,1,1,5,2,1,1
2010,December,12,6,Chautauqua,12,46,38,6,79,10,8,19,10,3,44,6,4,27,28,3,35,4
2010,December,12,7,Chemung,6,21,10,6,40,3,6,6,6,1,19,0,0,15,4,5,21,3
2010,December,12,8,Chenango,3,6,5,1,19,1,2,2,2,0,14,0,1,4,3,1,5,1
2010,December,12,9,Clinton,15,30,19,13,49,5,6,13,4,2,17,1,9,17,15,11,32,4
2010,December,12,10,Columbia,3,9,8,3,11,1,2,1,2,0,4,0,1,8,6,3,7,1
2010,December,12,11,Cortland,6,19,9,2,13,4,4,8,4,0,6,1,2,11,5,2,7,3
2010,December,12,12,Delaware,4,15,3,3,5,3,4,4,1,0,3,1,0,11,2,3,2,2
2010,December,12,13,Dutchess,10,45,22,19,93,6,3,13,4,4,32,4,7,32,18,15,61,2
2010,December,12,14,Erie,180,231,92,174,319,26,54,85,33,35,105,8,126,146,59,139,214,18
2010,December,12,15,Essex,2,6,1,1,11,0,2,2,0,0,3,0,0,4,1,1,8,0
2010,December,12,16,Franklin,8,11,3,7,14,0,2,6,1,1,6,0,6,5,2,6,8,0
2010,December,12,17,Fulton,7,8,4,3,35,0,2,4,3,1,20,0,5,4,1,2,15,0
2010,December,12,18,Genesee,3,15,2,6,21,2,1,5,1,2,9,1,2,10,1,4,12,1
2010,December,12,19,Greene,5,21,13,6,8,1,3,7,4,2,0,0,2,14,9,4,8,1
2010,December,12,20,Hamilton,0,0,1,0,0,0,0,0,0,0,0,0,0,0,1,0,0,0
2010,December,12,21,Herkimer,9,16,10,7,34,6,5,6,4,2,15,1,4,10,6,5,19,5
2010,December,12,22,Jefferson,24,17,7,3,43,10,13,5,1,2,12,2,11,12,6,1,31,8
2010,December,12,23,Lewis,1,2,1,0,3,1,0,1,1,0,2,1,1,1,0,0,1,0
2010,December,12,24,Livingston,4,15,11,4,18,4,2,6,3,0,6,0,2,9,8,4,12,4
2010,December,12,25,Madison,3,2,3,1,15,1,1,2,3,0,13,1,2,0,0,1,2,0
2010,December,12,26,Monroe,22,242,68,61,417,30,13,70,23,2,128,9,9,172,45,59,289,21
2010,December,12,27,Montgomery,6,19,10,5,16,4,3,5,3,2,10,3,3,14,7,3,6,1
2010,December,12,28,Nassau,56,178,130,74,434,17,32,78,20,4,93,4,24,100,110,70,341,13
2010,December,12,66,New York City,433,3138,461,3826,5525,2263,235,1165,138,816,2055,229,198,1973,323,3010,3470,2034
2010,December,12,29,Niagara,23,58,23,27,161,8,7,23,10,2,50,2,16,35,13,25,111,6
2010,December,12,30,Oneida,8,30,23,9,51,9,7,12,13,2,22,3,1,18,10,7,29,6
2010,December,12,31,Onondaga,23,127,45,73,358,27,17,55,21,13,180,9,6,72,24,60,178,18
2010,December,12,32,Ontario,15,20,13,16,43,4,10,8,6,0,18,3,5,12,7,16,25,1
2010,December,12,33,Orange,19,85,61,14,149,4,11,35,17,3,51,2,8,50,44,11,98,2
2010,December,12,34,Orleans,3,14,11,10,26,3,3,6,3,3,9,1,0,8,8,7,17,2
2010,December,12,35,Oswego,9,11,4,12,85,5,4,5,0,5,42,3,5,6,4,7,43,2
2010,December,12,36,Otsego,3,3,3,1,7,0,1,1,0,0,1,0,2,2,3,1,6,0
2010,December,12,37,Putnam,0,1,2,0,5,0,0,1,0,0,0,0,0,0,2,0,5,0
2010,December,12,38,Rensselaer,16,31,27,6,63,1,12,23,17,0,39,0,4,8,10,6,24,1
2010,December,12,39,Rockland,4,35,12,13,77,8,2,11,3,2,29,3,2,24,9,11,48,5
2010,December,12,41,Saratoga,6,5,5,0,11,1,3,2,2,0,3,0,3,3,3,0,8,1
2010,December,12,42,Schenectady,9,26,15,30,56,4,7,11,5,6,24,2,2,15,10,24,32,2
2010,December,12,43,Schoharie,1,5,3,0,2,1,1,2,1,0,1,0,0,3,2,0,1,1
2010,December,12,44,Schuyler,1,8,6,2,8,0,1,3,4,2,3,0,0,5,2,0,5,0
2010,December,12,45,Seneca,1,2,0,0,3,2,0,0,0,0,0,1,1,2,0,0,3,1
2010,December,12,46,Steuben,13,18,9,16,48,1,8,10,3,2,19,0,5,8,6,14,29,1
2010,December,12,40,St. Lawrence,13,41,12,8,62,8,6,14,6,1,30,3,7,27,6,7,32,5
2010,December,12,47,Suffolk,80,205,90,158,733,27,37,67,29,3,159,5,43,138,61,155,574,22
2010,December,12,48,Sullivan,4,17,10,15,37,2,1,6,3,4,13,0,3,11,7,11,24,2
2010,December,12,49,Tioga,9,6,8,0,13,1,8,3,4,0,6,1,1,3,4,0,7,0
2010,December,12,50,Tompkins,9,24,16,17,31,1,5,8,2,1,10,0,4,16,14,16,21,1
2010,December,12,51,Ulster,18,55,38,5,88,12,9,16,13,2,36,5,9,39,25,3,52,7
2010,December,12,52,Warren,7,9,3,9,17,0,5,3,0,1,11,0,2,6,3,8,6,0
2010,December,12,53,Washington,4,11,12,7,7,0,4,3,1,2,2,0,0,8,11,5,5,0
2010,December,12,54,Wayne,7,18,6,4,20,0,5,9,2,0,6,0,2,9,4,4,14,0
2010,December,12,55,Westchester,31,157,77,56,430,11,14,55,17,10,162,3,17,102,60,46,268,8
2010,December,12,56,Wyoming,5,5,3,1,5,2,4,1,1,1,1,1,1,4,2,0,4,1
2010,December,12,57,Yates,4,3,2,6,9,0,0,0,1,3,3,0,4,3,1,3,6,0
2010,November,11,1,Albany,25,96,85,34,137,3,17,28,32,2,49,0,8,68,53,32,88,3
2010,November,11,2,Allegany,4,10,4,2,17,3,4,3,3,0,8,1,0,7,1,2,9,2
2010,November,11,3,Broome,20,112,44,48,180,14,12,40,10,3,63,4,8,72,34,45,117,10
2010,November,11,4,Cattaraugus,10,8,7,8,14,2,4,1,1,1,2,0,6,7,6,7,12,2
2010,November,11,5,Cayuga,6,9,1,6,11,1,5,3,1,1,2,0,1,6,0,5,9,1
2010,November,11,6,Chautauqua,12,37,24,0,76,6,6,13,11,0,35,5,6,24,13,0,41,1
2010,November,11,7,Chemung,12,17,4,3,42,2,7,10,3,1,19,1,5,7,1,2,23,1
2010,November,11,8,Chenango,4,8,7,0,25,0,3,4,6,0,15,0,1,4,1,0,10,0
2010,November,11,9,Clinton,9,36,13,22,40,4,5,9,2,5,20,1,4,27,11,17,20,3
2010,November,11,10,Columbia,6,17,10,1,19,0,2,3,2,0,9,0,4,14,8,1,10,0
2010,November,11,11,Cortland,6,16,10,0,12,3,2,4,4,0,4,1,4,12,6,0,8,2
2010,November,11,12,Delaware,1,6,3,1,9,1,1,1,2,0,6,1,0,5,1,1,3,0
2010,November,11,13,Dutchess,14,49,18,15,86,1,3,12,10,2,30,0,11,37,8,13,56,1
2010,November,11,14,Erie,193,282,88,163,352,34,71,93,35,36,123,16,122,189,53,127,229,18
2010,November,11,15,Essex,0,3,1,0,3,0,0,1,0,0,1,0,0,2,1,0,2,0
2010,November,11,16,Franklin,5,12,3,11,10,0,2,7,1,3,4,0,3,5,2,8,6,0
2010,November,11,17,Fulton,10,19,4,7,51,0,2,9,3,0,26,0,8,10,1,7,25,0
2010,November,11,18,Genesee,10,14,4,6,10,2,6,7,2,0,4,0,4,7,2,6,6,2
2010,November,11,19,Greene,6,19,5,4,16,3,1,4,2,1,4,2,5,15,3,3,12,1
2010,November,11,20,Hamilton,0,0,0,1,0,0,0,0,0,0,0,0,0,0,0,1,0,0
2010,November,11,21,Herkimer,10,9,1,15,28,2,6,6,1,3,15,0,4,3,0,12,13,2
2010,November,11,22,Jefferson,28,25,11,5,40,4,14,5,2,0,13,1,14,20,9,5,27,3
2010,November,11,23,Lewis,3,0,0,0,4,1,1,0,0,0,3,0,2,0,0,0,1,1
2010,November,11,24,Livingston,10,16,19,2,12,4,3,6,3,0,6,0,7,10,16,2,6,4
2010,November,11,25,Madison,1,2,10,1,13,0,1,1,4,1,8,0,0,1,6,0,5,0
2010,November,11,26,Monroe,20,261,77,42,434,28,9,84,24,6,154,8,11,177,53,36,280,20
2010,November,11,27,Montgomery,4,18,10,2,31,1,2,6,5,0,16,1,2,12,5,2,15,0
2010,November,11,28,Nassau,42,188,112,91,354,27,27,71,16,13,85,5,15,117,96,78,269,22
2010,November,11,66,New York City,468,4256,537,4105,7314,2299,297,1513,148,833,2982,231,171,2743,389,3272,4332,2068
2010,November,11,29,Niagara,36,68,17,32,169,10,17,31,5,5,55,2,19,37,12,27,114,8
2010,November,11,30,Oneida,4,53,18,10,83,12,4,21,10,3,42,3,0,32,8,7,41,9
2010,November,11,31,Onondaga,18,148,58,77,341,13,11,65,27,15,175,4,7,83,31,62,166,9
2010,November,11,32,Ontario,16,24,14,16,34,7,7,12,6,2,16,4,9,12,8,14,18,3
2010,November,11,33,Orange,36,62,60,28,137,10,17,20,20,3,59,4,19,42,40,25,78,6
2010,November,11,34,Orleans,6,24,11,6,27,1,2,9,2,2,10,0,4,15,9,4,17,1
2010,November,11,35,Oswego,28,19,6,11,106,5,14,8,1,4,42,1,14,11,5,7,64,4
2010,November,11,36,Otsego,1,6,1,0,3,2,0,1,0,0,2,1,1,5,1,0,1,1
2010,November,11,37,Putnam,1,1,2,0,5,1,0,0,0,0,2,0,1,1,2,0,3,1
2010,November,11,38,Rensselaer,12,33,27,3,59,6,9,18,19,3,33,4,3,15,8,0,26,2
2010,November,11,39,Rockland,9,32,11,15,44,8,6,6,5,1,20,3,3,26,6,14,24,5
2010,November,11,41,Saratoga,6,4,1,0,6,0,6,0,0,0,2,0,0,4,1,0,4,0
2010,November,11,42,Schenectady,11,27,21,27,52,7,6,11,11,2,16,3,5,16,10,25,36,4
2010,November,11,43,Schoharie,1,3,1,1,7,0,1,3,1,0,2,0,0,0,0,1,5,0
2010,November,11,44,Schuyler,2,6,1,3,7,1,2,0,1,1,5,0,0,6,0,2,2,1
2010,November,11,45,Seneca,2,1,2,2,2,1,2,1,0,0,0,1,0,0,2,2,2,0
2010,November,11,46,Steuben,10,18,20,13,33,3,5,5,7,3,12,0,5,13,13,10,21,3
2010,November,11,40,St. Lawrence,9,18,13,7,59,4,5,7,7,2,26,2,4,11,6,5,33,2
2010,November,11,47,Suffolk,71,170,88,129,573,27,31,59,20,15,118,4,40,111,68,114,455,23
2010,November,11,48,Sullivan,2,17,18,10,28,2,2,3,8,3,9,1,0,14,10,7,19,1
2010,November,11,49,Tioga,4,7,9,1,12,2,4,3,3,1,7,1,0,4,6,0,5,1
2010,November,11,50,Tompkins,13,27,8,13,21,5,5,11,3,1,6,0,8,16,5,12,15,5
2010,November,11,51,Ulster,19,53,43,3,98,9,11,20,12,1,33,4,8,33,31,2,65,5
2010,November,11,52,Warren,7,13,8,7,13,4,2,2,3,2,4,1,5,11,5,5,9,3
2010,November,11,53,Washington,3,10,13,9,14,0,3,6,4,2,7,0,0,4,9,7,7,0
2010,November,11,54,Wayne,6,11,6,1,14,0,6,5,1,0,3,0,0,6,5,1,11,0
2010,November,11,55,Westchester,19,145,93,58,428,13,7,55,17,14,159,3,12,90,76,44,269,10
2010,November,11,56,Wyoming,2,4,3,0,2,1,1,1,3,0,2,0,1,3,0,0,0,1
2010,November,11,57,Yates,0,0,1,3,2,0,0,0,0,0,1,0,0,0,1,3,1,0
2010,October,10,1,Albany,21,109,55,49,162,9,11,55,20,11,48,3,10,54,35,38,114,6
2010,October,10,2,Allegany,4,16,6,6,11,0,3,9,3,0,5,0,1,7,3,6,6,0
2010,October,10,3,Broome,39,109,72,44,175,15,21,50,24,10,63,7,18,59,48,34,112,8
2010,October,10,4,Cattaraugus,7,12,6,7,18,1,4,1,1,1,5,1,3,11,5,6,13,0
2010,October,10,5,Cayuga,5,18,11,7,6,0,3,7,4,1,3,0,2,11,7,6,3,0
2010,October,10,6,Chautauqua,18,48,26,10,94,7,10,18,9,4,42,4,8,30,17,6,52,3
2010,October,10,7,Chemung,5,22,16,1,31,4,5,4,3,0,12,2,0,18,13,1,19,2
2010,October,10,8,Chenango,9,11,7,3,18,2,5,5,4,1,9,0,4,6,3,2,9,2
2010,October,10,9,Clinton,10,34,14,19,41,8,5,16,1,2,14,4,5,18,13,17,27,4
2010,October,10,10,Columbia,1,11,3,4,15,0,1,2,2,0,0,0,0,9,1,4,15,0
2010,October,10,11,Cortland,8,28,3,1,16,6,4,10,0,0,8,2,4,18,3,1,8,4
2010,October,10,12,Delaware,3,12,8,4,10,0,2,4,1,0,4,0,1,8,7,4,6,0
2010,October,10,13,Dutchess,15,49,27,31,120,7,9,16,10,1,39,3,6,33,17,30,81,4
2010,October,10,14,Erie,181,288,119,215,390,35,69,128,37,47,136,11,112,160,82,168,254,24
2010,October,10,15,Essex,4,3,2,1,9,0,4,1,2,0,3,0,0,2,0,1,6,0
2010,October,10,16,Franklin,7,7,5,7,12,1,4,1,2,0,5,1,3,6,3,7,7,0
2010,October,10,17,Fulton,9,15,5,3,59,2,6,5,1,2,34,1,3,10,4,1,25,1
2010,October,10,18,Genesee,6,10,4,2,16,1,5,4,1,0,4,0,1,6,3,2,12,1
2010,October,10,19,Greene,9,22,14,6,16,4,2,9,2,0,6,1,7,13,12,6,10,3
2010,October,10,20,Hamilton,0,0,0,0,0,0,0,0,0,0,0,0,0,0,0,0,0,0
2010,October,10,21,Herkimer,6,10,7,14,22,1,4,4,4,4,13,0,2,6,3,10,9,1
2010,October,10,22,Jefferson,14,23,6,6,43,4,6,6,2,0,15,1,8,17,4,6,28,3
2010,October,10,23,Lewis,0,2,3,1,0,2,0,1,3,0,0,0,0,1,0,1,0,2
2010,October,10,24,Livingston,16,24,15,7,8,5,9,7,6,2,2,1,7,17,9,5,6,4
2010,October,10,25,Madison,4,5,3,1,4,2,3,1,2,0,3,1,1,4,1,1,1,1
2010,October,10,26,Monroe,26,327,120,48,541,34,12,107,29,8,179,7,14,220,91,40,362,27
2010,October,10,27,Montgomery,5,27,3,7,30,5,4,11,1,3,14,4,1,16,2,4,16,1
2010,October,10,28,Nassau,48,181,124,82,384,38,22,59,30,9,100,13,26,122,94,73,284,25
2010,October,10,66,New York City,526,3208,529,3416,4567,2381,335,1095,155,814,1773,262,191,2113,374,2602,2794,2119
2010,October,10,29,Niagara,33,67,30,32,167,13,21,27,8,2,55,3,12,40,22,30,112,10
2010,October,10,30,Oneida,10,72,33,15,91,7,3,28,18,0,45,2,7,44,15,15,46,5
2010,October,10,31,Onondaga,38,178,55,85,353,18,23,84,29,14,170,6,15,94,26,71,183,12
2010,October,10,32,Ontario,11,30,15,17,46,6,5,7,7,1,19,3,6,23,8,16,27,3
2010,October,10,33,Orange,19,66,58,26,121,7,9,16,23,6,43,3,10,50,35,20,78,4
2010,October,10,34,Orleans,8,21,24,5,19,2,5,9,8,2,7,1,3,12,16,3,12,1
2010,October,10,35,Oswego,19,26,6,13,74,10,14,8,2,4,32,4,5,18,4,9,42,6
2010,October,10,36,Otsego,1,3,3,3,5,0,1,1,2,0,2,0,0,2,1,3,3,0
2010,October,10,37,Putnam,0,3,0,1,4,3,0,0,0,0,0,0,0,3,0,1,4,3
2010,October,10,38,Rensselaer,12,45,14,9,38,3,10,33,9,7,21,0,2,12,5,2,17,3
2010,October,10,39,Rockland,7,29,12,16,56,5,6,14,4,2,21,2,1,15,8,14,35,3
2010,October,10,41,Saratoga,8,4,4,0,8,2,4,1,3,0,1,0,4,3,1,0,7,2
2010,October,10,42,Schenectady,10,37,33,22,66,9,6,11,9,5,25,1,4,26,24,17,41,8
2010,October,10,43,Schoharie,1,4,3,0,2,1,1,3,0,0,2,0,0,1,3,0,0,1
2010,October,10,44,Schuyler,2,8,3,0,7,2,1,4,2,0,3,2,1,4,1,0,4,0
2010,October,10,45,Seneca,3,7,1,1,3,2,1,2,1,1,1,0,2,5,0,0,2,2
2010,October,10,46,Steuben,20,33,19,21,66,2,11,17,8,8,23,1,9,16,11,13,43,1
2010,October,10,40,St. Lawrence,15,30,16,5,60,5,7,12,5,0,20,1,8,18,11,5,40,4
2010,October,10,47,Suffolk,96,189,104,150,775,24,50,63,23,11,185,3,46,126,81,139,590,21
2010,October,10,48,Sullivan,9,32,16,14,31,5,7,11,7,3,13,1,2,21,9,11,18,4
2010,October,10,49,Tioga,4,14,22,0,6,4,4,9,13,0,2,2,0,5,9,0,4,2
2010,October,10,50,Tompkins,11,38,8,13,31,4,6,14,4,1,16,0,5,24,4,12,15,4
2010,October,10,51,Ulster,12,43,26,4,60,4,8,22,11,2,25,4,4,21,15,2,35,0
2010,October,10,52,Warren,6,4,3,13,6,3,4,2,2,0,1,1,2,2,1,13,5,2
2010,October,10,53,Washington,4,3,9,4,15,2,2,1,4,1,8,0,2,2,5,3,7,2
2010,October,10,54,Wayne,3,21,6,6,22,0,2,6,1,0,6,0,1,15,5,6,16,0
2010,October,10,55,Westchester,27,153,107,69,428,19,14,65,20,14,171,6,13,88,87,55,257,13
2010,October,10,56,Wyoming,2,4,1,1,6,2,2,2,1,0,3,0,0,2,0,1,3,2
2010,October,10,57,Yates,2,4,0,4,4,1,1,1,0,1,1,1,1,3,0,3,3,0
2010,September,9,1,Albany,28,85,79,42,122,26,14,39,31,10,39,3,14,46,48,32,83,23
2010,September,9,2,Allegany,10,14,7,5,10,6,7,5,5,2,6,2,3,9,2,3,4,4
2010,September,9,3,Broome,30,103,69,70,176,16,17,35,17,12,65,4,13,68,52,58,111,12
2010,September,9,4,Cattaraugus,17,15,6,9,8,2,5,1,3,1,3,1,12,14,3,8,5,1
2010,September,9,5,Cayuga,8,13,3,9,12,0,3,6,3,4,5,0,5,7,0,5,7,0
2010,September,9,6,Chautauqua,14,60,35,10,89,9,9,29,20,2,39,8,5,31,15,8,50,1
2010,September,9,7,Chemung,8,19,9,10,31,4,6,6,3,4,13,1,2,13,6,6,18,3
2010,September,9,8,Chenango,10,17,6,10,11,2,7,8,4,5,6,2,3,9,2,5,5,0
2010,September,9,9,Clinton,17,32,11,43,41,8,9,12,7,9,15,3,8,20,4,34,26,5
2010,September,9,10,Columbia,2,6,11,3,21,0,0,0,4,0,3,0,2,6,7,3,18,0
2010,September,9,11,Cortland,5,24,7,0,20,1,2,13,3,0,5,1,3,11,4,0,15,0
2010,September,9,12,Delaware,5,10,4,5,14,1,5,4,2,1,5,0,0,6,2,4,9,1
2010,September,9,13,Dutchess,10,49,28,18,123,3,7,14,3,3,58,1,3,35,25,15,65,2
2010,September,9,14,Erie,186,276,113,198,304,105,69,110,39,42,134,22,117,166,74,156,170,83
2010,September,9,15,Essex,0,7,4,2,5,0,0,3,1,0,3,0,0,4,3,2,2,0
2010,September,9,16,Franklin,7,11,4,6,11,1,2,1,3,1,5,0,5,10,1,5,6,1
2010,September,9,17,Fulton,9,11,7,7,42,0,5,3,4,2,21,0,4,8,3,5,21,0
2010,September,9,18,Genesee,7,10,4,4,13,2,3,4,2,0,2,2,4,6,2,4,11,0
2010,September,9,19,Greene,5,24,7,0,20,0,3,10,5,0,7,0,2,14,2,0,13,0
2010,September,9,20,Hamilton,0,0,0,0,0,0,0,0,0,0,0,0,0,0,0,0,0,0
2010,September,9,21,Herkimer,6,9,1,7,27,0,4,4,1,0,10,0,2,5,0,7,17,0
2010,September,9,22,Jefferson,17,16,8,1,58,5,9,6,4,1,14,2,8,10,4,0,44,3
2010,September,9,23,Lewis,0,4,2,1,1,4,0,2,2,1,1,0,0,2,0,0,0,4
2010,September,9,24,Livingston,4,26,6,4,8,15,1,9,4,1,1,3,3,17,2,3,7,12
2010,September,9,25,Madison,8,7,8,2,6,10,4,4,3,2,5,5,4,3,5,0,1,5
2010,September,9,26,Monroe,22,278,130,8,420,82,14,104,40,2,142,16,8,174,90,6,278,66
2010,September,9,27,Montgomery,4,14,15,6,23,15,2,7,9,3,13,2,2,7,6,3,10,13
2010,September,9,28,Nassau,53,122,94,133,308,16,30,42,38,11,82,3,23,80,56,122,226,13
2010,September,9,66,New York City,539,3272,556,4038,5864,2510,318,1064,163,953,2306,258,221,2208,393,3085,3558,2252
2010,September,9,29,Niagara,37,56,17,41,170,7,15,18,5,3,52,4,22,38,12,38,118,3
2010,September,9,30,Oneida,10,50,27,8,76,3,7,22,19,4,37,2,3,28,8,4,39,1
2010,September,9,31,Onondaga,34,150,52,95,302,55,22,63,25,16,151,18,12,87,27,79,151,37
2010,September,9,32,Ontario,5,30,10,21,37,4,4,9,3,6,17,3,1,21,7,15,20,1
2010,September,9,33,Orange,22,70,62,36,124,5,14,30,23,5,46,3,8,40,39,31,78,2
2010,September,9,34,Orleans,6,16,11,14,26,0,5,6,4,3,10,0,1,10,7,11,16,0
2010,September,9,35,Oswego,24,15,6,4,80,21,15,8,3,0,46,7,9,7,3,4,34,14
2010,September,9,36,Otsego,3,2,5,0,6,6,1,1,3,0,4,2,2,1,2,0,2,4
2010,September,9,37,Putnam,1,1,1,0,1,2,1,0,0,0,0,0,0,1,1,0,1,2
2010,September,9,38,Rensselaer,17,42,20,1,55,18,11,33,17,1,37,8,6,9,3,0,18,10
2010,September,9,39,Rockland,5,19,11,2,49,22,2,9,7,1,20,4,3,10,4,1,29,18
2010,September,9,41,Saratoga,5,1,1,0,7,3,2,0,1,0,1,0,3,1,0,0,6,3
2010,September,9,42,Schenectady,13,29,25,8,66,4,8,10,10,3,20,1,5,19,15,5,46,3
2010,September,9,43,Schoharie,0,4,3,0,4,2,0,1,3,0,1,0,0,3,0,0,3,2
2010,September,9,44,Schuyler,5,10,1,1,7,1,1,7,0,1,5,1,4,3,1,0,2,0
2010,September,9,45,Seneca,2,3,4,0,0,2,1,2,2,0,0,0,1,1,2,0,0,2
2010,September,9,46,Steuben,17,33,7,10,26,10,9,16,3,0,12,3,8,17,4,10,14,7
2010,September,9,40,St. Lawrence,19,33,11,0,47,13,8,11,4,0,19,1,11,22,7,0,28,12
2010,September,9,47,Suffolk,102,180,97,202,629,30,55,64,33,13,152,2,47,116,64,189,477,28
2010,September,9,48,Sullivan,7,24,21,4,24,1,5,15,4,1,11,0,2,9,17,3,13,1
2010,September,9,49,Tioga,6,9,15,0,8,1,3,4,10,0,5,1,3,5,5,0,3,0
2010,September,9,50,Tompkins,11,36,7,6,31,19,5,12,2,1,12,1,6,24,5,5,19,18
2010,September,9,51,Ulster,20,38,27,2,48,20,10,19,14,1,17,3,10,19,13,1,31,17
2010,September,9,52,Warren,6,6,6,3,12,1,2,2,3,1,5,0,4,4,3,2,7,1
2010,September,9,53,Washington,6,8,6,2,10,0,3,2,2,0,4,0,3,6,4,2,6,0
2010,September,9,54,Wayne,5,12,3,0,16,0,3,2,2,0,5,0,2,10,1,0,11,0
2010,September,9,55,Westchester,24,132,152,10,443,10,9,36,28,4,163,3,15,96,124,6,280,7
2010,September,9,56,Wyoming,6,4,2,0,5,3,4,2,0,0,3,1,2,2,2,0,2,2
2010,September,9,57,Yates,1,7,1,1,3,0,1,3,1,0,0,0,0,4,0,1,3,0
2010,August,8,1,Albany,26,95,83,53,127,15,11,30,39,7,34,4,15,65,44,46,93,11
2010,August,8,2,Allegany,6,21,4,9,8,7,3,8,3,2,7,1,3,13,1,7,1,6
2010,August,8,3,Broome,48,120,73,52,160,22,19,39,20,10,70,5,29,81,53,42,90,17
2010,August,8,4,Cattaraugus,7,9,10,3,18,5,3,4,8,1,6,0,4,5,2,2,12,5
2010,August,8,5,Cayuga,10,13,5,4,11,6,7,5,3,0,7,2,3,8,2,4,4,4
2010,August,8,6,Chautauqua,17,41,27,17,83,5,9,25,14,5,39,3,8,16,13,12,44,2
2010,August,8,7,Chemung,8,22,17,14,40,4,4,11,9,5,15,0,4,11,8,9,25,4
2010,August,8,8,Chenango,5,14,5,3,26,1,4,5,4,0,13,1,1,9,1,3,13,0
2010,August,8,9,Clinton,14,49,25,16,45,5,7,16,4,5,13,3,7,33,21,11,32,2
2010,August,8,10,Columbia,5,14,13,1,31,0,3,5,4,1,10,0,2,9,9,0,21,0
2010,August,8,11,Cortland,8,32,11,0,8,5,7,10,4,0,6,1,1,22,7,0,2,4
2010,August,8,12,Delaware,6,9,7,1,10,2,3,1,5,0,6,2,3,8,2,1,4,0
2010,August,8,13,Dutchess,14,47,25,12,105,7,7,16,7,0,46,2,7,31,18,12,59,5
2010,August,8,14,Erie,227,239,121,199,356,47,68,92,40,44,120,18,159,147,81,155,236,29
2010,August,8,15,Essex,1,3,2,0,9,1,1,1,2,0,6,1,0,2,0,0,3,0
2010,August,8,16,Franklin,8,14,13,6,11,1,5,5,6,2,7,0,3,9,7,4,4,1
2010,August,8,17,Fulton,22,10,2,1,49,1,14,2,1,1,19,0,8,8,1,0,30,1
2010,August,8,18,Genesee,3,13,7,3,27,1,2,7,3,0,6,0,1,6,4,3,21,1
2010,August,8,19,Greene,9,16,11,15,22,1,5,4,5,4,10,0,4,12,6,11,12,1
2010,August,8,20,Hamilton,0,2,0,0,0,0,0,0,0,0,0,0,0,2,0,0,0,0
2010,August,8,21,Herkimer,7,13,3,5,15,1,1,7,3,2,11,1,6,6,0,3,4,0
2010,August,8,22,Jefferson,20,22,7,4,53,11,11,8,2,0,19,1,9,14,5,4,34,10
2010,August,8,23,Lewis,1,3,2,0,7,0,1,1,1,0,2,0,0,2,1,0,5,0
2010,August,8,24,Livingston,7,20,13,7,27,4,3,6,5,0,5,2,4,14,8,7,22,2
2010,August,8,25,Madison,5,6,7,4,16,1,2,3,3,2,7,1,3,3,4,2,9,0
2010,August,8,26,Monroe,32,262,83,75,443,28,13,86,21,11,143,5,19,176,62,64,300,23
2010,August,8,27,Montgomery,9,24,13,14,40,3,4,8,5,4,18,1,5,16,8,10,22,2
2010,August,8,28,Nassau,55,174,131,82,392,25,34,57,33,16,75,8,21,117,98,66,317,17
2010,August,8,66,New York City,579,4740,580,4586,8221,2233,317,1444,149,1099,3495,304,262,3296,431,3487,4726,1929
2010,August,8,29,Niagara,23,69,27,23,192,12,13,23,8,1,70,2,10,46,19,22,122,10
2010,August,8,30,Oneida,12,43,25,13,86,10,8,9,7,6,41,1,4,34,18,7,45,9
2010,August,8,31,Onondaga,31,130,54,111,352,13,14,58,26,13,186,1,17,72,28,98,166,12
2010,August,8,32,Ontario,14,38,9,22,30,2,6,14,5,6,13,0,8,24,4,16,17,2
2010,August,8,33,Orange,16,73,67,16,125,16,3,30,22,4,52,1,13,43,45,12,73,15
2010,August,8,34,Orleans,4,22,17,5,35,8,2,8,10,2,14,4,2,14,7,3,21,4
2010,August,8,35,Oswego,22,21,7,13,47,8,15,10,4,6,23,3,7,11,3,7,24,5
2010,August,8,36,Otsego,3,4,3,0,5,2,3,1,0,0,2,0,0,3,3,0,3,2
2010,August,8,37,Putnam,0,3,1,0,2,0,0,0,0,0,0,0,0,3,1,0,2,0
2010,August,8,38,Rensselaer,10,40,28,4,59,1,7,24,18,2,41,0,3,16,10,2,18,1
2010,August,8,39,Rockland,5,33,9,16,61,4,2,13,4,1,23,1,3,20,5,15,38,3
2010,August,8,41,Saratoga,5,6,3,0,12,0,3,0,2,0,4,0,2,6,1,0,8,0
2010,August,8,42,Schenectady,2,27,24,14,51,5,1,7,7,2,15,3,1,20,17,12,36,2
2010,August,8,43,Schoharie,3,10,1,1,6,1,1,2,1,0,4,0,2,8,0,1,2,1
2010,August,8,44,Schuyler,1,9,1,3,3,2,0,3,1,2,3,2,1,6,0,1,0,0
2010,August,8,45,Seneca,2,5,0,0,3,2,0,1,0,0,0,0,2,4,0,0,3,2
2010,August,8,46,Steuben,11,36,20,19,54,2,6,13,5,3,20,1,5,23,15,16,34,1
2010,August,8,40,St. Lawrence,20,24,16,2,71,3,10,8,6,1,22,2,10,16,10,1,49,1
2010,August,8,47,Suffolk,92,219,83,84,635,39,36,75,17,5,167,8,56,144,66,79,468,31
2010,August,8,48,Sullivan,8,40,26,24,21,4,6,13,11,4,15,1,2,27,15,20,6,3
2010,August,8,49,Tioga,5,10,14,1,8,2,3,3,5,0,4,2,2,7,9,1,4,0
2010,August,8,50,Tompkins,21,31,11,16,26,15,14,11,3,3,9,1,7,20,8,13,17,14
2010,August,8,51,Ulster,16,52,50,8,73,7,9,17,13,2,24,4,7,35,37,6,49,3
2010,August,8,52,Warren,8,10,3,6,11,0,5,4,1,2,3,0,3,6,2,4,8,0
2010,August,8,53,Washington,7,8,9,2,18,1,7,6,2,0,8,0,0,2,7,2,10,1
2010,August,8,54,Wayne,8,26,16,1,11,1,4,7,2,0,6,0,4,19,14,1,5,1
2010,August,8,55,Westchester,38,131,116,42,558,14,20,35,29,10,204,4,18,96,87,32,354,10
2010,August,8,56,Wyoming,5,10,2,2,3,1,4,4,0,1,1,0,1,6,2,1,2,1
2010,August,8,57,Yates,4,5,2,0,7,0,1,1,1,0,4,0,3,4,1,0,3,0
2010,July,7,1,Albany,23,89,77,65,148,9,5,27,29,9,45,1,18,62,48,56,103,8
2010,July,7,2,Allegany,8,13,8,5,10,3,5,9,4,2,7,0,3,4,4,3,3,3
2010,July,7,3,Broome,52,118,74,54,201,11,23,40,24,13,61,3,29,78,50,41,140,8
2010,July,7,4,Cattaraugus,10,13,6,9,26,1,6,6,4,4,11,0,4,7,2,5,15,1
2010,July,7,5,Cayuga,1,12,6,3,17,2,1,2,4,2,9,1,0,10,2,1,8,1
2010,July,7,6,Chautauqua,5,56,28,7,92,5,3,17,15,0,47,3,2,39,13,7,45,2
2010,July,7,7,Chemung,8,21,24,19,50,7,6,6,8,9,22,3,2,15,16,10,28,4
2010,July,7,8,Chenango,8,16,4,7,22,1,5,5,2,0,10,0,3,11,2,7,12,1
2010,July,7,9,Clinton,18,30,16,4,43,6,11,6,3,1,18,5,7,24,13,3,25,1
2010,July,7,10,Columbia,2,12,11,4,12,1,2,2,2,0,2,0,0,10,9,4,10,1
2010,July,7,11,Cortland,3,19,3,5,19,3,3,9,1,1,11,1,0,10,2,4,8,2
2010,July,7,12,Delaware,2,9,9,2,14,0,1,5,7,1,6,0,1,4,2,1,8,0
2010,July,7,13,Dutchess,11,33,22,11,104,5,5,17,8,3,37,2,6,16,14,8,67,3
2010,July,7,14,Erie,253,243,149,178,386,25,79,95,47,41,131,8,174,148,102,137,255,17
2010,July,7,15,Essex,5,4,3,1,10,0,5,0,1,0,4,0,0,4,2,1,6,0
2010,July,7,16,Franklin,8,6,6,7,7,0,6,2,1,1,1,0,2,4,5,6,6,0
2010,July,7,17,Fulton,7,20,4,3,41,1,2,8,3,0,20,0,5,12,1,3,21,1
2010,July,7,18,Genesee,4,12,7,5,17,1,2,2,4,0,7,0,2,10,3,5,10,1
2010,July,7,19,Greene,1,25,11,14,9,2,0,8,3,1,0,0,1,17,8,13,9,2
2010,July,7,20,Hamilton,1,0,0,0,1,0,0,0,0,0,1,0,1,0,0,0,0,0
2010,July,7,21,Herkimer,5,8,6,2,17,0,2,6,4,0,8,0,3,2,2,2,9,0
2010,July,7,22,Jefferson,12,27,12,2,69,5,6,6,2,1,26,1,6,21,10,1,43,4
2010,July,7,23,Lewis,0,1,0,0,3,1,0,0,0,0,1,0,0,1,0,0,2,1
2010,July,7,24,Livingston,13,26,13,4,24,7,6,9,3,0,10,2,7,17,10,4,14,5
2010,July,7,25,Madison,3,10,3,0,22,1,1,2,0,0,15,0,2,8,3,0,7,1
2010,July,7,26,Monroe,20,270,118,54,537,30,8,89,32,7,185,8,12,181,86,47,352,22
2010,July,7,27,Montgomery,4,17,10,8,27,0,1,7,4,1,8,0,3,10,6,7,19,0
2010,July,7,28,Nassau,50,185,120,67,413,27,27,76,22,15,104,11,23,109,98,52,309,16
2010,July,7,66,New York City,535,3076,521,3301,4625,2021,313,919,149,652,1840,241,222,2157,372,2649,2785,1780
2010,July,7,29,Niagara,37,58,36,46,204,17,16,21,11,6,69,5,21,37,25,40,135,12
2010,July,7,30,Oneida,13,52,25,14,73,13,8,19,11,4,35,3,5,33,14,10,38,10
2010,July,7,31,Onondaga,35,137,60,97,353,17,16,51,16,20,178,7,19,86,44,77,175,10
2010,July,7,32,Ontario,6,30,15,22,45,2,2,12,4,5,19,0,4,18,11,17,26,2
2010,July,7,33,Orange,28,57,57,22,109,7,10,22,15,8,45,5,18,35,42,14,64,2
2010,July,7,34,Orleans,7,20,8,7,20,4,4,7,4,1,9,2,3,13,4,6,11,2
2010,July,7,35,Oswego,10,15,6,11,70,3,8,6,2,3,29,2,2,9,4,8,41,1
2010,July,7,36,Otsego,2,3,2,0,9,3,0,0,1,0,4,1,2,3,1,0,5,2
2010,July,7,37,Putnam,0,4,0,1,3,1,0,2,0,0,2,1,0,2,0,1,1,0
2010,July,7,38,Rensselaer,10,38,18,6,54,2,10,20,13,4,32,2,0,18,5,2,22,0
2010,July,7,39,Rockland,10,25,12,27,65,10,4,13,5,1,34,4,6,12,7,26,31,6
2010,July,7,41,Saratoga,6,4,3,0,12,0,3,0,2,0,5,0,3,4,1,0,7,0
2010,July,7,42,Schenectady,13,26,22,13,69,7,8,4,5,5,27,4,5,22,17,8,42,3
2010,July,7,43,Schoharie,1,6,1,0,7,1,1,2,0,0,4,0,0,4,1,0,3,1
2010,July,7,44,Schuyler,5,3,4,3,7,1,4,1,3,0,4,0,1,2,1,3,3,1
2010,July,7,45,Seneca,3,8,4,1,2,2,3,1,1,0,2,0,0,7,3,1,0,2
2010,July,7,46,Steuben,12,19,15,19,29,1,6,9,4,3,14,1,6,10,11,16,15,0
2010,July,7,40,St. Lawrence,14,29,9,7,73,2,7,13,5,0,29,1,7,16,4,7,44,1
2010,July,7,47,Suffolk,72,211,102,103,721,35,19,59,23,8,166,5,53,152,79,95,555,30
2010,July,7,48,Sullivan,11,29,19,18,29,4,6,8,8,3,14,0,5,21,11,15,15,4
2010,July,7,49,Tioga,4,4,10,0,9,0,3,2,7,0,7,0,1,2,3,0,2,0
2010,July,7,50,Tompkins,8,24,9,14,29,4,4,9,1,3,11,1,4,15,8,11,18,3
2010,July,7,51,Ulster,19,62,46,10,70,6,12,21,15,3,26,2,7,41,31,7,44,4
2010,July,7,52,Warren,6,10,5,15,13,2,3,4,2,4,6,0,3,6,3,11,7,2
2010,July,7,53,Washington,7,5,8,5,18,0,7,2,3,2,9,0,0,3,5,3,9,0
2010,July,7,54,Wayne,6,18,4,0,17,0,4,5,2,0,5,0,2,13,2,0,12,0
2010,July,7,55,Westchester,29,118,92,57,483,12,11,32,18,12,183,3,18,86,74,45,300,9
2010,July,7,56,Wyoming,5,7,5,1,6,0,4,2,3,0,3,0,1,5,2,1,3,0
2010,July,7,57,Yates,3,2,4,0,0,0,3,2,2,0,0,0,0,0,2,0,0,0
2010,June,6,1,Albany,40,136,107,34,176,8,22,42,43,3,52,5,18,94,64,31,124,3
2010,June,6,2,Allegany,8,23,6,16,7,3,4,9,3,3,3,0,4,14,3,13,4,3
2010,June,6,3,Broome,55,161,78,60,230,24,23,53,19,10,76,8,32,108,59,50,154,16
2010,June,6,4,Cattaraugus,13,24,14,7,31,2,6,8,3,2,11,1,7,16,11,5,20,1
2010,June,6,5,Cayuga,10,26,3,1,20,2,6,10,1,0,7,1,4,16,2,1,13,1
2010,June,6,6,Chautauqua,21,95,42,11,140,15,16,35,17,2,60,8,5,60,25,9,80,7
2010,June,6,7,Chemung,6,26,15,8,53,3,3,6,2,1,23,1,3,20,13,7,30,2
2010,June,6,8,Chenango,10,33,12,4,28,2,6,12,5,0,13,0,4,21,7,4,15,2
2010,June,6,9,Clinton,24,45,23,11,69,6,10,12,8,3,20,2,14,33,15,8,49,4
2010,June,6,10,Columbia,11,20,18,6,20,1,8,10,7,1,6,1,3,10,11,5,14,0
2010,June,6,11,Cortland,10,35,11,6,29,3,8,12,5,1,15,2,2,23,6,5,14,1
2010,June,6,12,Delaware,5,16,11,3,19,1,1,5,4,1,3,1,4,11,7,2,16,0
2010,June,6,13,Dutchess,11,38,24,18,101,6,6,12,11,3,43,2,5,26,13,15,58,4
2010,June,6,14,Erie,244,461,220,214,561,44,82,161,63,41,194,12,162,300,157,173,367,32
2010,June,6,15,Essex,1,7,5,3,16,0,1,2,3,1,11,0,0,5,2,2,5,0
2010,June,6,16,Franklin,3,17,3,13,18,2,2,3,1,4,8,0,1,14,2,9,10,2
2010,June,6,17,Fulton,14,20,5,6,47,4,5,10,1,2,24,1,9,10,4,4,23,3
2010,June,6,18,Genesee,3,17,6,4,26,2,2,7,4,2,12,1,1,10,2,2,14,1
2010,June,6,19,Greene,7,61,12,13,26,2,4,15,4,0,10,0,3,46,8,13,16,2
2010,June,6,20,Hamilton,1,3,1,0,1,0,1,2,0,0,1,0,0,1,1,0,0,0
2010,June,6,21,Herkimer,17,20,8,8,24,1,12,7,3,1,11,0,5,13,5,7,13,1
2010,June,6,22,Jefferson,17,41,18,10,68,3,9,8,6,0,25,2,8,33,12,10,43,1
2010,June,6,23,Lewis,2,0,2,0,4,0,2,0,2,0,1,0,0,0,0,0,3,0
2010,June,6,24,Livingston,15,21,11,8,19,6,6,6,6,3,4,1,9,15,5,5,15,5
2010,June,6,25,Madison,10,14,5,2,25,8,6,7,4,0,15,3,4,7,1,2,10,5
2010,June,6,26,Monroe,44,478,125,83,696,57,23,148,50,16,237,19,21,330,75,67,459,38
2010,June,6,27,Montgomery,12,17,13,1,38,2,10,5,3,0,16,1,2,12,10,1,22,1
2010,June,6,28,Nassau,64,175,131,61,405,36,33,67,23,11,92,5,31,108,108,50,313,31
2010,June,6,66,New York City,530,4466,680,4481,7964,2022,301,1547,196,909,3278,229,229,2919,484,3572,4686,1793
2010,June,6,29,Niagara,47,99,30,39,236,13,24,44,8,3,75,7,23,55,22,36,161,6
2010,June,6,30,Oneida,17,104,48,26,121,14,8,34,24,3,58,7,9,70,24,23,63,7
2010,June,6,31,Onondaga,53,218,79,116,302,20,27,83,33,17,145,5,26,135,46,99,157,15
2010,June,6,32,Ontario,14,42,25,18,32,4,6,14,10,2,9,0,8,28,15,16,23,4
2010,June,6,33,Orange,29,104,90,25,163,21,16,38,25,7,64,7,13,66,65,18,99,14
2010,June,6,34,Orleans,5,33,14,8,39,4,3,10,4,0,15,2,2,23,10,8,24,2
2010,June,6,35,Oswego,14,19,15,8,61,7,11,7,8,5,19,3,3,12,7,3,42,4
2010,June,6,36,Otsego,9,15,7,1,5,0,7,6,5,0,0,0,2,9,2,1,5,0
2010,June,6,37,Putnam,0,9,1,1,0,1,0,4,0,0,0,1,0,5,1,1,0,0
2010,June,6,38,Rensselaer,17,60,38,3,107,4,14,39,28,2,71,2,3,21,10,1,36,2
2010,June,6,39,Rockland,8,39,18,18,78,7,5,16,5,4,25,4,3,23,13,14,53,3
2010,June,6,41,Saratoga,5,10,5,1,14,2,3,1,1,1,5,0,2,9,4,0,9,2
2010,June,6,42,Schenectady,10,49,34,21,81,4,7,14,11,8,29,3,3,35,23,13,52,1
2010,June,6,43,Schoharie,2,7,5,0,4,0,0,2,3,0,1,0,2,5,2,0,3,0
2010,June,6,44,Schuyler,5,8,7,2,14,1,3,3,4,0,6,0,2,5,3,2,8,1
2010,June,6,45,Seneca,1,10,6,0,5,3,1,4,4,0,1,1,0,6,2,0,4,2
2010,June,6,46,Steuben,21,36,31,27,65,5,15,12,8,8,25,2,6,24,23,19,40,3
2010,June,6,40,St. Lawrence,23,64,23,12,80,5,13,18,8,2,43,3,10,46,15,10,37,2
2010,June,6,47,Suffolk,88,154,116,175,702,28,37,58,28,8,159,4,51,96,88,167,543,24
2010,June,6,48,Sullivan,10,51,35,22,46,6,5,23,9,6,17,2,5,28,26,16,29,4
2010,June,6,49,Tioga,8,19,14,1,6,1,5,5,5,0,3,1,3,14,9,1,3,0
2010,June,6,50,Tompkins,20,51,16,26,42,5,5,19,3,4,13,2,15,32,13,22,29,3
2010,June,6,51,Ulster,13,53,52,5,73,2,8,24,15,0,30,2,5,29,37,5,43,0
2010,June,6,52,Warren,14,22,6,9,9,2,9,8,3,1,2,0,5,14,3,8,7,2
2010,June,6,53,Washington,7,18,7,6,21,2,6,7,2,2,12,1,1,11,5,4,9,1
2010,June,6,54,Wayne,12,36,12,1,27,1,8,7,6,0,11,0,4,29,6,1,16,1
2010,June,6,55,Westchester,42,166,124,75,595,23,19,60,35,18,217,2,23,106,89,57,378,21
2010,June,6,56,Wyoming,5,14,3,6,9,1,4,3,2,1,5,0,1,11,1,5,4,1
2010,June,6,57,Yates,0,2,0,0,3,1,0,1,0,0,1,0,0,1,0,0,2,1
2010,May,5,1,Albany,11,35,56,21,107,10,8,5,18,1,27,4,3,30,38,20,80,6
2010,May,5,2,Allegany,4,14,0,4,10,1,2,8,0,1,5,0,2,6,0,3,5,1
2010,May,5,3,Broome,24,66,46,29,88,10,9,26,6,4,33,3,15,40,40,25,55,7
2010,May,5,4,Cattaraugus,3,1,1,1,6,0,2,0,0,0,2,0,1,1,1,1,4,0
2010,May,5,5,Cayuga,4,2,0,2,11,1,3,0,0,0,2,1,1,2,0,2,9,0
2010,May,5,6,Chautauqua,4,25,7,6,14,2,2,8,4,1,4,0,2,17,3,5,10,2
2010,May,5,7,Chemung,7,18,12,13,49,0,5,3,1,3,27,0,2,15,11,10,22,0
2010,May,5,8,Chenango,3,5,0,1,10,1,2,1,0,0,4,1,1,4,0,1,6,0
2010,May,5,9,Clinton,5,11,11,7,17,2,2,3,2,1,5,0,3,8,9,6,12,2
2010,May,5,10,Columbia,2,5,9,0,11,1,1,2,2,0,2,0,1,3,7,0,9,1
2010,May,5,11,Cortland,1,4,1,0,4,0,0,2,0,0,1,0,1,2,1,0,3,0
2010,May,5,12,Delaware,5,2,2,1,10,1,1,2,1,0,3,0,4,0,1,1,7,1
2010,May,5,13,Dutchess,9,26,9,10,45,0,7,5,4,3,17,0,2,21,5,7,28,0
2010,May,5,14,Erie,192,63,67,94,142,7,43,32,14,25,45,2,149,31,53,69,97,5
2010,May,5,15,Essex,0,0,0,0,2,1,0,0,0,0,1,0,0,0,0,0,1,1
2010,May,5,16,Franklin,5,3,1,12,9,0,1,2,1,2,2,0,4,1,0,10,7,0
2010,May,5,17,Fulton,7,7,1,1,17,0,2,3,0,0,4,0,5,4,1,1,13,0
2010,May,5,18,Genesee,1,2,2,1,7,1,0,1,1,0,4,1,1,1,1,1,3,0
2010,May,5,19,Greene,2,13,5,4,4,1,1,5,1,1,0,1,1,8,4,3,4,0
2010,May,5,20,Hamilton,0,0,0,0,0,0,0,0,0,0,0,0,0,0,0,0,0,0
2010,May,5,21,Herkimer,5,9,0,5,9,0,2,2,0,1,4,0,3,7,0,4,5,0
2010,May,5,22,Jefferson,7,13,7,7,36,4,4,3,1,0,11,0,3,10,6,7,25,4
2010,May,5,23,Lewis,0,0,0,1,2,0,0,0,0,0,1,0,0,0,0,1,1,0
2010,May,5,24,Livingston,5,12,4,8,9,1,2,3,0,1,0,0,3,9,4,7,9,1
2010,May,5,25,Madison,0,6,0,0,8,1,0,4,0,0,3,1,0,2,0,0,5,0
2010,May,5,26,Monroe,12,94,46,50,217,20,4,24,10,9,54,3,8,70,36,41,163,17
2010,May,5,27,Montgomery,0,8,5,2,20,3,0,4,0,2,7,2,0,4,5,0,13,1
2010,May,5,28,Nassau,52,134,117,61,367,24,28,45,18,5,74,3,24,89,99,56,293,21
2010,May,5,66,New York City,484,3137,339,3515,5902,1776,261,1065,44,750,2302,207,223,2072,295,2765,3600,1569
2010,May,5,29,Niagara,15,36,17,22,133,4,7,16,7,3,36,1,8,20,10,19,97,3
2010,May,5,30,Oneida,1,23,16,3,42,3,1,12,9,0,19,2,0,11,7,3,23,1
2010,May,5,31,Onondaga,20,99,46,73,293,9,13,40,20,17,158,1,7,59,26,56,135,8
2010,May,5,32,Ontario,3,12,12,16,16,2,1,3,2,1,4,1,2,9,10,15,12,1
2010,May,5,33,Orange,14,8,23,12,42,4,5,4,1,2,14,0,9,4,22,10,28,4
2010,May,5,34,Orleans,1,15,8,5,9,1,1,4,4,1,4,0,0,11,4,4,5,1
2010,May,5,35,Oswego,8,12,2,12,25,5,3,3,0,7,5,1,5,9,2,5,20,4
2010,May,5,36,Otsego,2,1,0,1,2,1,1,1,0,0,2,0,1,0,0,1,0,1
2010,May,5,37,Putnam,0,1,0,1,0,0,0,0,0,0,0,0,0,1,0,1,0,0
2010,May,5,38,Rensselaer,2,17,5,2,10,3,2,4,2,0,4,2,0,13,3,2,6,1
2010,May,5,39,Rockland,8,7,5,3,26,5,5,2,3,0,6,2,3,5,2,3,20,3
2010,May,5,41,Saratoga,2,1,3,0,12,1,1,0,1,0,5,1,1,1,2,0,7,0
2010,May,5,42,Schenectady,6,28,15,19,26,5,4,4,3,6,5,2,2,24,12,13,21,3
2010,May,5,43,Schoharie,2,4,3,0,2,0,1,0,2,0,1,0,1,4,1,0,1,0
2010,May,5,44,Schuyler,1,1,1,0,1,0,0,0,0,0,0,0,1,1,1,0,1,0
2010,May,5,45,Seneca,0,0,3,0,3,0,0,0,1,0,1,0,0,0,2,0,2,0
2010,May,5,46,Steuben,3,12,2,7,19,2,2,3,1,2,7,0,1,9,1,5,12,2
2010,May,5,40,St. Lawrence,7,16,5,4,19,2,2,8,0,1,5,2,5,8,5,3,14,0
2010,May,5,47,Suffolk,73,191,76,26,428,11,23,53,19,2,99,3,50,138,57,24,329,8
2010,May,5,48,Sullivan,3,10,11,14,10,2,2,7,2,3,3,0,1,3,9,11,7,2
2010,May,5,49,Tioga,0,2,4,1,7,2,0,1,1,1,2,1,0,1,3,0,5,1
2010,May,5,50,Tompkins,3,21,7,11,25,6,1,9,1,4,8,1,2,12,6,7,17,5
2010,May,5,51,Ulster,16,44,26,4,62,10,8,8,8,1,18,3,8,36,18,3,44,7
2010,May,5,52,Warren,13,8,4,8,10,0,3,0,2,1,3,0,10,8,2,7,7,0
2010,May,5,53,Washington,3,5,7,9,3,0,1,2,0,0,1,0,2,3,7,9,2,0
2010,May,5,54,Wayne,3,2,7,0,0,0,2,0,1,0,0,0,1,2,6,0,0,0
2010,May,5,55,Westchester,28,108,94,53,317,20,11,25,11,8,90,6,17,83,83,45,227,14
2010,May,5,56,Wyoming,4,7,0,4,6,1,2,6,0,2,3,0,2,1,0,2,3,1
2010,May,5,57,Yates,1,4,0,3,3,1,1,3,0,1,1,1,0,1,0,2,2,0
2010,April,4,1,Albany,34,116,81,63,184,10,13,30,26,10,57,2,21,86,55,53,127,8
2010,April,4,2,Allegany,8,18,7,5,7,0,4,9,2,0,3,0,4,9,5,5,4,0
2010,April,4,3,Broome,36,102,95,49,180,24,15,28,25,8,68,6,21,74,70,41,112,18
2010,April,4,4,Cattaraugus,14,16,12,7,19,1,9,4,3,1,7,0,5,12,9,6,12,1
2010,April,4,5,Cayuga,6,18,5,8,6,4,3,6,3,3,4,1,3,12,2,5,2,3
2010,April,4,6,Chautauqua,13,51,23,8,43,6,7,21,7,2,15,3,6,30,16,6,28,3
2010,April,4,7,Chemung,12,25,18,9,58,3,6,7,2,0,33,2,6,18,16,9,25,1
2010,April,4,8,Chenango,6,10,5,3,11,0,4,4,4,1,5,0,2,6,1,2,6,0
2010,April,4,9,Clinton,11,41,17,6,43,5,6,15,5,0,10,2,5,26,12,6,33,3
2010,April,4,10,Columbia,7,10,14,4,20,1,4,3,2,0,8,0,3,7,12,4,12,1
2010,April,4,11,Cortland,8,33,8,4,15,4,5,13,3,0,9,3,3,20,5,4,6,1
2010,April,4,12,Delaware,0,10,5,2,11,2,0,1,2,1,1,2,0,9,3,1,10,0
2010,April,4,13,Dutchess,18,38,25,20,81,9,14,8,7,4,32,3,4,30,18,16,49,6
2010,April,4,14,Erie,190,253,124,123,338,49,62,94,33,29,110,17,128,159,91,94,228,32
2010,April,4,15,Essex,2,5,3,1,10,0,1,1,0,1,3,0,1,4,3,0,7,0
2010,April,4,16,Franklin,7,12,0,7,9,0,3,4,0,2,7,0,4,8,0,5,2,0
2010,April,4,17,Fulton,10,24,1,2,35,2,6,6,0,1,16,0,4,18,1,1,19,2
2010,April,4,18,Genesee,1,7,6,3,13,2,1,3,1,0,6,1,0,4,5,3,7,1
2010,April,4,19,Greene,6,28,14,9,17,2,3,14,3,2,6,1,3,14,11,7,11,1
2010,April,4,20,Hamilton,0,1,2,0,0,0,0,0,2,0,0,0,0,1,0,0,0,0
2010,April,4,21,Herkimer,8,11,2,4,18,3,4,3,1,1,7,1,4,8,1,3,11,2
2010,April,4,22,Jefferson,18,37,14,9,57,7,11,7,3,2,21,5,7,30,11,7,36,2
2010,April,4,23,Lewis,5,1,0,0,0,1,4,1,0,0,0,0,1,0,0,0,0,1
2010,April,4,24,Livingston,15,20,8,10,12,2,9,2,3,0,4,0,6,18,5,10,8,2
2010,April,4,25,Madison,4,15,4,1,17,3,4,6,2,1,7,1,0,9,2,0,10,2
2010,April,4,26,Monroe,26,305,94,81,535,49,12,94,25,5,193,18,14,211,69,76,342,31
2010,April,4,27,Montgomery,3,22,9,8,29,4,2,7,0,2,12,3,1,15,9,6,17,1
2010,April,4,28,Nassau,68,169,143,57,406,34,36,63,21,6,80,4,32,106,122,51,326,30
2010,April,4,66,New York City,545,3303,385,4038,4961,1890,327,1047,70,884,1872,194,218,2256,315,3154,3089,1696
2010,April,4,29,Niagara,35,60,39,36,162,9,17,18,8,4,48,1,18,42,31,32,114,8
2010,April,4,30,Oneida,12,63,36,18,100,8,8,27,13,1,46,1,4,36,23,17,54,7
2010,April,4,31,Onondaga,37,141,67,121,329,18,22,50,24,20,150,8,15,91,43,101,179,10
2010,April,4,32,Ontario,10,28,20,10,41,5,4,5,4,0,15,1,6,23,16,10,26,4
2010,April,4,33,Orange,23,78,73,17,129,12,12,28,19,4,52,4,11,50,54,13,77,8
2010,April,4,34,Orleans,10,17,10,8,25,2,6,6,2,3,10,1,4,11,8,5,15,1
2010,April,4,35,Oswego,12,17,7,17,65,7,7,4,1,3,27,0,5,13,6,14,38,7
2010,April,4,36,Otsego,3,3,1,3,12,1,2,1,0,0,7,0,1,2,1,3,5,1
2010,April,4,37,Putnam,2,1,1,0,1,0,1,0,1,0,0,0,1,1,0,0,1,0
2010,April,4,38,Rensselaer,8,37,21,7,56,4,7,20,10,2,24,1,1,17,11,5,32,3
2010,April,4,39,Rockland,12,23,17,9,58,8,7,8,6,1,26,4,5,15,11,8,32,4
2010,April,4,41,Saratoga,9,8,7,0,10,0,5,2,3,0,2,0,4,6,4,0,8,0
2010,April,4,42,Schenectady,11,43,23,18,71,7,4,11,10,4,22,2,7,32,13,14,49,5
2010,April,4,43,Schoharie,2,2,4,1,1,2,0,1,2,0,0,0,2,1,2,1,1,2
2010,April,4,44,Schuyler,1,3,7,1,9,0,1,2,4,0,5,0,0,1,3,1,4,0
2010,April,4,45,Seneca,2,1,4,0,2,0,0,0,2,0,0,0,2,1,2,0,2,0
2010,April,4,46,Steuben,11,31,20,12,33,5,8,6,5,2,9,3,3,25,15,10,24,2
2010,April,4,40,St. Lawrence,13,38,13,4,40,8,5,11,8,0,19,3,8,27,5,4,21,5
2010,April,4,47,Suffolk,99,171,113,84,621,27,39,55,34,9,158,3,60,116,79,75,463,24
2010,April,4,48,Sullivan,6,15,27,14,43,7,5,8,8,4,10,1,1,7,19,10,33,6
2010,April,4,49,Tioga,7,7,8,2,10,3,3,3,1,0,3,1,4,4,7,2,7,2
2010,April,4,50,Tompkins,17,21,11,21,42,3,8,8,4,4,17,0,9,13,7,17,25,3
2010,April,4,51,Ulster,14,55,43,9,74,2,9,21,14,1,31,0,5,34,29,8,43,2
2010,April,4,52,Warren,10,8,5,5,17,4,4,1,0,0,6,1,6,7,5,5,11,3
2010,April,4,53,Washington,5,6,9,7,21,0,3,5,4,1,14,0,2,1,5,6,7,0
2010,April,4,54,Wayne,3,11,15,1,15,0,1,2,5,0,5,0,2,9,10,1,10,0
2010,April,4,55,Westchester,43,136,105,81,538,15,22,45,21,7,194,6,21,91,84,74,344,9
2010,April,4,56,Wyoming,5,6,4,0,2,0,3,2,1,0,1,0,2,4,3,0,1,0
2010,April,4,57,Yates,0,6,1,2,3,0,0,0,0,0,1,0,0,6,1,2,2,0
2010,March,3,1,Albany,34,91,101,50,191,6,16,40,27,4,61,1,18,51,74,46,130,5
2010,March,3,2,Allegany,8,13,7,12,8,1,5,4,4,0,4,1,3,9,3,12,4,0
2010,March,3,3,Broome,41,97,76,59,144,15,18,32,23,8,50,7,23,65,53,51,94,8
2010,March,3,4,Cattaraugus,14,13,8,8,25,2,5,3,1,3,3,2,9,10,7,5,22,0
2010,March,3,5,Cayuga,12,15,9,6,11,2,7,5,2,2,5,0,5,10,7,4,6,2
2010,March,3,6,Chautauqua,17,54,31,17,50,4,10,21,17,6,28,2,7,33,14,11,22,2
2010,March,3,7,Chemung,13,28,24,8,43,4,7,7,7,1,17,1,6,21,17,7,26,3
2010,March,3,8,Chenango,4,16,3,3,13,4,3,4,2,0,7,1,1,12,1,3,6,3
2010,March,3,9,Clinton,22,37,16,11,63,8,7,11,1,1,24,6,15,26,15,10,39,2
2010,March,3,10,Columbia,4,6,13,2,20,2,2,3,1,0,4,1,2,3,12,2,16,1
2010,March,3,11,Cortland,9,23,15,1,10,2,6,9,4,0,3,0,3,14,11,1,7,2
2010,March,3,12,Delaware,2,14,5,1,12,0,1,4,2,0,5,0,1,10,3,1,7,0
2010,March,3,13,Dutchess,13,25,24,22,91,2,5,11,7,1,37,1,8,14,17,21,54,1
2010,March,3,14,Erie,250,223,110,165,356,34,73,90,34,38,113,8,177,133,76,127,243,26
2010,March,3,15,Essex,4,5,3,1,8,0,2,2,1,0,6,0,2,3,2,1,2,0
2010,March,3,16,Franklin,8,7,5,10,16,0,5,3,1,2,6,0,3,4,4,8,10,0
2010,March,3,17,Fulton,5,19,4,8,39,1,4,2,2,3,21,0,1,17,2,5,18,1
2010,March,3,18,Genesee,3,15,2,1,14,0,3,6,0,0,8,0,0,9,2,1,6,0
2010,March,3,19,Greene,14,21,15,12,26,5,6,5,5,5,2,2,8,16,10,7,24,3
2010,March,3,20,Hamilton,0,1,1,1,0,0,0,1,1,0,0,0,0,0,0,1,0,0
2010,March,3,21,Herkimer,8,8,5,18,31,1,5,4,2,7,8,0,3,4,3,11,23,1
2010,March,3,22,Jefferson,29,30,8,7,59,5,12,8,3,2,18,0,17,22,5,5,41,5
2010,March,3,23,Lewis,2,2,0,1,3,1,2,1,0,1,2,0,0,1,0,0,1,1
2010,March,3,24,Livingston,13,26,18,7,11,5,7,10,3,0,5,2,6,16,15,7,6,3
2010,March,3,25,Madison,2,9,6,0,10,2,1,4,4,0,9,1,1,5,2,0,1,1
2010,March,3,26,Monroe,30,289,75,66,508,45,20,81,25,9,171,20,10,208,50,57,337,25
2010,March,3,27,Montgomery,6,20,7,13,25,2,4,4,3,3,14,1,2,16,4,10,11,1
2010,March,3,28,Nassau,55,153,141,57,494,30,30,55,35,11,98,7,25,98,106,46,396,23
2010,March,3,66,New York City,606,3982,491,4675,8873,2473,350,1326,91,1007,3769,305,256,2656,400,3668,5104,2168
2010,March,3,29,Niagara,35,45,31,34,187,13,14,11,6,3,56,4,21,34,25,31,131,9
2010,March,3,30,Oneida,7,56,30,10,84,12,5,24,14,2,45,5,2,32,16,8,39,7
2010,March,3,31,Onondaga,35,139,58,114,303,19,21,58,26,10,147,5,14,81,32,104,156,14
2010,March,3,32,Ontario,10,35,16,20,32,5,6,10,4,5,7,1,4,25,12,15,25,4
2010,March,3,33,Orange,27,49,87,14,129,11,14,24,21,1,39,3,13,25,66,13,90,8
2010,March,3,34,Orleans,9,28,4,9,18,4,4,12,1,2,8,1,5,16,3,7,10,3
2010,March,3,35,Oswego,26,13,8,4,75,7,22,4,4,1,41,0,4,9,4,3,34,7
2010,March,3,36,Otsego,1,7,4,4,6,0,1,1,1,0,4,0,0,6,3,4,2,0
2010,March,3,37,Putnam,0,4,0,0,2,1,0,3,0,0,0,0,0,1,0,0,2,1
2010,March,3,38,Rensselaer,11,36,17,1,62,6,9,22,10,1,42,2,2,14,7,0,20,4
2010,March,3,39,Rockland,12,34,13,8,52,6,6,11,3,0,16,1,6,23,10,8,36,5
2010,March,3,41,Saratoga,10,12,2,1,4,0,5,1,1,1,1,0,5,11,1,0,3,0
2010,March,3,42,Schenectady,15,39,24,15,42,6,11,10,7,1,18,4,4,29,17,14,24,2
2010,March,3,43,Schoharie,2,6,3,1,4,1,1,3,1,0,1,0,1,3,2,1,3,1
2010,March,3,44,Schuyler,3,3,3,0,7,1,2,1,2,0,5,1,1,2,1,0,2,0
2010,March,3,45,Seneca,2,5,5,3,3,1,1,2,3,3,2,0,1,3,2,0,1,1
2010,March,3,46,Steuben,17,32,14,18,43,5,6,12,2,5,17,1,11,20,12,13,26,4
2010,March,3,40,St. Lawrence,27,40,14,6,45,4,16,11,5,1,14,2,11,29,9,5,31,2
2010,March,3,47,Suffolk,93,175,100,99,718,27,44,63,23,5,144,2,49,112,77,94,574,25
2010,March,3,48,Sullivan,8,12,23,19,35,3,6,7,10,5,13,1,2,5,13,14,22,2
2010,March,3,49,Tioga,8,12,9,2,9,2,8,3,2,0,8,1,0,9,7,2,1,1
2010,March,3,50,Tompkins,12,25,14,16,47,7,4,4,4,3,19,3,8,21,10,13,28,4
2010,March,3,51,Ulster,11,54,38,8,77,16,8,17,11,1,28,10,3,37,27,7,49,6
2010,March,3,52,Warren,10,14,5,12,15,0,2,2,2,3,8,0,8,12,3,9,7,0
2010,March,3,53,Washington,5,17,4,7,24,0,1,8,2,3,13,0,4,9,2,4,11,0
2010,March,3,54,Wayne,10,19,13,0,9,2,6,4,6,0,4,0,4,15,7,0,5,2
2010,March,3,55,Westchester,39,129,140,64,447,21,23,41,29,9,146,4,16,88,111,55,301,17
2010,March,3,56,Wyoming,4,5,0,2,7,1,3,5,0,0,4,0,1,0,0,2,3,1
2010,March,3,57,Yates,3,4,4,2,1,3,3,2,0,1,1,1,0,2,4,1,0,2
2010,February,2,1,Albany,25,89,119,45,122,7,12,33,55,9,33,4,13,56,64,36,89,3
2010,February,2,2,Allegany,3,12,7,12,22,2,3,9,4,2,10,1,0,3,3,10,12,1
2010,February,2,3,Broome,33,89,67,54,204,16,14,37,18,13,76,3,19,52,49,41,128,13
2010,February,2,4,Cattaraugus,14,17,11,5,22,1,5,4,7,1,8,1,9,13,4,4,14,0
2010,February,2,5,Cayuga,7,7,4,3,6,3,4,2,1,1,3,3,3,5,3,2,3,0
2010,February,2,6,Chautauqua,22,47,30,14,60,4,15,22,7,3,32,2,7,25,23,11,28,2
2010,February,2,7,Chemung,15,24,17,5,36,8,6,12,2,0,11,2,9,12,15,5,25,6
2010,February,2,8,Chenango,5,9,3,2,16,0,3,5,2,1,8,0,2,4,1,1,8,0
2010,February,2,9,Clinton,21,26,24,6,49,7,10,9,3,1,23,3,11,17,21,5,26,4
2010,February,2,10,Columbia,10,4,13,3,16,0,6,1,3,0,2,0,4,3,10,3,14,0
2010,February,2,11,Cortland,5,22,5,2,7,3,4,8,0,1,0,1,1,14,5,1,7,2
2010,February,2,12,Delaware,2,6,3,1,5,1,2,3,0,0,1,0,0,3,3,1,4,1
2010,February,2,13,Dutchess,15,18,23,21,91,4,6,5,8,4,31,2,9,13,15,17,60,2
2010,February,2,14,Erie,191,207,89,167,415,27,56,82,31,36,131,8,135,125,58,131,284,19
2010,February,2,15,Essex,1,0,3,2,6,0,0,0,1,1,1,0,1,0,2,1,5,0
2010,February,2,16,Franklin,5,10,7,11,9,1,1,2,2,1,1,0,4,8,5,10,8,1
2010,February,2,17,Fulton,15,19,1,4,37,0,6,9,1,0,17,0,9,10,0,4,20,0
2010,February,2,18,Genesee,5,5,8,2,19,0,4,3,1,0,9,0,1,2,7,2,10,0
2010,February,2,19,Greene,4,24,13,12,13,2,1,5,5,1,9,1,3,19,8,11,4,1
2010,February,2,20,Hamilton,0,0,0,0,2,0,0,0,0,0,2,0,0,0,0,0,0,0
2010,February,2,21,Herkimer,6,8,2,13,22,1,2,4,0,2,12,0,4,4,2,11,10,1
2010,February,2,22,Jefferson,28,30,6,16,43,6,13,4,0,1,14,0,15,26,6,15,29,6
2010,February,2,23,Lewis,1,2,0,1,1,1,1,1,0,1,0,1,0,1,0,0,1,0
2010,February,2,24,Livingston,13,20,10,7,11,1,4,7,3,2,3,0,9,13,7,5,8,1
2010,February,2,25,Madison,9,9,7,1,19,1,6,0,5,0,11,0,3,9,2,1,8,1
2010,February,2,26,Monroe,23,244,90,55,456,44,14,81,25,7,149,13,9,163,65,48,307,31
2010,February,2,27,Montgomery,5,18,7,5,27,3,2,7,3,1,16,0,3,11,4,4,11,3
2010,February,2,28,Nassau,45,147,95,46,343,31,24,48,21,10,71,6,21,99,74,36,272,25
2010,February,2,66,New York City,525,3129,314,3810,6085,2124,318,992,55,822,2461,196,207,2137,259,2988,3624,1928
2010,February,2,29,Niagara,29,46,13,30,151,15,14,17,3,6,40,3,15,29,10,24,111,12
2010,February,2,30,Oneida,6,49,22,16,94,14,3,17,11,5,38,3,3,32,11,11,56,11
2010,February,2,31,Onondaga,37,132,31,78,318,28,23,54,13,10,160,12,14,78,18,68,158,16
2010,February,2,32,Ontario,8,23,17,15,28,1,5,11,4,1,7,0,3,12,13,14,21,1
2010,February,2,33,Orange,20,43,49,11,107,9,10,20,17,2,27,1,10,23,32,9,80,8
2010,February,2,34,Orleans,10,16,7,8,23,3,5,5,3,3,7,0,5,11,4,5,16,3
2010,February,2,35,Oswego,17,20,4,9,67,11,11,6,3,2,26,3,6,14,1,7,41,8
2010,February,2,36,Otsego,1,7,1,2,4,1,1,1,1,1,1,0,0,6,0,1,3,1
2010,February,2,37,Putnam,0,1,1,0,2,0,0,0,1,0,0,0,0,1,0,0,2,0
2010,February,2,38,Rensselaer,7,34,15,1,67,2,4,20,9,0,51,1,3,14,6,1,16,1
2010,February,2,39,Rockland,5,25,13,10,42,8,2,13,6,0,15,2,3,12,7,10,27,6
2010,February,2,41,Saratoga,3,9,1,0,7,0,1,1,1,0,2,0,2,8,0,0,5,0
2010,February,2,42,Schenectady,13,25,21,29,62,7,8,5,9,7,22,1,5,20,12,22,40,6
2010,February,2,43,Schoharie,1,4,2,0,5,1,1,0,0,0,1,1,0,4,2,0,4,0
2010,February,2,44,Schuyler,1,6,8,1,8,1,0,3,2,0,5,0,1,3,6,1,3,1
2010,February,2,45,Seneca,1,1,2,0,0,1,0,0,2,0,0,0,1,1,0,0,0,1
2010,February,2,46,Steuben,12,23,9,13,56,7,5,9,1,5,20,4,7,14,8,8,36,3
2010,February,2,40,St. Lawrence,13,24,14,3,49,5,9,12,4,0,20,4,4,12,10,3,29,1
2010,February,2,47,Suffolk,62,125,62,95,566,39,28,36,17,6,142,7,34,89,45,89,424,32
2010,February,2,48,Sullivan,10,26,16,14,25,6,8,7,7,4,15,0,2,19,9,10,10,6
2010,February,2,49,Tioga,9,11,9,1,16,1,7,2,7,0,9,0,2,9,2,1,7,1
2010,February,2,50,Tompkins,17,40,9,9,31,5,9,13,4,3,11,1,8,27,5,6,20,4
2010,February,2,51,Ulster,12,26,42,8,73,10,7,10,11,1,32,3,5,16,31,7,41,7
2010,February,2,52,Warren,8,8,3,15,11,1,2,1,1,3,5,0,6,7,2,12,6,1
2010,February,2,53,Washington,5,7,14,10,11,1,5,5,5,4,6,0,0,2,9,6,5,1
2010,February,2,54,Wayne,7,8,12,0,8,2,4,2,6,0,4,0,3,6,6,0,4,2
2010,February,2,55,Westchester,26,113,104,77,433,25,17,40,12,14,137,6,9,73,92,63,296,19
2010,February,2,56,Wyoming,3,4,1,2,4,0,1,3,0,0,2,0,2,1,1,2,2,0
2010,February,2,57,Yates,2,3,3,1,1,1,2,3,1,0,0,0,0,0,2,1,1,1
2010,January,1,1,Albany,18,84,72,41,151,6,8,32,30,7,55,2,10,52,42,34,96,4
2010,January,1,2,Allegany,6,13,13,13,14,0,5,5,5,0,8,0,1,8,8,13,6,0
2010,January,1,3,Broome,26,70,57,36,159,15,14,20,11,6,48,4,12,50,46,30,111,11
2010,January,1,4,Cattaraugus,9,7,10,4,21,1,5,1,4,0,8,1,4,6,6,4,13,0
2010,January,1,5,Cayuga,5,2,8,8,13,2,4,2,2,2,4,1,1,0,6,6,9,1
2010,January,1,6,Chautauqua,7,42,33,9,49,2,5,16,12,3,27,2,2,26,21,6,22,0
2010,January,1,7,Chemung,9,25,20,8,26,2,6,9,1,2,14,1,3,16,19,6,12,1
2010,January,1,8,Chenango,5,11,2,0,12,2,5,3,1,0,6,0,0,8,1,0,6,2
2010,January,1,9,Clinton,6,29,12,9,45,7,3,8,3,2,21,3,3,21,9,7,24,4
2010,January,1,10,Columbia,1,8,3,1,12,2,0,0,1,0,1,0,1,8,2,1,11,2
2010,January,1,11,Cortland,9,18,8,5,13,3,5,11,2,1,3,1,4,7,6,4,10,2
2010,January,1,12,Delaware,3,5,4,1,16,0,3,2,2,0,7,0,0,3,2,1,9,0
2010,January,1,13,Dutchess,13,33,12,17,90,8,9,14,2,2,25,5,4,19,10,15,65,3
2010,January,1,14,Erie,216,211,110,164,350,31,52,92,42,32,125,13,164,119,68,132,225,18
2010,January,1,15,Essex,1,2,0,3,3,1,0,1,0,1,1,0,1,1,0,2,2,1
2010,January,1,16,Franklin,6,5,9,5,17,1,4,3,6,3,4,0,2,2,3,2,13,1
2010,January,1,17,Fulton,12,15,1,9,43,0,5,1,1,1,18,0,7,14,0,8,25,0
2010,January,1,18,Genesee,4,11,2,2,15,0,3,4,1,0,9,0,1,7,1,2,6,0
2010,January,1,19,Greene,8,22,5,7,15,5,3,9,1,1,7,4,5,13,4,6,8,1
2010,January,1,20,Hamilton,1,3,0,0,5,0,0,2,0,0,4,0,1,1,0,0,1,0
2010,January,1,21,Herkimer,3,9,5,9,20,2,2,5,1,1,6,0,1,4,4,8,14,2
2010,January,1,22,Jefferson,32,16,12,5,45,2,17,4,5,0,9,0,15,12,7,5,36,2
2010,January,1,23,Lewis,2,2,1,0,2,0,1,0,0,0,2,0,1,2,1,0,0,0
2010,January,1,24,Livingston,3,9,8,7,18,3,1,4,5,1,5,2,2,5,3,6,13,1
2010,January,1,25,Madison,5,7,2,1,10,0,3,1,1,1,8,0,2,6,1,0,2,0
2010,January,1,26,Monroe,30,251,87,55,460,43,18,72,21,7,154,16,12,179,66,48,306,27
2010,January,1,27,Montgomery,10,13,12,8,26,2,7,8,6,1,16,1,3,5,6,7,10,1
2010,January,1,28,Nassau,50,156,105,51,413,49,26,47,23,15,88,20,24,109,82,36,325,29
2010,January,1,66,New York City,505,2656,321,3982,4334,2006,300,890,59,898,1636,191,205,1766,262,3084,2698,1815
2010,January,1,29,Niagara,24,63,19,31,188,3,16,29,3,2,63,1,8,34,16,29,125,2
2010,January,1,30,Oneida,21,34,37,6,72,9,11,11,15,1,40,1,10,23,22,5,32,8
2010,January,1,31,Onondaga,24,104,54,91,300,19,19,53,24,12,155,4,5,51,30,79,145,15
2010,January,1,32,Ontario,8,23,13,10,36,1,2,7,4,2,11,0,6,16,9,8,25,1
2010,January,1,33,Orange,18,61,66,13,121,6,9,17,15,4,37,2,9,44,51,9,84,4
2010,January,1,34,Orleans,5,16,10,8,20,3,4,9,4,0,8,1,1,7,6,8,12,2
2010,January,1,35,Oswego,9,12,4,7,52,6,5,5,3,3,24,2,4,7,1,4,28,4
2010,January,1,36,Otsego,3,5,2,0,9,1,2,1,1,0,5,1,1,4,1,0,4,0
2010,January,1,37,Putnam,0,5,2,0,0,0,0,3,0,0,0,0,0,2,2,0,0,0
2010,January,1,38,Rensselaer,10,32,16,3,60,3,9,20,12,0,34,2,1,12,4,3,26,1
2010,January,1,39,Rockland,15,37,9,4,60,5,9,11,4,0,18,1,6,26,5,4,42,4
2010,January,1,41,Saratoga,4,7,4,1,11,0,2,1,2,0,5,0,2,6,2,1,6,0
2010,January,1,42,Schenectady,4,27,19,14,51,8,2,9,7,4,17,3,2,18,12,10,34,5
2010,January,1,43,Schoharie,1,4,2,1,9,1,0,2,2,1,7,0,1,2,0,0,2,1
2010,January,1,44,Schuyler,3,3,9,0,7,1,1,2,6,0,4,0,2,1,3,0,3,1
2010,January,1,45,Seneca,1,6,2,0,0,0,1,1,1,0,0,0,0,5,1,0,0,0
2010,January,1,46,Steuben,8,20,10,7,33,4,6,5,5,0,15,1,2,15,5,7,18,3
2010,January,1,40,St. Lawrence,14,22,13,5,43,2,9,12,6,3,15,1,5,10,7,2,28,1
2010,January,1,47,Suffolk,51,133,71,99,606,31,28,41,18,4,136,3,23,92,53,95,470,28
2010,January,1,48,Sullivan,3,21,22,29,17,2,1,10,6,9,7,0,2,11,16,20,10,2
2010,January,1,49,Tioga,8,11,6,1,11,1,6,2,2,0,6,1,2,9,4,1,5,0
2010,January,1,50,Tompkins,16,22,9,13,35,7,9,8,2,0,12,2,7,14,7,13,23,5
2010,January,1,51,Ulster,12,24,31,5,62,8,7,9,13,3,23,6,5,15,18,2,39,2
2010,January,1,52,Warren,8,9,5,15,9,2,2,2,0,2,3,0,6,7,5,13,6,2
2010,January,1,53,Washington,2,6,9,8,11,1,1,2,5,3,5,0,1,4,4,5,6,1
2010,January,1,54,Wayne,8,7,8,1,11,0,5,1,1,0,4,0,3,6,7,1,7,0
2010,January,1,55,Westchester,34,134,99,37,409,25,17,44,23,8,144,12,17,90,76,29,265,13
2010,January,1,56,Wyoming,4,5,5,3,5,1,2,0,3,0,4,0,2,5,2,3,1,1
2010,January,1,57,Yates,0,2,2,1,2,1,0,1,1,1,1,0,0,1,1,0,1,1
2009,December,12,1,Albany,34,94,106,47,112,5,19,32,29,12,30,1,15,62,77,35,82,4
2009,December,12,2,Allegany,5,14,3,11,20,0,4,5,2,0,12,0,1,9,1,11,8,0
2009,December,12,3,Broome,45,77,47,41,155,12,21,19,12,11,54,6,24,58,35,30,101,6
2009,December,12,4,Cattaraugus,9,11,7,13,21,2,6,4,4,3,8,1,3,7,3,10,13,1
2009,December,12,5,Cayuga,5,12,3,4,12,0,3,2,0,1,7,0,2,10,3,3,5,0
2009,December,12,6,Chautauqua,10,56,35,6,51,6,6,30,12,1,25,4,4,26,23,5,26,2
2009,December,12,7,Chemung,3,21,7,3,35,4,2,7,3,0,12,3,1,14,4,3,23,1
2009,December,12,8,Chenango,4,8,6,1,11,1,3,3,4,0,5,0,1,5,2,1,6,1
2009,December,12,9,Clinton,12,28,12,8,44,9,7,6,5,1,13,3,5,22,7,7,31,6
2009,December,12,10,Columbia,8,13,12,0,14,5,4,4,4,0,1,2,4,9,8,0,13,3
2009,December,12,11,Cortland,15,15,8,3,11,2,13,9,4,0,2,1,2,6,4,3,9,1
2009,December,12,12,Delaware,1,6,3,0,18,2,1,2,3,0,8,2,0,4,0,0,10,0
2009,December,12,13,Dutchess,10,34,23,30,83,11,5,15,8,10,29,2,5,19,15,20,54,9
2009,December,12,14,Erie,238,258,99,140,395,30,71,108,33,29,124,14,167,150,66,111,271,16
2009,December,12,15,Essex,1,4,0,2,13,1,0,1,0,2,5,0,1,3,0,0,8,1
2009,December,12,16,Franklin,5,11,4,11,12,1,4,6,1,2,8,0,1,5,3,9,4,1
2009,December,12,17,Fulton,8,12,1,2,24,1,4,7,1,1,12,0,4,5,0,1,12,1
2009,December,12,18,Genesee,3,4,1,1,21,0,3,0,0,0,8,0,0,4,1,1,13,0
2009,December,12,19,Greene,6,22,13,4,18,5,3,8,3,0,6,1,3,14,10,4,12,4
2009,December,12,20,Hamilton,0,1,0,0,0,0,0,1,0,0,0,0,0,0,0,0,0,0
2009,December,12,21,Herkimer,3,6,6,5,22,2,1,2,3,2,9,0,2,4,3,3,13,2
2009,December,12,22,Jefferson,21,20,18,8,46,6,9,8,2,1,18,1,12,12,16,7,28,5
2009,December,12,23,Lewis,4,2,1,1,3,0,4,2,1,0,0,0,0,0,0,1,3,0
2009,December,12,24,Livingston,8,14,16,1,18,0,4,7,2,0,7,0,4,7,14,1,11,0
2009,December,12,25,Madison,4,7,6,2,11,5,2,5,5,2,7,2,2,2,1,0,4,3
2009,December,12,26,Monroe,25,283,76,56,438,44,15,79,28,7,126,14,10,204,48,49,312,30
2009,December,12,27,Montgomery,10,11,13,6,27,1,3,3,4,2,12,1,7,8,9,4,15,0
2009,December,12,28,Nassau,55,168,96,65,406,26,36,55,18,7,87,2,19,113,78,58,319,24
2009,December,12,66,New York City,525,3842,409,5009,6192,2431,294,1285,70,1214,2449,244,231,2557,339,3795,3743,2187
2009,December,12,29,Niagara,16,52,31,36,155,11,7,26,10,4,45,4,9,26,21,32,110,7
2009,December,12,30,Oneida,11,44,26,6,74,13,6,20,10,2,29,2,5,24,16,4,45,11
2009,December,12,31,Onondaga,37,139,47,99,331,14,23,59,18,13,131,5,14,80,29,86,200,9
2009,December,12,32,Ontario,6,22,12,11,30,2,3,5,5,2,7,1,3,17,7,9,23,1
2009,December,12,33,Orange,23,77,41,12,106,12,12,28,16,1,33,3,11,49,25,11,73,9
2009,December,12,34,Orleans,1,13,6,7,25,1,0,7,0,2,10,0,1,6,6,5,15,1
2009,December,12,35,Oswego,11,21,5,8,71,4,3,6,3,2,35,1,8,15,2,6,36,3
2009,December,12,36,Otsego,2,5,2,1,10,0,1,3,1,0,4,0,1,2,1,1,6,0
2009,December,12,37,Putnam,0,6,3,1,0,0,0,2,3,0,0,0,0,4,0,1,0,0
2009,December,12,38,Rensselaer,3,42,27,4,59,8,3,30,17,1,37,4,0,12,10,3,22,4
2009,December,12,39,Rockland,9,32,9,8,54,9,5,13,3,0,23,1,4,19,6,8,31,8
2009,December,12,41,Saratoga,2,3,3,3,7,2,2,0,0,0,1,0,0,3,3,3,6,2
2009,December,12,42,Schenectady,8,24,23,13,60,2,2,7,6,4,21,2,6,17,17,9,39,0
2009,December,12,43,Schoharie,1,7,1,0,3,0,1,1,0,0,0,0,0,6,1,0,3,0
2009,December,12,44,Schuyler,1,7,7,1,6,0,1,4,3,0,3,0,0,3,4,1,3,0
2009,December,12,45,Seneca,2,3,2,0,0,0,2,0,0,0,0,0,0,3,2,0,0,0
2009,December,12,46,Steuben,6,13,7,11,23,3,4,4,3,3,10,2,2,9,4,8,13,1
2009,December,12,40,St. Lawrence,13,30,13,7,64,6,5,12,4,0,34,0,8,18,9,7,30,6
2009,December,12,47,Suffolk,69,158,70,90,691,30,30,59,19,7,163,5,39,99,51,83,528,25
2009,December,12,48,Sullivan,7,16,14,31,27,9,6,8,6,8,10,6,1,8,8,23,17,3
2009,December,12,49,Tioga,5,10,6,3,13,4,2,6,1,1,4,2,3,4,5,2,9,2
2009,December,12,50,Tompkins,11,18,14,12,44,8,5,7,1,2,12,1,6,11,13,10,32,7
2009,December,12,51,Ulster,10,35,42,3,54,7,7,9,12,1,14,4,3,26,30,2,40,3
2009,December,12,52,Warren,3,9,6,17,9,1,1,1,3,1,4,0,2,8,3,16,5,1
2009,December,12,53,Washington,1,8,10,2,11,0,0,2,4,0,4,0,1,6,6,2,7,0
2009,December,12,54,Wayne,1,7,10,1,7,1,1,4,2,0,3,1,0,3,8,1,4,0
2009,December,12,55,Westchester,30,147,91,48,377,21,14,40,19,4,166,9,16,107,72,44,211,12
2009,December,12,56,Wyoming,3,12,1,1,4,0,3,7,0,1,2,0,0,5,1,0,2,0
2009,December,12,57,Yates,0,2,2,0,3,1,0,0,1,0,0,1,0,2,1,0,3,0
2009,November,11,1,Albany,27,90,78,35,148,6,16,40,22,7,49,2,11,50,56,28,99,4
2009,November,11,2,Allegany,12,14,13,11,16,2,10,4,3,2,9,1,2,10,10,9,7,1
2009,November,11,3,Broome,34,87,53,48,168,16,13,32,15,5,74,4,21,55,38,43,94,12
2009,November,11,4,Cattaraugus,12,11,8,3,14,1,9,4,4,0,6,0,3,7,4,3,8,1
2009,November,11,5,Cayuga,10,9,5,4,14,2,6,2,1,0,8,2,4,7,4,4,6,0
2009,November,11,6,Chautauqua,13,68,29,2,57,6,7,34,12,0,29,3,6,34,17,2,28,3
2009,November,11,7,Chemung,4,29,16,4,30,6,4,11,6,0,17,3,0,18,10,4,13,3
2009,November,11,8,Chenango,1,8,3,1,7,0,1,2,1,0,6,0,0,6,2,1,1,0
2009,November,11,9,Clinton,15,35,10,6,36,5,8,17,0,1,15,1,7,18,10,5,21,4
2009,November,11,10,Columbia,3,12,15,3,9,1,2,7,2,2,3,1,1,5,13,1,6,0
2009,November,11,11,Cortland,10,19,11,3,15,0,6,10,7,0,6,0,4,9,4,3,9,0
2009,November,11,12,Delaware,2,7,5,4,18,0,2,4,0,1,8,0,0,3,5,3,10,0
2009,November,11,13,Dutchess,10,58,18,12,67,7,4,29,5,3,23,3,6,29,13,9,44,4
2009,November,11,14,Erie,190,295,101,116,373,36,58,116,40,29,121,13,132,179,61,87,252,23
2009,November,11,15,Essex,1,5,0,3,10,1,0,3,0,0,7,0,1,2,0,3,3,1
2009,November,11,16,Franklin,5,13,9,7,13,1,3,3,3,2,2,0,2,10,6,5,11,1
2009,November,11,17,Fulton,2,17,2,0,26,1,1,10,1,0,15,0,1,7,1,0,11,1
2009,November,11,18,Genesee,7,7,4,2,19,1,5,3,2,0,9,0,2,4,2,2,10,1
2009,November,11,19,Greene,6,9,11,6,9,0,5,3,2,1,3,0,1,6,9,5,6,0
2009,November,11,20,Hamilton,1,0,0,0,0,0,1,0,0,0,0,0,0,0,0,0,0,0
2009,November,11,21,Herkimer,4,14,6,10,29,3,3,3,2,3,13,1,1,11,4,7,16,2
2009,November,11,22,Jefferson,19,28,18,5,51,4,8,9,6,2,9,2,11,19,12,3,42,2
2009,November,11,23,Lewis,2,0,2,0,2,1,1,0,0,0,2,1,1,0,2,0,0,0
2009,November,11,24,Livingston,9,19,8,6,16,5,4,7,3,0,4,2,5,12,5,6,12,3
2009,November,11,25,Madison,3,2,4,1,10,7,2,0,3,1,5,3,1,2,1,0,5,4
2009,November,11,26,Monroe,26,291,65,51,440,44,12,98,15,4,158,19,14,193,50,47,282,25
2009,November,11,27,Montgomery,2,20,10,2,29,1,0,8,5,1,15,1,2,12,5,1,14,0
2009,November,11,28,Nassau,36,114,73,61,395,27,19,45,12,10,88,7,17,69,61,51,307,20
2009,November,11,66,New York City,451,3894,388,4395,5232,2120,264,1229,81,984,1936,213,187,2665,307,3411,3296,1907
2009,November,11,29,Niagara,17,74,21,39,135,11,10,31,7,4,37,3,7,43,14,35,98,8
2009,November,11,30,Oneida,14,37,21,11,78,14,9,18,5,0,37,2,5,19,16,11,41,12
2009,November,11,31,Onondaga,30,131,63,73,325,21,16,62,28,11,140,2,14,69,35,62,185,19
2009,November,11,32,Ontario,9,22,17,17,31,5,5,8,4,3,11,3,4,14,13,14,20,2
2009,November,11,33,Orange,24,74,64,11,147,11,11,39,20,1,54,3,13,35,44,10,93,8
2009,November,11,34,Orleans,3,17,6,11,22,2,1,8,3,2,10,1,2,9,3,9,12,1
2009,November,11,35,Oswego,13,13,6,9,67,6,8,1,4,2,19,2,5,12,2,7,48,4
2009,November,11,36,Otsego,4,5,0,1,4,1,3,1,0,0,1,1,1,4,0,1,3,0
2009,November,11,37,Putnam,1,3,1,1,0,0,0,1,1,0,0,0,1,2,0,1,0,0
2009,November,11,38,Rensselaer,10,45,25,6,46,5,7,32,18,0,34,4,3,13,7,6,12,1
2009,November,11,39,Rockland,1,29,11,6,45,6,1,7,4,0,15,3,0,22,7,6,30,3
2009,November,11,41,Saratoga,2,4,2,0,14,0,0,1,1,0,4,0,2,3,1,0,10,0
2009,November,11,42,Schenectady,6,35,17,20,43,3,4,16,7,4,17,2,2,19,10,16,26,1
2009,November,11,43,Schoharie,2,4,3,0,7,1,1,1,3,0,2,1,1,3,0,0,5,0
2009,November,11,44,Schuyler,2,2,3,0,3,2,1,0,2,0,2,1,1,2,1,0,1,1
2009,November,11,45,Seneca,1,4,4,0,0,0,0,1,1,0,0,0,1,3,3,0,0,0
2009,November,11,46,Steuben,6,37,13,2,36,3,1,16,5,0,14,1,5,21,8,2,22,2
2009,November,11,40,St. Lawrence,13,33,14,5,42,3,9,12,6,1,16,1,4,21,8,4,26,2
2009,November,11,47,Suffolk,68,192,76,101,748,22,31,74,20,8,188,2,37,118,56,93,560,20
2009,November,11,48,Sullivan,7,18,14,14,18,1,6,8,7,4,5,0,1,10,7,10,13,1
2009,November,11,49,Tioga,2,8,12,3,11,2,2,1,6,0,4,0,0,7,6,3,7,2
2009,November,11,50,Tompkins,10,29,7,10,50,6,4,16,4,2,24,3,6,13,3,8,26,3
2009,November,11,51,Ulster,11,40,43,5,62,12,6,19,15,1,22,7,5,21,28,4,40,5
2009,November,11,52,Warren,3,9,2,6,13,1,0,2,1,1,4,1,3,7,1,5,9,0
2009,November,11,53,Washington,6,22,10,8,17,1,5,13,6,1,8,0,1,9,4,7,9,1
2009,November,11,54,Wayne,4,7,4,1,10,0,2,1,2,0,5,0,2,6,2,1,5,0
2009,November,11,55,Westchester,33,150,128,63,437,32,12,43,21,7,154,2,21,107,107,56,283,30
2009,November,11,56,Wyoming,5,6,4,0,6,1,4,2,1,0,2,0,1,4,3,0,4,1
2009,November,11,57,Yates,0,6,3,0,2,0,0,1,0,0,2,0,0,5,3,0,0,0
2009,October,10,1,Albany,25,84,102,61,182,7,8,34,40,12,43,3,17,50,62,49,139,4
2009,October,10,2,Allegany,8,17,7,9,13,0,4,12,3,0,8,0,4,5,4,9,5,0
2009,October,10,3,Broome,48,94,64,26,113,19,28,29,11,5,44,9,20,65,53,21,69,10
2009,October,10,4,Cattaraugus,12,9,4,7,15,2,8,3,2,1,2,1,4,6,2,6,13,1
2009,October,10,5,Cayuga,12,13,5,3,13,2,10,3,2,0,4,1,2,10,3,3,9,1
2009,October,10,6,Chautauqua,9,52,35,5,25,7,7,24,15,3,11,4,2,28,20,2,14,3
2009,October,10,7,Chemung,10,30,14,13,41,3,7,9,3,3,14,0,3,21,11,10,27,3
2009,October,10,8,Chenango,7,8,5,3,8,1,4,2,4,0,7,1,3,6,1,3,1,0
2009,October,10,9,Clinton,17,28,10,11,47,3,8,13,1,4,14,2,9,15,9,7,33,1
2009,October,10,10,Columbia,4,9,13,8,20,1,3,1,5,1,7,0,1,8,8,7,13,1
2009,October,10,11,Cortland,6,16,0,4,3,1,5,7,0,0,0,0,1,9,0,4,3,1
2009,October,10,12,Delaware,3,10,5,2,11,1,3,4,3,1,4,0,0,6,2,1,7,1
2009,October,10,13,Dutchess,9,32,20,17,64,4,5,12,11,6,27,2,4,20,9,11,37,2
2009,October,10,14,Erie,216,283,122,177,465,35,86,141,45,41,137,15,130,142,77,136,328,20
2009,October,10,15,Essex,1,4,1,0,6,0,0,1,0,0,3,0,1,3,1,0,3,0
2009,October,10,16,Franklin,6,12,0,6,7,2,5,2,0,2,2,0,1,10,0,4,5,2
2009,October,10,17,Fulton,4,19,4,1,32,1,0,8,0,0,15,1,4,11,4,1,17,0
2009,October,10,18,Genesee,2,12,4,3,10,0,1,5,1,0,4,0,1,7,3,3,6,0
2009,October,10,19,Greene,5,28,10,7,19,0,5,7,3,2,5,0,0,21,7,5,14,0
2009,October,10,20,Hamilton,1,0,0,0,0,0,1,0,0,0,0,0,0,0,0,0,0,0
2009,October,10,21,Herkimer,6,5,7,12,11,5,4,1,5,3,3,1,2,4,2,9,8,4
2009,October,10,22,Jefferson,21,35,22,3,46,3,15,8,3,0,6,0,6,27,19,3,40,3
2009,October,10,23,Lewis,3,2,1,0,6,0,1,1,0,0,4,0,2,1,1,0,2,0
2009,October,10,24,Livingston,6,18,10,5,15,5,5,10,1,2,8,3,1,8,9,3,7,2
2009,October,10,25,Madison,0,7,5,1,23,0,0,4,2,1,13,0,0,3,3,0,10,0
2009,October,10,26,Monroe,30,316,118,80,491,41,19,98,41,13,144,13,11,218,77,67,347,28
2009,October,10,27,Montgomery,10,19,9,7,28,1,6,7,6,2,17,0,4,12,3,5,11,1
2009,October,10,28,Nassau,28,151,102,87,395,30,19,65,20,17,106,6,9,86,82,70,289,24
2009,October,10,66,New York City,520,3161,392,4213,4355,2295,319,996,74,1141,1643,218,201,2165,318,3072,2712,2077
2009,October,10,29,Niagara,29,74,20,35,130,17,14,24,7,8,37,4,15,50,13,27,93,13
2009,October,10,30,Oneida,13,51,24,7,93,15,11,23,10,2,49,4,2,28,14,5,44,11
2009,October,10,31,Onondaga,31,135,39,55,387,25,22,54,19,13,190,8,9,81,20,42,197,17
2009,October,10,32,Ontario,9,31,15,20,30,2,4,15,7,4,14,0,5,16,8,16,16,2
2009,October,10,33,Orange,26,63,65,19,139,11,17,33,15,7,50,3,9,30,50,12,89,8
2009,October,10,34,Orleans,7,21,8,12,22,4,5,6,5,4,4,2,2,15,3,8,18,2
2009,October,10,35,Oswego,10,11,13,5,41,4,7,3,5,1,19,2,3,8,8,4,22,2
2009,October,10,36,Otsego,5,2,1,1,4,1,4,0,0,0,0,1,1,2,1,1,4,0
2009,October,10,37,Putnam,0,5,1,0,2,0,0,1,0,0,0,0,0,4,1,0,2,0
2009,October,10,38,Rensselaer,17,46,26,3,51,5,15,28,15,1,33,1,2,18,11,2,18,4
2009,October,10,39,Rockland,8,52,16,7,84,7,3,16,5,0,30,2,5,36,11,7,54,5
2009,October,10,41,Saratoga,9,11,10,0,6,0,3,1,4,0,1,0,6,10,6,0,5,0
2009,October,10,42,Schenectady,12,36,25,21,89,5,5,6,12,8,36,1,7,30,13,13,53,4
2009,October,10,43,Schoharie,1,1,1,0,5,1,1,0,0,0,3,1,0,1,1,0,2,0
2009,October,10,44,Schuyler,0,4,5,1,7,3,0,1,3,0,3,0,0,3,2,1,4,3
2009,October,10,45,Seneca,3,1,2,0,2,0,0,0,0,0,0,0,3,1,2,0,2,0
2009,October,10,46,Steuben,10,22,23,6,31,7,6,6,10,1,12,4,4,16,13,5,19,3
2009,October,10,40,St. Lawrence,16,29,21,9,35,2,9,13,9,2,14,0,7,16,12,7,21,2
2009,October,10,47,Suffolk,98,234,99,80,862,34,42,82,25,9,190,6,56,152,74,71,672,28
2009,October,10,48,Sullivan,2,17,10,12,12,4,2,12,4,3,5,2,0,5,6,9,7,2
2009,October,10,49,Tioga,2,12,13,0,6,1,1,2,8,0,3,0,1,10,5,0,3,1
2009,October,10,50,Tompkins,10,34,9,7,38,7,6,17,3,0,16,2,4,17,6,7,22,5
2009,October,10,51,Ulster,14,50,43,5,72,16,7,23,19,1,23,5,7,27,24,4,49,11
2009,October,10,52,Warren,5,12,5,18,6,1,2,4,2,4,4,0,3,8,3,14,2,1
2009,October,10,53,Washington,8,16,6,2,13,1,4,3,2,0,7,0,4,13,4,2,6,1
2009,October,10,54,Wayne,2,22,5,2,17,0,1,6,1,1,8,0,1,16,4,1,9,0
2009,October,10,55,Westchester,31,144,132,45,375,32,18,51,22,9,127,11,13,93,110,36,248,21
2009,October,10,56,Wyoming,7,8,0,0,3,0,6,3,0,0,2,0,1,5,0,0,1,0
2009,October,10,57,Yates,1,6,0,1,4,0,0,4,0,1,4,0,1,2,0,0,0,0
2009,September,9,1,Albany,46,79,83,51,146,2,24,34,25,12,44,1,22,45,58,39,102,1
2009,September,9,2,Allegany,6,17,6,8,18,1,5,9,3,2,7,1,1,8,3,6,11,0
2009,September,9,3,Broome,44,74,58,37,131,17,23,23,16,7,41,6,21,51,42,30,90,11
2009,September,9,4,Cattaraugus,7,8,6,5,21,1,3,2,1,2,11,0,4,6,5,3,10,1
2009,September,9,5,Cayuga,6,9,6,2,6,2,5,3,3,1,2,1,1,6,3,1,4,1
2009,September,9,6,Chautauqua,18,58,34,14,33,7,14,26,16,5,23,3,4,32,18,9,10,4
2009,September,9,7,Chemung,6,18,8,3,29,3,1,4,3,0,19,0,5,14,5,3,10,3
2009,September,9,8,Chenango,5,11,1,4,24,2,4,1,1,3,13,0,1,10,0,1,11,2
2009,September,9,9,Clinton,18,35,26,9,36,3,10,7,10,1,13,1,8,28,16,8,23,2
2009,September,9,10,Columbia,3,14,12,5,15,0,2,4,5,0,5,0,1,10,7,5,10,0
2009,September,9,11,Cortland,8,21,7,2,8,3,7,9,4,1,3,1,1,12,3,1,5,2
2009,September,9,12,Delaware,3,4,3,1,18,1,1,3,0,1,9,1,2,1,3,0,9,0
2009,September,9,13,Dutchess,7,36,13,22,45,4,4,8,5,6,17,0,3,28,8,16,28,4
2009,September,9,14,Erie,225,251,105,168,368,28,78,107,36,50,132,9,147,144,69,118,236,19
2009,September,9,15,Essex,5,6,3,1,6,2,5,2,1,0,4,1,0,4,2,1,2,1
2009,September,9,16,Franklin,6,8,9,2,9,1,0,6,2,0,3,0,6,2,7,2,6,1
2009,September,9,17,Fulton,15,36,8,3,34,3,9,14,5,2,17,2,6,22,3,1,17,1
2009,September,9,18,Genesee,3,13,5,3,7,1,1,6,3,0,0,1,2,7,2,3,7,0
2009,September,9,19,Greene,4,11,10,2,14,3,3,4,5,0,8,1,1,7,5,2,6,2
2009,September,9,20,Hamilton,0,2,0,0,0,0,0,1,0,0,0,0,0,1,0,0,0,0
2009,September,9,21,Herkimer,7,12,6,11,23,1,4,7,0,1,13,0,3,5,6,10,10,1
2009,September,9,22,Jefferson,17,21,14,3,49,9,9,9,2,2,13,2,8,12,12,1,36,7
2009,September,9,23,Lewis,4,1,4,1,2,0,4,1,1,0,1,0,0,0,3,1,1,0
2009,September,9,24,Livingston,6,21,19,5,15,4,4,5,9,1,9,2,2,16,10,4,6,2
2009,September,9,25,Madison,3,5,2,2,14,3,2,4,1,1,10,2,1,1,1,1,4,1
2009,September,9,26,Monroe,32,267,83,70,485,38,20,74,28,10,158,10,12,193,55,60,327,28
2009,September,9,27,Montgomery,6,16,8,6,23,5,4,4,2,1,10,3,2,12,6,5,13,2
2009,September,9,28,Nassau,57,154,114,78,438,35,36,57,28,23,121,8,21,97,86,55,317,27
2009,September,9,66,New York City,487,4664,401,4283,5148,2116,297,1331,78,1142,1942,241,190,3333,323,3141,3206,1875
2009,September,9,29,Niagara,37,72,30,35,135,15,14,31,12,1,42,3,23,41,18,34,93,12
2009,September,9,30,Oneida,10,54,23,7,79,14,8,18,6,2,47,1,2,36,17,5,32,13
2009,September,9,31,Onondaga,42,149,51,47,407,21,32,73,21,9,221,8,10,76,30,38,186,13
2009,September,9,32,Ontario,9,21,19,21,27,1,4,11,10,5,11,0,5,10,9,16,16,1
2009,September,9,33,Orange,34,70,108,22,124,6,16,34,24,2,50,1,18,36,84,20,74,5
2009,September,9,34,Orleans,4,28,13,8,18,0,1,16,4,2,5,0,3,12,9,6,13,0
2009,September,9,35,Oswego,16,18,11,8,51,5,6,7,5,2,21,4,10,11,6,6,30,1
2009,September,9,36,Otsego,2,5,1,2,8,0,2,1,0,0,5,0,0,4,1,2,3,0
2009,September,9,37,Putnam,0,3,3,0,1,2,0,1,1,0,0,1,0,2,2,0,1,1
2009,September,9,38,Rensselaer,10,41,28,5,79,3,8,18,16,2,50,2,2,23,12,3,29,1
2009,September,9,39,Rockland,10,22,10,5,54,3,6,11,4,2,27,1,4,11,6,3,27,2
2009,September,9,41,Saratoga,5,7,2,0,4,0,2,0,2,0,1,0,3,7,0,0,3,0
2009,September,9,42,Schenectady,11,35,23,14,58,5,7,13,11,5,17,1,4,22,12,9,41,4
2009,September,9,43,Schoharie,1,7,2,3,4,1,0,2,1,0,2,0,1,5,1,3,2,1
2009,September,9,44,Schuyler,3,3,7,6,5,0,1,1,5,2,1,0,2,2,2,4,4,0
2009,September,9,45,Seneca,2,3,4,0,2,2,1,1,1,0,0,1,1,2,3,0,2,1
2009,September,9,46,Steuben,11,15,13,2,26,1,5,3,3,1,14,0,6,12,10,1,12,1
2009,September,9,40,St. Lawrence,12,34,29,9,41,7,9,17,13,3,20,2,3,17,16,6,21,5
2009,September,9,47,Suffolk,57,162,91,132,583,23,24,52,26,8,149,2,33,110,65,124,434,21
2009,September,9,48,Sullivan,7,17,23,8,19,4,5,5,11,3,9,1,2,12,12,5,10,3
2009,September,9,49,Tioga,4,6,12,2,3,3,2,3,7,0,1,2,2,3,5,2,2,1
2009,September,9,50,Tompkins,13,23,9,8,34,5,10,14,2,0,9,1,3,9,7,8,25,4
2009,September,9,51,Ulster,17,48,47,4,75,14,10,20,12,0,32,7,7,28,35,4,43,7
2009,September,9,52,Warren,13,17,9,11,8,4,8,6,1,2,0,1,5,11,8,9,8,3
2009,September,9,53,Washington,6,7,2,2,22,0,6,2,1,1,9,0,0,5,1,1,13,0
2009,September,9,54,Wayne,5,14,7,0,11,1,4,7,1,0,6,0,1,7,6,0,5,1
2009,September,9,55,Westchester,24,94,109,57,314,20,12,21,22,9,115,6,12,73,87,48,199,14
2009,September,9,56,Wyoming,5,5,5,2,3,1,4,3,1,0,1,0,1,2,4,2,2,1
2009,September,9,57,Yates,0,3,1,3,3,0,0,0,0,0,3,0,0,3,1,3,0,0
2009,August,8,1,Albany,32,103,95,53,157,7,10,36,30,5,49,0,22,67,65,48,108,7
2009,August,8,2,Allegany,9,16,9,7,14,5,8,7,6,2,8,2,1,9,3,5,6,3
2009,August,8,3,Broome,45,81,59,30,137,19,27,29,14,6,35,12,18,52,45,24,102,7
2009,August,8,4,Cattaraugus,13,10,5,6,14,0,9,4,1,1,4,0,4,6,4,5,10,0
2009,August,8,5,Cayuga,7,12,6,1,12,1,6,7,3,0,8,1,1,5,3,1,4,0
2009,August,8,6,Chautauqua,11,50,37,8,45,6,8,18,14,3,23,3,3,32,23,5,22,3
2009,August,8,7,Chemung,8,14,21,9,36,1,3,6,4,1,20,0,5,8,17,8,16,1
2009,August,8,8,Chenango,7,15,3,6,15,0,5,8,1,4,12,0,2,7,2,2,3,0
2009,August,8,9,Clinton,19,27,18,10,45,10,9,10,10,0,17,4,10,17,8,10,28,6
2009,August,8,10,Columbia,2,8,13,8,23,2,1,4,0,0,13,0,1,4,13,8,10,2
2009,August,8,11,Cortland,5,14,3,2,14,4,2,7,2,0,5,1,3,7,1,2,9,3
2009,August,8,12,Delaware,1,8,6,3,15,0,0,1,1,1,6,0,1,7,5,2,9,0
2009,August,8,13,Dutchess,8,31,16,26,82,12,2,10,3,7,28,6,6,21,13,19,54,6
2009,August,8,14,Erie,225,227,112,142,377,43,64,81,32,32,130,17,161,146,80,110,247,26
2009,August,8,15,Essex,1,4,2,1,10,1,1,1,0,0,5,0,0,3,2,1,5,1
2009,August,8,16,Franklin,10,8,8,5,11,0,5,5,3,2,6,0,5,3,5,3,5,0
2009,August,8,17,Fulton,10,21,6,6,44,1,4,10,2,2,17,0,6,11,4,4,27,1
2009,August,8,18,Genesee,2,10,9,2,21,1,2,5,2,1,13,0,0,5,7,1,8,1
2009,August,8,19,Greene,6,21,9,5,14,3,3,11,4,2,1,1,3,10,5,3,13,2
2009,August,8,20,Hamilton,0,0,1,0,0,0,0,0,1,0,0,0,0,0,0,0,0,0
2009,August,8,21,Herkimer,4,11,9,15,20,1,3,2,4,6,5,1,1,9,5,9,15,0
2009,August,8,22,Jefferson,14,26,21,7,60,9,6,10,2,1,17,2,8,16,19,6,43,7
2009,August,8,23,Lewis,0,2,1,0,3,1,0,1,0,0,3,1,0,1,1,0,0,0
2009,August,8,24,Livingston,6,28,21,5,12,9,1,6,7,1,5,2,5,22,14,4,7,7
2009,August,8,25,Madison,5,6,9,1,18,0,4,3,7,1,12,0,1,3,2,0,6,0
2009,August,8,26,Monroe,22,253,100,67,506,48,15,81,32,16,173,20,7,172,68,51,333,28
2009,August,8,27,Montgomery,7,21,9,4,35,1,5,9,5,1,22,1,2,12,4,3,13,0
2009,August,8,28,Nassau,45,156,107,96,447,30,25,57,28,19,99,9,20,99,79,77,348,21
2009,August,8,66,New York City,374,3527,420,4623,5376,1859,218,1121,81,1034,1937,203,156,2406,339,3589,3439,1656
2009,August,8,29,Niagara,25,66,29,26,164,14,10,30,6,5,54,4,15,36,23,21,110,10
2009,August,8,30,Oneida,12,54,24,13,88,12,7,24,13,4,41,3,5,30,11,9,47,9
2009,August,8,31,Onondaga,29,129,61,54,255,20,17,55,28,16,150,9,12,74,33,38,105,11
2009,August,8,32,Ontario,11,27,18,24,31,3,5,13,3,6,8,2,6,14,15,18,23,1
2009,August,8,33,Orange,20,56,99,19,137,12,8,29,16,2,44,5,12,27,83,17,93,7
2009,August,8,34,Orleans,8,26,12,8,17,3,4,12,6,3,8,0,4,14,6,5,9,3
2009,August,8,35,Oswego,13,13,12,6,62,5,8,3,5,3,23,1,5,10,7,3,39,4
2009,August,8,36,Otsego,1,9,0,4,8,1,1,3,0,1,6,1,0,6,0,3,2,0
2009,August,8,37,Putnam,1,3,3,1,0,0,0,0,1,0,0,0,1,3,2,1,0,0
2009,August,8,38,Rensselaer,11,37,20,3,54,4,10,26,12,2,39,1,1,11,8,1,15,3
2009,August,8,39,Rockland,11,27,15,6,50,4,9,10,4,0,22,2,2,17,11,6,28,2
2009,August,8,41,Saratoga,9,3,2,0,9,1,3,0,0,0,4,0,6,3,2,0,5,1
2009,August,8,42,Schenectady,6,25,12,20,44,9,3,9,5,5,14,4,3,16,7,15,30,5
2009,August,8,43,Schoharie,0,4,0,0,6,1,0,3,0,0,3,1,0,1,0,0,3,0
2009,August,8,44,Schuyler,1,3,6,0,5,3,1,0,5,0,1,3,0,3,1,0,4,0
2009,August,8,45,Seneca,0,3,0,0,0,0,0,1,0,0,0,0,0,2,0,0,0,0
2009,August,8,46,Steuben,14,9,10,6,22,5,7,3,5,0,9,2,7,6,5,6,13,3
2009,August,8,40,St. Lawrence,20,40,12,8,48,5,10,18,2,0,19,3,10,22,10,8,29,2
2009,August,8,47,Suffolk,72,152,93,117,597,32,30,41,26,13,150,10,42,111,67,104,447,22
2009,August,8,48,Sullivan,7,21,24,20,22,5,6,12,9,7,14,1,1,9,15,13,8,4
2009,August,8,49,Tioga,3,6,10,2,16,0,1,1,6,0,8,0,2,5,4,2,8,0
2009,August,8,50,Tompkins,9,30,16,18,56,8,5,15,8,2,16,3,4,15,8,16,40,5
2009,August,8,51,Ulster,18,55,44,9,48,7,13,19,13,3,22,3,5,36,31,6,26,4
2009,August,8,52,Warren,11,15,11,13,10,0,9,6,4,5,5,0,2,9,7,8,5,0
2009,August,8,53,Washington,2,15,8,1,15,1,1,4,3,1,8,1,1,11,5,0,7,0
2009,August,8,54,Wayne,7,15,6,2,18,0,6,4,3,0,8,0,1,11,3,2,10,0
2009,August,8,55,Westchester,24,126,111,63,412,17,15,34,20,15,157,4,9,92,91,48,255,13
2009,August,8,56,Wyoming,3,7,2,3,4,1,1,4,1,0,2,1,2,3,1,3,2,0
2009,August,8,57,Yates,1,5,6,1,2,0,1,2,2,0,2,0,0,3,4,1,0,0
2009,July,7,1,Albany,29,104,116,41,160,6,14,46,33,11,56,2,15,58,83,30,104,4
2009,July,7,2,Allegany,8,19,9,8,11,2,4,9,5,1,7,1,4,10,4,7,4,1
2009,July,7,3,Broome,42,70,64,29,138,13,30,22,13,6,46,4,12,48,51,23,92,9
2009,July,7,4,Cattaraugus,10,13,3,3,17,1,4,1,2,0,4,0,6,12,1,3,13,1
2009,July,7,5,Cayuga,6,11,1,1,14,0,6,1,1,0,5,0,0,10,0,1,9,0
2009,July,7,6,Chautauqua,7,68,36,9,33,5,4,16,13,5,17,2,3,52,23,4,16,3
2009,July,7,7,Chemung,16,12,15,9,40,2,10,1,9,4,14,0,6,11,6,5,26,2
2009,July,7,8,Chenango,3,4,5,4,13,4,1,2,3,2,8,1,2,2,2,2,5,3
2009,July,7,9,Clinton,12,41,14,9,44,4,8,18,4,2,13,1,4,23,10,7,31,3
2009,July,7,10,Columbia,3,13,9,8,17,1,3,7,2,2,6,0,0,6,7,6,11,1
2009,July,7,11,Cortland,8,21,5,6,14,3,6,8,2,2,9,0,2,13,3,4,5,3
2009,July,7,12,Delaware,1,8,4,2,15,0,1,1,0,1,5,0,0,7,4,1,10,0
2009,July,7,13,Dutchess,10,43,25,22,91,5,6,15,11,4,36,2,4,28,14,18,55,3
2009,July,7,14,Erie,174,255,106,179,387,33,55,95,27,47,120,13,119,160,79,132,267,20
2009,July,7,15,Essex,4,8,0,3,6,0,4,3,0,0,3,0,0,5,0,3,3,0
2009,July,7,16,Franklin,13,12,3,15,13,2,5,2,0,3,7,0,8,10,3,12,6,2
2009,July,7,17,Fulton,4,10,4,3,41,1,1,2,1,1,13,0,3,8,3,2,28,1
2009,July,7,18,Genesee,5,7,5,6,21,1,4,4,0,1,8,0,1,3,5,5,13,1
2009,July,7,19,Greene,10,11,9,9,17,1,5,6,3,3,5,1,5,5,6,6,12,0
2009,July,7,20,Hamilton,1,0,0,0,0,1,1,0,0,0,0,1,0,0,0,0,0,0
2009,July,7,21,Herkimer,8,7,4,11,24,1,2,3,1,4,12,0,6,4,3,7,12,1
2009,July,7,22,Jefferson,8,26,21,3,44,7,3,10,7,1,13,2,5,16,14,2,31,5
2009,July,7,23,Lewis,3,2,1,0,3,0,2,1,0,0,2,0,1,1,1,0,1,0
2009,July,7,24,Livingston,10,16,14,4,15,10,7,6,3,0,6,2,3,10,11,4,9,8
2009,July,7,25,Madison,4,7,4,0,9,4,3,3,3,0,5,1,1,4,1,0,4,3
2009,July,7,26,Monroe,31,265,113,79,483,51,15,80,27,9,142,12,16,185,86,70,341,39
2009,July,7,27,Montgomery,10,13,8,2,33,7,4,6,5,1,19,4,6,7,3,1,14,3
2009,July,7,28,Nassau,35,153,117,105,507,35,25,59,25,27,106,11,10,94,92,78,401,24
2009,July,7,66,New York City,441,3273,351,4345,4747,2173,272,1021,70,995,1644,259,169,2252,281,3350,3103,1914
2009,July,7,29,Niagara,25,84,25,45,185,20,11,35,5,3,57,5,14,49,20,42,128,15
2009,July,7,30,Oneida,11,43,36,10,103,14,7,17,17,1,45,2,4,26,19,9,58,12
2009,July,7,31,Onondaga,46,118,68,66,329,22,26,61,27,16,167,7,20,57,41,50,162,15
2009,July,7,32,Ontario,4,29,19,16,42,2,4,11,7,2,14,1,0,18,12,14,28,1
2009,July,7,33,Orange,21,79,64,24,131,12,7,19,9,3,39,4,14,60,55,21,92,8
2009,July,7,34,Orleans,3,25,7,9,24,0,3,14,2,2,9,0,0,11,5,7,15,0
2009,July,7,35,Oswego,10,10,5,13,51,3,6,6,2,2,23,1,4,4,3,11,28,2
2009,July,7,36,Otsego,3,6,4,0,10,0,3,2,1,0,5,0,0,4,3,0,5,0
2009,July,7,37,Putnam,1,5,2,2,5,1,1,1,0,0,0,0,0,4,2,2,5,1
2009,July,7,38,Rensselaer,7,45,24,6,44,4,4,29,14,1,22,3,3,16,10,5,22,1
2009,July,7,39,Rockland,11,24,11,5,83,2,5,6,4,1,28,1,6,18,7,4,55,1
2009,July,7,41,Saratoga,3,11,4,0,6,0,2,4,0,0,2,0,1,7,4,0,4,0
2009,July,7,42,Schenectady,13,33,32,11,43,3,8,12,12,2,20,1,5,21,20,9,23,2
2009,July,7,43,Schoharie,1,5,4,3,2,1,0,4,3,2,0,0,1,1,1,1,2,1
2009,July,7,44,Schuyler,0,5,3,1,10,3,0,2,1,0,6,1,0,3,2,1,4,2
2009,July,7,45,Seneca,4,7,3,0,0,0,3,2,0,0,0,0,1,5,3,0,0,0
2009,July,7,46,Steuben,6,16,12,5,26,4,5,6,7,0,13,2,1,10,5,5,13,2
2009,July,7,40,St. Lawrence,17,26,20,10,58,9,11,14,6,0,26,2,6,12,14,10,32,7
2009,July,7,47,Suffolk,90,184,89,96,638,18,31,62,30,9,160,8,59,122,59,87,478,10
2009,July,7,48,Sullivan,11,34,25,13,41,5,8,19,8,2,19,1,3,15,17,11,22,4
2009,July,7,49,Tioga,5,9,11,6,7,1,3,5,8,1,2,0,2,4,3,5,5,1
2009,July,7,50,Tompkins,11,29,15,8,36,5,8,7,4,2,12,3,3,22,11,6,24,2
2009,July,7,51,Ulster,9,55,58,1,87,9,4,21,16,0,35,7,5,34,42,1,52,2
2009,July,7,52,Warren,7,19,10,16,14,2,4,7,3,5,5,0,3,12,7,11,9,2
2009,July,7,53,Washington,5,11,7,3,16,0,1,4,4,1,10,0,4,7,3,2,6,0
2009,July,7,54,Wayne,7,26,6,3,16,2,5,8,3,0,7,0,2,18,3,3,9,2
2009,July,7,55,Westchester,22,155,123,69,401,18,10,52,32,11,140,4,12,103,91,58,261,14
2009,July,7,56,Wyoming,4,4,1,1,3,0,3,1,0,0,1,0,1,3,1,1,2,0
2009,July,7,57,Yates,0,8,3,1,3,0,0,4,1,1,2,0,0,4,2,0,1,0
2009,June,6,1,Albany,21,102,94,31,156,14,11,37,33,4,57,1,10,65,61,27,99,13
2009,June,6,2,Allegany,5,18,6,7,18,2,3,9,3,1,11,0,2,9,3,6,7,2
2009,June,6,3,Broome,46,85,70,39,141,12,25,28,18,6,47,7,21,57,52,33,94,5
2009,June,6,4,Cattaraugus,4,7,1,7,22,1,3,0,0,1,4,1,1,7,1,6,18,0
2009,June,6,5,Cayuga,14,6,3,6,9,0,11,2,1,1,0,0,3,4,2,5,9,0
2009,June,6,6,Chautauqua,11,61,28,20,54,10,5,20,13,9,28,5,6,41,15,11,26,5
2009,June,6,7,Chemung,7,27,14,16,35,3,5,7,3,2,11,0,2,20,11,14,24,3
2009,June,6,8,Chenango,4,10,5,6,13,3,3,5,3,2,6,1,1,5,2,4,7,2
2009,June,6,9,Clinton,17,34,10,7,41,10,7,14,2,1,11,5,10,20,8,6,30,5
2009,June,6,10,Columbia,11,9,11,12,15,1,9,3,2,1,7,0,2,6,9,11,8,1
2009,June,6,11,Cortland,8,22,5,8,9,2,7,9,1,3,4,1,1,13,4,5,5,1
2009,June,6,12,Delaware,4,8,3,4,8,0,3,1,3,0,4,0,1,7,0,4,4,0
2009,June,6,13,Dutchess,7,38,24,27,67,5,4,12,4,3,23,2,3,26,20,24,44,3
2009,June,6,14,Erie,171,237,103,141,382,40,44,76,29,31,116,20,127,161,74,110,266,20
2009,June,6,15,Essex,2,6,1,3,7,0,1,1,0,1,5,0,1,5,1,2,2,0
2009,June,6,16,Franklin,7,9,8,11,10,1,3,0,2,0,2,0,4,9,6,11,8,1
2009,June,6,17,Fulton,9,17,4,3,55,1,3,6,1,0,25,0,6,11,3,3,30,1
2009,June,6,18,Genesee,4,12,5,1,16,3,3,5,1,1,7,1,1,7,4,0,9,2
2009,June,6,19,Greene,6,26,10,8,12,5,0,10,4,2,4,1,6,16,6,6,8,4
2009,June,6,20,Hamilton,0,1,0,1,0,0,0,0,0,1,0,0,0,1,0,0,0,0
2009,June,6,21,Herkimer,7,15,8,8,7,7,3,3,4,4,2,2,4,12,4,4,5,5
2009,June,6,22,Jefferson,22,31,17,8,61,4,8,8,2,1,15,1,14,23,15,7,46,3
2009,June,6,23,Lewis,2,0,1,0,2,1,2,0,0,0,1,0,0,0,1,0,1,1
2009,June,6,24,Livingston,11,24,9,6,16,10,4,8,1,1,5,3,7,16,8,5,11,7
2009,June,6,25,Madison,1,5,2,0,8,0,0,2,1,0,5,0,1,3,1,0,3,0
2009,June,6,26,Monroe,39,258,83,67,494,30,20,72,26,7,128,13,19,186,57,60,366,17
2009,June,6,27,Montgomery,6,17,11,7,21,5,4,5,5,2,7,4,2,12,6,5,14,1
2009,June,6,28,Nassau,31,140,82,86,522,27,20,42,17,26,116,6,11,98,65,60,406,21
2009,June,6,66,New York City,465,3804,403,4577,6515,1961,274,1146,78,969,2420,231,191,2658,325,3608,4095,1730
2009,June,6,29,Niagara,31,81,26,30,152,14,12,35,8,4,49,5,19,46,18,26,103,9
2009,June,6,30,Oneida,14,70,28,16,72,10,6,36,6,4,37,1,8,34,22,12,35,9
2009,June,6,31,Onondaga,33,111,47,41,271,21,23,43,17,5,125,8,10,68,30,36,146,13
2009,June,6,32,Ontario,7,19,19,14,31,2,4,5,6,3,10,0,3,14,13,11,21,2
2009,June,6,33,Orange,26,69,87,32,104,10,13,29,18,7,44,7,13,40,69,25,60,3
2009,June,6,34,Orleans,6,22,14,6,23,1,3,10,6,2,11,0,3,12,8,4,12,1
2009,June,6,35,Oswego,23,10,12,9,49,3,20,1,7,2,15,2,3,9,5,7,34,1
2009,June,6,36,Otsego,4,5,2,2,10,0,1,4,0,0,6,0,3,1,2,2,4,0
2009,June,6,37,Putnam,1,3,0,2,3,0,1,2,0,0,0,0,0,1,0,2,3,0
2009,June,6,38,Rensselaer,5,48,26,4,58,7,3,31,20,1,42,3,2,17,6,3,16,4
2009,June,6,39,Rockland,10,29,8,8,64,6,6,10,3,0,22,3,4,19,5,8,42,3
2009,June,6,41,Saratoga,8,1,3,0,3,0,5,0,0,0,1,0,3,1,3,0,2,0
2009,June,6,42,Schenectady,7,37,17,25,68,10,1,8,2,7,25,6,6,29,15,18,43,4
2009,June,6,43,Schoharie,1,9,4,1,3,2,0,3,1,0,0,0,1,6,3,1,3,2
2009,June,6,44,Schuyler,3,5,4,3,7,0,2,1,2,0,4,0,1,4,2,3,3,0
2009,June,6,45,Seneca,2,3,0,0,1,1,1,0,0,0,0,0,1,3,0,0,1,1
2009,June,6,46,Steuben,12,16,3,4,40,2,6,5,2,0,14,1,6,11,1,4,26,1
2009,June,6,40,St. Lawrence,18,30,12,8,51,7,13,13,6,2,24,4,5,17,6,6,27,3
2009,June,6,47,Suffolk,88,160,66,110,762,24,37,44,15,5,190,3,51,116,51,105,572,21
2009,June,6,48,Sullivan,7,15,19,19,31,8,4,8,5,3,18,1,3,7,14,16,13,7
2009,June,6,49,Tioga,5,8,14,3,5,2,3,4,5,1,4,2,2,4,9,2,1,0
2009,June,6,50,Tompkins,14,37,22,12,32,4,5,16,6,0,9,0,9,21,16,12,23,4
2009,June,6,51,Ulster,21,44,38,1,78,4,7,23,11,0,21,3,14,21,27,1,57,1
2009,June,6,52,Warren,13,14,15,8,12,2,5,4,2,2,5,0,8,10,13,6,7,2
2009,June,6,53,Washington,3,10,10,5,17,1,0,6,2,0,8,0,3,4,8,5,9,1
2009,June,6,54,Wayne,9,14,7,6,12,0,5,1,4,0,5,0,4,13,3,6,7,0
2009,June,6,55,Westchester,26,109,123,53,394,33,14,33,17,9,117,9,12,76,106,44,277,24
2009,June,6,56,Wyoming,7,6,3,1,15,1,4,3,2,0,9,1,3,3,1,1,6,0
2009,June,6,57,Yates,1,3,0,1,4,0,1,0,0,0,3,0,0,3,0,1,1,0
2009,May,5,1,Albany,26,98,113,41,177,12,14,35,35,9,74,1,12,63,78,32,103,11
2009,May,5,2,Allegany,4,16,7,15,10,2,1,8,2,3,8,0,3,8,5,12,2,2
2009,May,5,3,Broome,40,89,52,27,135,5,24,29,13,5,37,3,16,60,39,22,98,2
2009,May,5,4,Cattaraugus,4,8,2,9,24,3,3,3,1,2,8,1,1,5,1,7,16,2
2009,May,5,5,Cayuga,7,11,3,6,11,1,4,5,1,1,5,0,3,6,2,5,6,1
2009,May,5,6,Chautauqua,21,44,24,16,39,4,17,21,12,6,14,1,4,23,12,10,25,3
2009,May,5,7,Chemung,14,25,18,13,37,5,6,7,3,1,14,2,8,18,15,12,23,3
2009,May,5,8,Chenango,5,9,6,4,15,1,3,5,2,4,9,0,2,4,4,0,6,1
2009,May,5,9,Clinton,15,32,22,10,47,9,9,13,7,1,19,5,6,19,15,9,28,4
2009,May,5,10,Columbia,4,23,8,4,28,1,1,9,2,0,12,0,3,14,6,4,16,1
2009,May,5,11,Cortland,3,19,6,5,11,3,1,7,2,0,6,1,2,12,4,5,5,2
2009,May,5,12,Delaware,6,9,3,2,8,1,4,4,1,1,4,0,2,5,2,1,4,1
2009,May,5,13,Dutchess,10,43,21,18,81,4,8,11,5,5,34,0,2,32,16,13,47,4
2009,May,5,14,Erie,183,283,115,154,412,20,60,103,38,35,128,3,123,180,77,119,284,17
2009,May,5,15,Essex,3,6,2,1,9,0,2,3,1,0,3,0,1,3,1,1,6,0
2009,May,5,16,Franklin,10,15,12,9,17,1,3,7,4,2,8,0,7,8,8,7,9,1
2009,May,5,17,Fulton,8,17,5,2,45,3,6,7,0,1,22,0,2,10,5,1,23,3
2009,May,5,18,Genesee,2,7,5,1,11,2,2,2,2,0,6,2,0,5,3,1,5,0
2009,May,5,19,Greene,3,27,15,5,12,10,2,11,3,1,1,3,1,16,12,4,11,7
2009,May,5,20,Hamilton,1,5,0,1,0,1,1,2,0,0,0,0,0,3,0,1,0,1
2009,May,5,21,Herkimer,4,13,3,10,40,2,1,5,0,3,22,1,3,8,3,7,18,1
2009,May,5,22,Jefferson,17,39,7,9,42,5,9,9,2,1,12,0,8,30,5,8,30,5
2009,May,5,23,Lewis,1,5,0,0,4,0,0,0,0,0,1,0,1,5,0,0,3,0
2009,May,5,24,Livingston,13,20,9,3,11,4,1,7,3,0,5,1,12,13,6,3,6,3
2009,May,5,25,Madison,1,12,8,1,11,1,1,5,2,0,8,1,0,7,6,1,3,0
2009,May,5,26,Monroe,35,270,94,68,555,40,23,74,33,7,149,17,12,196,61,61,406,23
2009,May,5,27,Montgomery,9,22,10,3,22,3,7,10,4,1,13,1,2,12,6,2,9,2
2009,May,5,28,Nassau,35,167,88,112,312,20,15,58,19,25,84,4,20,109,69,87,228,16
2009,May,5,66,New York City,416,3119,405,4262,4389,1814,255,1012,85,961,1499,238,161,2107,320,3301,2890,1576
2009,May,5,29,Niagara,35,89,21,38,216,12,18,30,3,1,59,3,17,59,18,37,157,9
2009,May,5,30,Oneida,7,70,34,12,91,18,3,34,17,1,46,4,4,36,17,11,45,14
2009,May,5,31,Onondaga,22,148,42,41,315,20,10,60,17,22,160,9,12,88,25,19,155,11
2009,May,5,32,Ontario,3,19,12,18,28,1,1,6,7,4,6,0,2,13,5,14,22,1
2009,May,5,33,Orange,24,72,26,27,123,8,13,20,8,5,36,3,11,52,18,22,87,5
2009,May,5,34,Orleans,4,27,9,9,15,3,2,10,1,1,5,1,2,17,8,8,10,2
2009,May,5,35,Oswego,13,15,11,16,51,0,9,9,4,4,23,0,4,6,7,12,28,0
2009,May,5,36,Otsego,4,4,2,0,5,0,2,1,1,0,3,0,2,3,1,0,2,0
2009,May,5,37,Putnam,0,4,0,1,6,0,0,0,0,0,1,0,0,4,0,1,5,0
2009,May,5,38,Rensselaer,6,55,16,9,59,11,4,37,7,3,39,3,2,18,9,6,20,8
2009,May,5,39,Rockland,5,29,15,24,83,6,2,6,6,3,21,3,3,23,9,21,62,3
2009,May,5,41,Saratoga,7,4,6,3,7,3,3,2,2,0,3,1,4,2,4,3,4,2
2009,May,5,42,Schenectady,8,40,28,18,57,1,4,16,6,7,20,0,4,24,22,11,37,1
2009,May,5,43,Schoharie,1,9,3,1,5,0,1,2,2,1,2,0,0,7,1,0,3,0
2009,May,5,44,Schuyler,2,7,1,1,11,0,0,2,1,0,6,0,2,5,0,1,5,0
2009,May,5,45,Seneca,2,9,3,0,5,0,1,4,1,0,1,0,1,5,2,0,4,0
2009,May,5,46,Steuben,6,13,13,5,25,2,4,6,5,0,13,0,2,7,8,5,12,2
2009,May,5,40,St. Lawrence,14,38,9,13,42,6,10,14,5,1,18,3,4,24,4,12,24,3
2009,May,5,47,Suffolk,79,177,76,117,665,20,32,60,23,7,168,4,47,117,53,110,497,16
2009,May,5,48,Sullivan,8,34,24,22,30,8,6,14,7,4,18,3,2,20,17,18,12,5
2009,May,5,49,Tioga,7,8,7,5,5,3,4,1,4,0,4,2,3,7,3,5,1,1
2009,May,5,50,Tompkins,11,39,13,7,41,2,5,11,3,1,14,0,6,28,10,6,27,2
2009,May,5,51,Ulster,12,46,31,7,71,7,4,15,12,0,25,3,8,31,19,7,46,4
2009,May,5,52,Warren,13,21,13,8,10,1,5,6,4,1,4,0,8,15,9,7,6,1
2009,May,5,53,Washington,5,19,5,5,13,1,3,8,1,1,8,0,2,11,4,4,5,1
2009,May,5,54,Wayne,4,17,4,8,20,0,2,5,1,1,8,0,2,12,3,7,12,0
2009,May,5,55,Westchester,23,122,153,58,421,21,10,30,25,7,137,3,13,92,128,51,284,18
2009,May,5,56,Wyoming,6,5,3,0,5,1,4,2,1,0,4,0,2,3,2,0,1,1
2009,May,5,57,Yates,0,11,0,4,4,0,0,4,0,1,2,0,0,7,0,3,2,0
2009,April,4,1,Albany,25,94,124,43,194,7,14,47,41,4,70,3,11,47,83,39,124,4
2009,April,4,2,Allegany,7,21,7,8,11,3,4,8,2,2,4,2,3,13,5,6,7,1
2009,April,4,3,Broome,36,95,66,27,169,16,18,33,19,6,50,7,18,62,47,21,119,9
2009,April,4,4,Cattaraugus,6,11,3,4,25,0,2,4,1,1,10,0,4,7,2,3,15,0
2009,April,4,5,Cayuga,10,8,1,4,5,2,5,2,0,0,1,1,5,6,1,4,4,1
2009,April,4,6,Chautauqua,19,67,30,14,46,3,15,23,11,7,23,1,4,44,19,7,23,2
2009,April,4,7,Chemung,12,23,18,8,50,4,6,6,5,1,23,0,6,17,13,7,27,4
2009,April,4,8,Chenango,5,11,7,6,11,0,2,4,2,3,6,0,3,7,5,3,5,0
2009,April,4,9,Clinton,23,30,12,4,61,5,9,11,2,1,14,0,14,19,10,3,47,5
2009,April,4,10,Columbia,8,17,10,8,13,0,5,3,2,2,2,0,3,14,8,6,11,0
2009,April,4,11,Cortland,8,32,4,3,19,5,4,16,1,2,6,1,4,16,3,1,13,4
2009,April,4,12,Delaware,4,12,5,2,9,1,3,4,0,1,2,1,1,8,5,1,7,0
2009,April,4,13,Dutchess,10,37,27,30,73,11,3,15,2,7,28,3,7,22,25,23,45,8
2009,April,4,14,Erie,229,230,123,145,310,24,64,94,42,18,94,13,165,136,81,127,216,11
2009,April,4,15,Essex,1,12,2,0,4,0,1,2,1,0,2,0,0,10,1,0,2,0
2009,April,4,16,Franklin,4,8,3,10,18,3,3,2,0,1,9,1,1,6,3,9,9,2
2009,April,4,17,Fulton,16,18,11,3,56,5,6,2,3,1,14,4,10,16,8,2,42,1
2009,April,4,18,Genesee,2,8,3,0,18,0,0,5,1,0,8,0,2,3,2,0,10,0
2009,April,4,19,Greene,1,24,7,9,17,2,1,4,3,1,4,2,0,20,4,8,13,0
2009,April,4,20,Hamilton,0,0,0,0,0,0,0,0,0,0,0,0,0,0,0,0,0,0
2009,April,4,21,Herkimer,5,17,2,5,27,6,1,8,0,1,11,3,4,9,2,4,16,3
2009,April,4,22,Jefferson,11,26,12,9,55,6,5,3,3,0,12,0,6,23,9,9,43,6
2009,April,4,23,Lewis,2,2,1,0,11,1,1,1,0,0,9,1,1,1,1,0,2,0
2009,April,4,24,Livingston,8,22,13,9,10,8,4,8,3,2,2,1,4,14,10,7,8,7
2009,April,4,25,Madison,3,9,6,0,9,1,2,5,3,0,5,0,1,4,3,0,4,1
2009,April,4,26,Monroe,25,264,88,55,498,39,11,65,24,8,137,11,14,199,64,47,361,28
2009,April,4,27,Montgomery,7,12,10,5,31,4,3,5,3,1,13,2,4,7,7,4,18,2
2009,April,4,28,Nassau,40,144,98,117,387,41,16,50,15,25,74,11,24,94,83,92,313,30
2009,April,4,66,New York City,446,3517,430,4325,5293,1960,265,1072,100,921,1877,250,181,2445,330,3404,3416,1710
2009,April,4,29,Niagara,31,54,25,29,170,12,11,17,6,1,50,1,20,37,19,28,120,11
2009,April,4,30,Oneida,6,53,32,20,74,10,5,22,9,2,39,4,1,31,23,18,35,6
2009,April,4,31,Onondaga,33,122,54,59,251,13,15,56,15,18,122,2,18,66,39,41,129,11
2009,April,4,32,Ontario,10,28,16,24,27,2,6,10,5,2,14,0,4,18,11,22,13,2
2009,April,4,33,Orange,19,63,57,17,124,11,12,26,14,5,56,7,7,37,43,12,68,4
2009,April,4,34,Orleans,11,25,15,10,26,1,5,10,7,2,5,1,6,15,8,8,21,0
2009,April,4,35,Oswego,19,11,4,7,56,2,14,5,1,0,19,1,5,6,3,7,37,1
2009,April,4,36,Otsego,2,6,5,1,8,0,1,1,2,1,3,0,1,5,3,0,5,0
2009,April,4,37,Putnam,1,5,0,0,4,0,0,4,0,0,1,0,1,1,0,0,3,0
2009,April,4,38,Rensselaer,10,32,28,13,48,3,7,24,17,2,29,3,3,8,11,11,19,0
2009,April,4,39,Rockland,4,27,12,14,46,5,3,13,5,0,10,2,1,14,7,14,36,3
2009,April,4,41,Saratoga,4,7,4,1,5,0,2,2,1,1,2,0,2,5,3,0,3,0
2009,April,4,42,Schenectady,11,19,18,12,50,8,5,4,4,6,20,2,6,15,14,6,30,6
2009,April,4,43,Schoharie,0,6,2,1,5,0,0,2,0,0,3,0,0,4,2,1,2,0
2009,April,4,44,Schuyler,2,4,3,1,8,1,0,2,2,0,4,0,2,2,1,1,4,1
2009,April,4,45,Seneca,2,3,1,0,0,0,1,1,0,0,0,0,1,2,1,0,0,0
2009,April,4,46,Steuben,8,18,9,0,16,2,3,7,3,0,8,1,5,11,6,0,8,1
2009,April,4,40,St. Lawrence,16,20,13,7,40,2,9,7,8,2,14,0,7,13,5,5,26,2
2009,April,4,47,Suffolk,66,172,66,109,571,25,33,54,19,7,140,7,33,118,47,102,431,18
2009,April,4,48,Sullivan,7,21,31,13,40,7,2,6,15,1,14,2,5,15,16,12,26,5
2009,April,4,49,Tioga,5,12,8,0,15,0,3,5,2,0,6,0,2,7,6,0,9,0
2009,April,4,50,Tompkins,11,33,13,5,35,5,7,11,3,0,8,1,4,22,10,5,27,4
2009,April,4,51,Ulster,11,48,38,7,48,7,7,20,8,3,10,2,4,28,30,4,38,5
2009,April,4,52,Warren,4,13,12,6,3,1,4,3,1,1,1,0,0,10,11,5,2,1
2009,April,4,53,Washington,3,21,8,5,6,2,1,11,2,1,1,1,2,10,6,4,5,1
2009,April,4,54,Wayne,5,17,12,3,11,0,3,4,4,0,6,0,2,13,8,3,5,0
2009,April,4,55,Westchester,24,131,136,66,409,25,11,28,26,7,127,8,13,103,110,59,282,17
2009,April,4,56,Wyoming,6,10,2,0,7,1,2,5,1,0,3,0,4,5,1,0,4,1
2009,April,4,57,Yates,1,5,0,0,3,0,1,4,0,0,2,0,0,1,0,0,1,0
2009,March,3,1,Albany,30,85,98,48,195,4,14,32,29,10,73,1,16,53,69,38,122,3
2009,March,3,2,Allegany,7,18,6,5,15,3,5,8,4,1,9,1,2,10,2,4,6,2
2009,March,3,3,Broome,43,100,60,28,147,13,19,28,19,6,37,7,24,72,41,22,110,6
2009,March,3,4,Cattaraugus,7,14,6,7,23,2,3,1,1,1,10,1,4,13,5,6,13,1
2009,March,3,5,Cayuga,9,8,2,0,6,0,7,4,0,0,2,0,2,4,2,0,4,0
2009,March,3,6,Chautauqua,20,58,31,7,40,5,15,31,14,2,18,2,5,27,17,5,22,3
2009,March,3,7,Chemung,16,27,13,9,43,3,9,8,5,1,13,1,7,19,8,8,30,2
2009,March,3,8,Chenango,10,17,3,5,17,4,4,5,1,1,11,2,6,12,2,4,6,2
2009,March,3,9,Clinton,17,25,14,4,35,4,9,8,4,1,14,2,8,17,10,3,21,2
2009,March,3,10,Columbia,7,16,12,10,21,3,1,4,1,0,6,0,6,12,11,10,15,3
2009,March,3,11,Cortland,10,16,8,3,12,4,6,5,2,0,4,0,4,11,6,3,8,4
2009,March,3,12,Delaware,2,3,2,7,17,1,0,3,1,1,10,1,2,0,1,6,7,0
2009,March,3,13,Dutchess,12,41,16,20,88,11,6,13,1,4,32,2,6,28,15,16,56,9
2009,March,3,14,Erie,306,229,107,183,413,32,81,89,40,30,109,14,225,140,67,153,304,18
2009,March,3,15,Essex,2,5,2,1,6,0,1,2,0,0,2,0,1,3,2,1,4,0
2009,March,3,16,Franklin,5,13,6,9,16,2,4,0,1,1,6,0,1,13,5,8,10,2
2009,March,3,17,Fulton,10,14,4,1,49,2,6,4,1,1,21,0,4,10,3,0,28,2
2009,March,3,18,Genesee,3,8,5,6,10,2,1,3,3,2,4,0,2,5,2,4,6,2
2009,March,3,19,Greene,5,27,14,8,19,6,4,14,6,0,3,2,1,13,8,8,16,4
2009,March,3,20,Hamilton,0,1,1,0,0,0,0,1,0,0,0,0,0,0,1,0,0,0
2009,March,3,21,Herkimer,8,16,4,18,21,2,2,4,1,7,6,0,6,12,3,11,15,2
2009,March,3,22,Jefferson,17,19,12,17,24,6,6,5,2,5,3,1,11,14,10,12,21,5
2009,March,3,23,Lewis,1,4,0,0,3,0,1,1,0,0,1,0,0,3,0,0,2,0
2009,March,3,24,Livingston,14,30,12,5,13,8,5,6,2,0,6,2,9,24,10,5,7,6
2009,March,3,25,Madison,0,9,3,1,9,5,0,3,1,1,5,4,0,6,2,0,4,1
2009,March,3,26,Monroe,35,280,91,101,644,45,20,73,32,8,190,9,15,207,59,93,454,36
2009,March,3,27,Montgomery,8,14,13,3,18,5,4,7,6,1,10,1,4,7,7,2,8,4
2009,March,3,28,Nassau,50,148,134,100,427,48,31,58,38,25,88,10,19,90,96,75,339,38
2009,March,3,66,New York City,440,3749,463,4616,6198,1925,254,1207,117,976,2328,253,186,2542,346,3640,3870,1672
2009,March,3,29,Niagara,23,52,25,36,193,11,7,19,8,4,45,3,16,33,17,32,148,8
2009,March,3,30,Oneida,15,51,19,11,52,18,5,18,10,1,32,6,10,33,9,10,20,12
2009,March,3,31,Onondaga,36,105,45,23,300,38,27,47,18,10,152,17,9,58,27,13,148,21
2009,March,3,32,Ontario,9,22,11,18,31,6,8,9,3,3,12,2,1,13,8,15,19,4
2009,March,3,33,Orange,23,51,66,15,113,16,14,21,21,3,36,8,9,30,45,12,77,8
2009,March,3,34,Orleans,7,22,10,4,23,1,4,7,5,0,9,1,3,15,5,4,14,0
2009,March,3,35,Oswego,19,9,5,8,44,6,12,3,1,2,18,1,7,6,4,6,26,5
2009,March,3,36,Otsego,4,2,1,0,7,1,4,1,1,0,2,1,0,1,0,0,5,0
2009,March,3,37,Putnam,1,3,0,0,2,0,1,0,0,0,1,0,0,3,0,0,1,0
2009,March,3,38,Rensselaer,9,46,20,2,54,4,9,23,12,0,39,2,0,23,8,2,15,2
2009,March,3,39,Rockland,8,35,12,8,37,7,4,12,3,1,11,1,4,23,9,7,26,6
2009,March,3,41,Saratoga,7,13,3,0,6,0,1,5,0,0,2,0,6,8,3,0,4,0
2009,March,3,42,Schenectady,8,28,23,13,41,5,4,4,7,2,14,1,4,24,16,11,27,4
2009,March,3,43,Schoharie,1,7,5,1,4,1,0,2,3,1,2,0,1,5,2,0,2,1
2009,March,3,44,Schuyler,4,4,4,0,11,1,2,1,2,0,5,0,2,3,2,0,6,1
2009,March,3,45,Seneca,1,6,3,1,1,0,1,3,2,0,1,0,0,3,1,1,0,0
2009,March,3,46,Steuben,11,25,12,3,31,3,7,3,8,2,14,1,4,22,4,1,17,2
2009,March,3,40,St. Lawrence,9,31,9,10,63,7,2,7,5,3,31,2,7,24,4,7,32,5
2009,March,3,47,Suffolk,70,164,68,123,651,22,38,44,14,7,165,5,32,120,54,116,486,17
2009,March,3,48,Sullivan,9,14,14,14,29,0,5,7,4,5,14,0,4,7,10,9,15,0
2009,March,3,49,Tioga,5,10,15,2,7,0,4,2,4,0,2,0,1,8,11,2,5,0
2009,March,3,50,Tompkins,5,27,7,9,44,11,3,11,2,3,17,0,2,16,5,6,27,11
2009,March,3,51,Ulster,14,40,41,5,62,16,5,12,13,3,26,3,9,28,28,2,36,13
2009,March,3,52,Warren,6,18,14,8,19,8,3,2,3,1,5,1,3,16,11,7,14,7
2009,March,3,53,Washington,8,11,8,2,5,2,6,2,5,0,3,1,2,9,3,2,2,1
2009,March,3,54,Wayne,7,10,8,0,20,0,2,0,2,0,8,0,5,10,6,0,12,0
2009,March,3,55,Westchester,32,139,159,37,450,22,16,37,37,11,165,5,16,102,122,26,285,17
2009,March,3,56,Wyoming,3,5,2,1,3,0,2,2,0,0,1,0,1,3,2,1,2,0
2009,March,3,57,Yates,0,3,2,0,4,1,0,3,1,0,2,0,0,0,1,0,2,1
2009,February,2,1,Albany,25,101,100,33,157,4,17,40,40,7,61,1,8,61,60,26,96,3
2009,February,2,2,Allegany,4,20,6,8,19,2,1,9,3,1,6,2,3,11,3,7,13,0
2009,February,2,3,Broome,57,79,50,24,118,15,30,25,14,5,35,5,27,54,36,19,83,10
2009,February,2,4,Cattaraugus,5,13,2,6,21,3,3,3,0,3,3,1,2,10,2,3,18,2
2009,February,2,5,Cayuga,15,7,5,2,2,0,11,3,1,2,1,0,4,4,4,0,1,0
2009,February,2,6,Chautauqua,7,47,28,15,30,8,5,27,10,6,12,3,2,20,18,9,18,5
2009,February,2,7,Chemung,6,13,17,8,29,2,2,6,7,1,16,1,4,7,10,7,13,1
2009,February,2,8,Chenango,4,12,4,4,9,2,4,7,3,1,6,0,0,5,1,3,3,2
2009,February,2,9,Clinton,15,25,16,5,48,4,5,9,4,1,17,1,10,16,12,4,31,3
2009,February,2,10,Columbia,4,17,6,10,25,1,4,7,0,3,9,0,0,10,6,7,16,1
2009,February,2,11,Cortland,9,16,7,4,7,6,4,6,3,1,5,2,5,10,4,3,2,4
2009,February,2,12,Delaware,1,7,3,4,13,1,1,5,1,1,5,0,0,2,2,3,8,1
2009,February,2,13,Dutchess,10,33,21,23,90,5,5,10,4,6,27,2,5,23,17,17,63,3
2009,February,2,14,Erie,188,220,99,163,384,19,62,91,39,35,109,8,126,129,60,128,275,11
2009,February,2,15,Essex,2,10,1,3,10,0,2,3,0,1,5,0,0,7,1,2,5,0
2009,February,2,16,Franklin,6,9,6,7,13,4,3,2,1,3,4,1,3,7,5,4,9,3
2009,February,2,17,Fulton,6,11,7,3,47,0,3,2,1,0,28,0,3,9,6,3,19,0
2009,February,2,18,Genesee,5,7,6,4,17,2,2,1,1,0,8,0,3,6,5,4,9,2
2009,February,2,19,Greene,8,20,9,8,17,2,7,9,3,0,4,0,1,11,6,8,13,2
2009,February,2,20,Hamilton,0,0,0,0,1,0,0,0,0,0,0,0,0,0,0,0,1,0
2009,February,2,21,Herkimer,5,15,6,7,19,10,3,4,2,1,14,3,2,11,4,6,5,7
2009,February,2,22,Jefferson,15,20,8,8,51,7,8,6,2,2,7,3,7,14,6,6,44,4
2009,February,2,23,Lewis,2,3,1,0,6,1,1,2,1,0,4,1,1,1,0,0,2,0
2009,February,2,24,Livingston,15,12,13,7,9,8,7,5,5,1,5,3,8,7,8,6,4,5
2009,February,2,25,Madison,4,7,2,0,16,1,2,4,2,0,9,1,2,3,0,0,7,0
2009,February,2,26,Monroe,37,249,89,51,530,39,20,81,28,6,184,8,17,168,61,45,346,31
2009,February,2,27,Montgomery,13,16,13,6,22,10,9,2,3,1,14,5,4,14,10,5,8,5
2009,February,2,28,Nassau,36,121,89,103,315,25,23,51,22,31,79,5,13,70,67,72,236,20
2009,February,2,66,New York City,423,3074,431,4281,5282,1792,233,916,101,1067,2001,279,190,2158,330,3214,3281,1513
2009,February,2,29,Niagara,32,57,14,24,150,17,11,20,3,4,46,5,21,37,11,20,104,12
2009,February,2,30,Oneida,8,50,21,6,67,5,4,19,9,1,37,1,4,31,12,5,30,4
2009,February,2,31,Onondaga,35,109,58,26,336,13,25,49,17,12,171,6,10,60,41,14,165,7
2009,February,2,32,Ontario,6,21,14,15,35,8,2,4,1,3,17,1,4,17,13,12,18,7
2009,February,2,33,Orange,12,48,45,11,119,10,9,21,11,1,49,2,3,27,34,10,70,8
2009,February,2,34,Orleans,3,17,8,6,12,4,2,4,3,3,6,2,1,13,5,3,6,2
2009,February,2,35,Oswego,12,17,9,10,46,5,9,7,1,4,25,3,3,10,8,6,21,2
2009,February,2,36,Otsego,2,3,2,0,1,0,0,1,0,0,0,0,2,2,2,0,1,0
2009,February,2,37,Putnam,1,3,0,1,0,1,1,0,0,1,0,0,0,3,0,0,0,1
2009,February,2,38,Rensselaer,8,23,19,7,60,4,8,17,14,5,43,1,0,6,5,2,17,3
2009,February,2,39,Rockland,7,20,16,5,54,4,3,8,4,1,20,0,4,12,12,4,34,4
2009,February,2,41,Saratoga,6,10,1,0,10,1,3,1,0,0,1,0,3,9,1,0,9,1
2009,February,2,42,Schenectady,5,15,20,22,29,1,4,4,6,4,12,0,1,11,14,18,17,1
2009,February,2,43,Schoharie,1,7,3,4,4,0,0,3,0,0,3,0,1,4,3,4,1,0
2009,February,2,44,Schuyler,0,5,4,4,1,1,0,2,1,0,0,1,0,3,3,4,1,0
2009,February,2,45,Seneca,1,1,3,0,2,1,1,0,0,0,1,0,0,1,3,0,1,1
2009,February,2,46,Steuben,10,9,12,4,27,1,6,2,6,0,13,1,4,7,6,4,14,0
2009,February,2,40,St. Lawrence,16,29,9,7,40,1,12,12,3,2,13,0,4,17,6,5,27,1
2009,February,2,47,Suffolk,49,122,64,78,535,20,23,39,15,8,156,3,26,83,49,70,379,17
2009,February,2,48,Sullivan,15,18,17,21,18,9,10,10,4,8,10,2,5,8,13,13,8,7
2009,February,2,49,Tioga,4,10,4,3,2,3,1,3,2,0,2,2,3,7,2,3,0,1
2009,February,2,50,Tompkins,4,24,8,3,42,15,3,8,4,0,17,1,1,16,4,3,25,14
2009,February,2,51,Ulster,10,32,34,4,63,9,5,10,9,0,19,3,5,22,25,4,44,6
2009,February,2,52,Warren,6,12,13,10,14,4,3,3,4,3,3,0,3,9,9,7,11,4
2009,February,2,53,Washington,6,6,2,4,12,2,5,3,1,1,5,1,1,3,1,3,7,1
2009,February,2,54,Wayne,11,12,7,0,6,0,8,4,1,0,1,0,3,8,6,0,5,0
2009,February,2,55,Westchester,31,104,108,32,451,31,17,31,23,5,166,6,14,73,85,27,285,25
2009,February,2,56,Wyoming,3,10,2,0,4,0,2,8,0,0,4,0,1,2,2,0,0,0
2009,February,2,57,Yates,1,5,2,1,0,0,0,0,0,1,0,0,1,5,2,0,0,0
2009,January,1,1,Albany,27,82,86,44,156,11,15,34,29,6,58,3,12,48,57,38,98,8
2009,January,1,2,Allegany,1,13,10,10,9,1,1,8,3,2,3,0,0,5,7,8,6,1
2009,January,1,3,Broome,37,107,38,21,118,16,22,35,8,8,40,7,15,72,30,13,78,9
2009,January,1,4,Cattaraugus,16,9,5,6,20,1,13,4,3,2,13,1,3,5,2,4,7,0
2009,January,1,5,Cayuga,9,7,1,2,5,2,7,2,0,0,2,1,2,5,1,2,3,1
2009,January,1,6,Chautauqua,8,35,16,11,35,6,7,10,8,7,20,3,1,25,8,4,15,3
2009,January,1,7,Chemung,6,24,18,7,62,4,5,13,1,1,28,1,1,11,17,6,34,3
2009,January,1,8,Chenango,5,9,1,7,6,1,5,6,0,3,3,0,0,3,1,4,3,1
2009,January,1,9,Clinton,16,22,22,2,43,1,9,9,4,0,13,0,7,13,18,2,30,1
2009,January,1,10,Columbia,3,14,10,6,25,3,1,5,3,2,10,0,2,9,7,4,15,3
2009,January,1,11,Cortland,5,9,10,2,6,1,3,4,5,1,1,0,2,5,5,1,5,1
2009,January,1,12,Delaware,6,4,2,0,12,1,4,3,0,0,9,0,2,1,2,0,3,1
2009,January,1,13,Dutchess,8,28,17,22,72,13,4,8,5,5,34,3,4,20,12,17,38,10
2009,January,1,14,Erie,175,185,119,170,376,33,53,77,36,30,95,11,122,108,83,140,281,22
2009,January,1,15,Essex,3,2,0,0,5,0,2,0,0,0,4,0,1,2,0,0,1,0
2009,January,1,16,Franklin,17,5,3,6,14,2,7,0,0,2,4,1,10,5,3,4,10,1
2009,January,1,17,Fulton,1,17,6,2,49,6,0,5,1,1,18,3,1,12,5,1,31,3
2009,January,1,18,Genesee,3,9,4,4,15,1,3,2,1,0,9,1,0,7,3,4,6,0
2009,January,1,19,Greene,8,27,7,8,22,1,4,6,4,1,5,0,4,21,3,7,17,1
2009,January,1,20,Hamilton,0,0,1,0,0,0,0,0,0,0,0,0,0,0,1,0,0,0
2009,January,1,21,Herkimer,1,15,2,6,16,4,0,4,0,3,6,1,1,11,2,3,10,3
2009,January,1,22,Jefferson,20,23,8,2,42,8,9,12,2,1,5,2,11,11,6,1,37,6
2009,January,1,23,Lewis,2,0,1,0,2,0,2,0,0,0,1,0,0,0,1,0,1,0
2009,January,1,24,Livingston,5,12,5,6,17,11,4,5,2,2,2,2,1,7,3,4,15,9
2009,January,1,25,Madison,4,7,5,2,16,0,2,6,2,2,9,0,2,1,3,0,7,0
2009,January,1,26,Monroe,36,233,61,64,482,46,23,84,12,9,164,20,13,149,49,55,318,26
2009,January,1,27,Montgomery,6,17,13,11,22,4,3,8,2,3,12,2,3,9,11,8,10,2
2009,January,1,28,Nassau,38,121,82,101,327,19,24,39,23,30,65,10,14,82,59,71,262,9
2009,January,1,66,New York City,423,2430,356,3860,4875,1715,257,750,64,835,1908,177,166,1680,292,3025,2967,1538
2009,January,1,29,Niagara,25,53,17,17,174,14,14,14,4,2,64,3,11,39,13,15,110,11
2009,January,1,30,Oneida,12,45,23,11,72,9,8,17,10,0,42,3,4,28,13,11,30,6
2009,January,1,31,Onondaga,37,105,35,14,308,8,25,49,13,7,169,3,12,56,22,7,139,5
2009,January,1,32,Ontario,6,26,13,27,47,4,2,13,4,2,22,2,4,13,9,25,25,2
2009,January,1,33,Orange,23,49,60,10,119,6,12,20,16,1,53,4,11,29,44,9,66,2
2009,January,1,34,Orleans,4,19,21,12,24,5,2,11,8,6,6,2,2,8,13,6,18,3
2009,January,1,35,Oswego,10,9,8,7,45,10,5,5,5,2,26,1,5,4,3,5,19,9
2009,January,1,36,Otsego,1,0,3,1,10,0,1,0,1,0,4,0,0,0,2,1,6,0
2009,January,1,37,Putnam,0,5,2,0,3,0,0,0,1,0,0,0,0,5,1,0,3,0
2009,January,1,38,Rensselaer,10,33,9,8,57,2,6,20,9,4,40,1,4,13,0,4,17,1
2009,January,1,39,Rockland,7,18,15,15,59,2,3,6,7,1,21,1,4,12,8,14,38,1
2009,January,1,41,Saratoga,2,5,1,0,8,1,0,1,1,0,4,0,2,4,0,0,4,1
2009,January,1,42,Schenectady,5,25,15,26,26,3,4,7,5,11,12,2,1,18,10,15,14,1
2009,January,1,43,Schoharie,2,3,0,2,2,0,2,2,0,2,1,0,0,1,0,0,1,0
2009,January,1,44,Schuyler,0,6,2,3,9,1,0,2,0,0,3,1,0,4,2,3,6,0
2009,January,1,45,Seneca,0,3,0,0,3,0,0,2,0,0,2,0,0,1,0,0,1,0
2009,January,1,46,Steuben,6,17,7,8,26,3,1,5,5,0,12,2,5,12,2,8,14,1
2009,January,1,40,St. Lawrence,11,28,9,7,31,2,6,12,1,2,11,0,5,16,8,5,20,2
2009,January,1,47,Suffolk,50,175,67,90,602,22,19,53,23,6,165,2,31,122,44,84,437,20
2009,January,1,48,Sullivan,10,10,13,12,30,2,6,5,5,3,11,2,4,5,8,9,19,0
2009,January,1,49,Tioga,8,6,11,0,2,1,7,1,4,0,2,1,1,5,7,0,0,0
2009,January,1,50,Tompkins,6,19,12,5,34,7,4,7,1,2,11,2,2,12,11,3,23,5
2009,January,1,51,Ulster,19,46,28,2,106,5,11,21,3,0,46,5,8,25,25,2,60,0
2009,January,1,52,Warren,7,13,7,9,6,0,4,5,1,1,3,0,3,8,6,8,3,0
2009,January,1,53,Washington,8,7,11,3,11,3,5,4,1,1,6,2,3,3,10,2,5,1
2009,January,1,54,Wayne,3,9,7,1,13,0,2,2,3,0,8,0,1,7,4,1,5,0
2009,January,1,55,Westchester,25,119,129,33,468,25,15,38,20,6,149,3,10,81,109,27,319,22
2009,January,1,56,Wyoming,2,6,3,1,7,1,2,3,2,0,5,0,0,3,1,1,2,1
2009,January,1,57,Yates,0,3,2,2,2,1,0,0,2,1,1,0,0,3,0,1,1,1
2008,December,12,1,Albany,24,153,162,75,169,16,8,68,59,14,63,7,16,85,103,61,106,9
2008,December,12,2,Allegany,8,24,10,11,17,1,7,12,7,3,11,0,1,12,3,8,6,1
2008,December,12,3,Broome,46,119,62,30,160,17,27,38,19,5,60,8,19,81,43,25,100,9
2008,December,12,4,Cattaraugus,12,26,12,11,34,3,5,7,7,2,14,2,7,19,5,9,20,1
2008,December,12,5,Cayuga,11,24,6,2,11,3,6,7,2,0,4,3,5,17,4,2,7,0
2008,December,12,6,Chautauqua,16,83,44,11,49,8,9,34,14,3,24,4,7,49,30,8,25,4
2008,December,12,7,Chemung,9,36,13,10,57,2,5,9,5,1,27,0,4,27,8,9,30,2
2008,December,12,8,Chenango,11,12,8,5,19,3,2,2,4,3,9,1,9,10,4,2,10,2
2008,December,12,9,Clinton,19,45,21,10,36,6,7,17,3,2,9,1,12,28,18,8,27,5
2008,December,12,10,Columbia,12,11,12,10,19,0,7,4,3,2,3,0,5,7,9,8,16,0
2008,December,12,11,Cortland,15,24,9,3,21,4,6,10,4,0,9,0,9,14,5,3,12,4
2008,December,12,12,Delaware,2,4,4,5,12,0,2,2,1,1,7,0,0,2,3,4,5,0
2008,December,12,13,Dutchess,16,46,16,19,86,12,11,18,4,3,32,2,5,28,12,16,54,10
2008,December,12,14,Erie,208,462,152,175,577,52,80,158,73,43,175,25,128,304,79,132,402,27
2008,December,12,15,Essex,1,3,2,2,10,3,1,0,1,1,6,1,0,3,1,1,4,2
2008,December,12,16,Franklin,6,17,5,8,24,1,4,8,2,3,9,0,2,9,3,5,15,1
2008,December,12,17,Fulton,9,20,5,7,57,3,4,10,2,1,20,0,5,10,3,6,37,3
2008,December,12,18,Genesee,2,10,8,5,10,1,0,4,2,2,7,0,2,6,6,3,3,1
2008,December,12,19,Greene,6,30,9,9,25,2,1,8,4,2,9,0,5,22,5,7,16,2
2008,December,12,20,Hamilton,1,1,1,0,0,0,0,0,1,0,0,0,1,1,0,0,0,0
2008,December,12,21,Herkimer,6,24,10,12,34,3,1,10,2,0,17,1,5,14,8,12,17,2
2008,December,12,22,Jefferson,21,26,14,8,50,2,11,8,1,3,17,1,10,18,13,5,33,1
2008,December,12,23,Lewis,2,5,0,0,2,0,1,1,0,0,1,0,1,4,0,0,1,0
2008,December,12,24,Livingston,17,27,13,7,15,9,6,4,3,1,6,3,11,23,10,6,9,6
2008,December,12,25,Madison,2,15,6,1,18,0,2,4,3,0,13,0,0,11,3,1,5,0
2008,December,12,26,Monroe,50,439,131,79,862,68,25,141,42,8,298,33,25,298,89,71,564,35
2008,December,12,27,Montgomery,9,26,13,15,21,1,4,11,5,6,8,1,5,15,8,9,13,0
2008,December,12,28,Nassau,36,164,101,116,466,25,22,57,30,36,108,10,14,107,71,80,358,15
2008,December,12,66,New York City,435,4287,510,4753,7002,2209,240,1296,112,1019,2742,290,195,2991,398,3734,4260,1919
2008,December,12,29,Niagara,34,99,22,49,181,12,20,35,8,9,58,4,14,64,14,40,123,8
2008,December,12,30,Oneida,13,95,45,13,114,20,9,35,17,4,60,6,4,60,28,9,54,14
2008,December,12,31,Onondaga,35,169,60,42,358,31,26,82,33,17,203,16,9,87,27,25,155,15
2008,December,12,32,Ontario,9,45,24,20,36,9,6,17,12,0,10,4,3,28,12,20,26,5
2008,December,12,33,Orange,30,105,85,21,164,9,20,51,21,5,71,2,10,54,64,16,93,7
2008,December,12,34,Orleans,5,21,17,8,17,3,2,9,6,5,9,1,3,12,11,3,8,2
2008,December,12,35,Oswego,19,20,13,10,56,4,13,7,10,2,35,1,6,13,3,8,21,3
2008,December,12,36,Otsego,2,7,2,0,7,0,1,1,2,0,4,0,1,6,0,0,3,0
2008,December,12,37,Putnam,0,3,1,0,5,1,0,1,1,0,2,1,0,2,0,0,3,0
2008,December,12,38,Rensselaer,15,80,33,10,112,5,14,58,23,3,86,3,1,22,10,7,26,2
2008,December,12,39,Rockland,7,47,15,11,76,11,5,20,5,1,34,3,2,27,10,10,42,8
2008,December,12,41,Saratoga,7,4,4,2,9,0,4,1,3,1,3,0,3,3,1,1,6,0
2008,December,12,42,Schenectady,10,52,21,16,102,11,5,18,9,9,39,6,5,34,12,7,63,5
2008,December,12,43,Schoharie,0,6,2,1,5,0,0,1,2,0,1,0,0,5,0,1,4,0
2008,December,12,44,Schuyler,3,3,9,2,4,0,3,2,7,0,2,0,0,1,2,2,2,0
2008,December,12,45,Seneca,3,4,1,0,1,1,1,3,0,0,0,0,2,1,1,0,1,1
2008,December,12,46,Steuben,9,23,12,6,32,4,4,8,1,1,13,2,5,15,11,5,19,2
2008,December,12,40,St. Lawrence,21,39,11,13,84,6,10,18,6,6,39,0,11,21,5,7,45,6
2008,December,12,47,Suffolk,76,255,88,200,723,34,28,81,21,11,166,3,48,174,67,189,557,31
2008,December,12,48,Sullivan,10,27,18,34,35,5,7,21,8,12,10,2,3,6,10,22,25,3
2008,December,12,49,Tioga,3,15,10,2,1,1,3,6,4,0,1,0,0,9,6,2,0,1
2008,December,12,50,Tompkins,7,41,13,5,40,8,5,17,5,3,16,0,2,24,8,2,24,8
2008,December,12,51,Ulster,8,46,33,13,77,8,4,20,9,1,35,5,4,26,24,12,42,3
2008,December,12,52,Warren,7,27,14,20,8,1,6,12,5,6,0,0,1,15,9,14,8,1
2008,December,12,53,Washington,3,20,18,6,12,0,3,11,8,2,7,0,0,9,10,4,5,0
2008,December,12,54,Wayne,5,27,7,1,18,4,2,4,3,0,5,1,3,23,4,1,13,3
2008,December,12,55,Westchester,37,191,138,60,578,29,16,64,22,9,213,10,21,127,116,51,365,19
2008,December,12,56,Wyoming,2,9,4,5,4,2,1,4,2,0,2,1,1,5,2,5,2,1
2008,December,12,57,Yates,0,2,2,1,1,1,0,0,0,1,0,1,0,2,2,0,1,0
2008,November,11,1,Albany,9,41,57,37,79,11,4,14,9,4,19,5,5,27,48,33,60,6
2008,November,11,2,Allegany,2,6,4,2,12,1,2,3,1,0,7,1,0,3,3,2,5,0
2008,November,11,3,Broome,31,53,25,13,80,6,12,24,5,4,21,3,19,29,20,9,59,3
2008,November,11,4,Cattaraugus,1,6,1,0,12,1,1,4,1,0,1,0,0,2,0,0,11,1
2008,November,11,5,Cayuga,3,4,3,0,2,0,3,3,2,0,2,0,0,1,1,0,0,0
2008,November,11,6,Chautauqua,6,25,9,2,10,4,2,15,2,0,3,2,4,10,7,2,7,2
2008,November,11,7,Chemung,12,21,4,7,33,1,8,12,0,1,19,0,4,9,4,6,14,1
2008,November,11,8,Chenango,1,4,0,1,1,0,1,3,0,0,1,0,0,1,0,1,0,0
2008,November,11,9,Clinton,5,20,13,4,18,6,2,10,6,1,6,2,3,10,7,3,12,4
2008,November,11,10,Columbia,4,5,2,7,8,0,1,2,0,1,2,0,3,3,2,6,6,0
2008,November,11,11,Cortland,4,2,1,1,1,2,1,1,0,1,0,1,3,1,1,0,1,1
2008,November,11,12,Delaware,4,1,0,1,2,1,2,0,0,0,2,1,2,1,0,1,0,0
2008,November,11,13,Dutchess,9,12,8,15,47,5,4,5,4,3,23,1,5,7,4,12,24,4
2008,November,11,14,Erie,111,89,36,88,150,10,28,32,12,24,47,8,83,57,24,64,103,2
2008,November,11,15,Essex,1,4,1,0,3,0,1,1,0,0,1,0,0,3,1,0,2,0
2008,November,11,16,Franklin,5,1,5,5,3,0,1,0,2,1,2,0,4,1,3,4,1,0
2008,November,11,17,Fulton,7,6,0,0,17,2,3,4,0,0,4,0,4,2,0,0,13,2
2008,November,11,18,Genesee,0,3,1,3,5,0,0,1,0,0,2,0,0,2,1,3,3,0
2008,November,11,19,Greene,1,12,4,2,1,0,0,2,0,0,1,0,1,10,4,2,0,0
2008,November,11,20,Hamilton,0,0,0,0,0,0,0,0,0,0,0,0,0,0,0,0,0,0
2008,November,11,21,Herkimer,3,7,3,5,4,0,0,1,0,1,1,0,3,6,3,4,3,0
2008,November,11,22,Jefferson,8,7,9,1,27,1,4,3,0,0,7,1,4,4,9,1,20,0
2008,November,11,23,Lewis,0,1,0,0,2,0,0,0,0,0,0,0,0,1,0,0,2,0
2008,November,11,24,Livingston,3,12,8,3,5,1,1,4,3,0,5,0,2,8,5,3,0,1
2008,November,11,25,Madison,0,4,2,0,3,0,0,3,1,0,2,0,0,1,1,0,1,0
2008,November,11,26,Monroe,8,96,38,30,136,8,5,33,8,4,42,1,3,63,30,26,94,7
2008,November,11,27,Montgomery,0,5,2,3,7,0,0,3,0,0,4,0,0,2,2,3,3,0
2008,November,11,28,Nassau,30,102,71,71,211,17,17,36,22,21,53,5,13,66,49,50,158,12
2008,November,11,66,New York City,319,2807,333,3638,4282,1607,172,945,66,888,1537,186,147,1862,267,2750,2745,1421
2008,November,11,29,Niagara,17,26,7,4,73,12,5,12,3,0,20,2,12,14,4,4,53,10
2008,November,11,30,Oneida,6,18,13,4,21,4,5,10,3,2,11,1,1,8,10,2,10,3
2008,November,11,31,Onondaga,21,61,29,18,253,8,16,39,9,6,144,1,5,22,20,12,109,7
2008,November,11,32,Ontario,4,5,5,12,20,2,4,0,2,1,4,0,0,5,3,11,16,2
2008,November,11,33,Orange,8,7,20,6,30,2,6,5,2,3,10,0,2,2,18,3,20,2
2008,November,11,34,Orleans,4,8,3,3,11,4,2,3,2,2,2,1,2,5,1,1,9,3
2008,November,11,35,Oswego,6,6,1,6,16,5,4,0,1,2,6,2,2,6,0,4,10,3
2008,November,11,36,Otsego,1,0,0,0,0,0,0,0,0,0,0,0,1,0,0,0,0,0
2008,November,11,37,Putnam,0,0,0,0,3,0,0,0,0,0,0,0,0,0,0,0,3,0
2008,November,11,38,Rensselaer,2,9,8,0,22,2,0,6,4,0,8,1,2,3,4,0,14,1
2008,November,11,39,Rockland,3,17,8,3,18,2,0,9,2,1,8,1,3,8,6,2,10,1
2008,November,11,41,Saratoga,3,0,1,0,2,1,1,0,0,0,1,1,2,0,1,0,1,0
2008,November,11,42,Schenectady,5,17,12,8,11,1,1,7,2,1,4,1,4,10,10,7,7,0
2008,November,11,43,Schoharie,0,1,1,0,0,1,0,1,1,0,0,0,0,0,0,0,0,1
2008,November,11,44,Schuyler,1,0,1,0,3,1,1,0,1,0,1,1,0,0,0,0,2,0
2008,November,11,45,Seneca,0,1,1,0,2,0,0,0,0,0,1,0,0,1,1,0,1,0
2008,November,11,46,Steuben,0,1,3,0,1,1,0,0,1,0,0,1,0,1,2,0,1,0
2008,November,11,40,St. Lawrence,8,16,3,2,20,0,4,5,1,2,6,0,4,11,2,0,14,0
2008,November,11,47,Suffolk,46,122,46,37,447,18,23,39,14,7,106,5,23,83,32,30,341,13
2008,November,11,48,Sullivan,2,7,5,13,14,4,1,3,2,5,6,3,1,4,3,8,8,1
2008,November,11,49,Tioga,3,4,6,3,1,2,2,2,4,0,1,0,1,2,2,3,0,2
2008,November,11,50,Tompkins,7,10,1,4,20,2,3,4,0,1,5,0,4,6,1,3,15,2
2008,November,11,51,Ulster,11,32,14,0,50,12,6,11,4,0,15,7,5,21,10,0,35,5
2008,November,11,52,Warren,5,12,7,22,4,0,2,3,0,13,2,0,3,9,7,9,2,0
2008,November,11,53,Washington,2,3,5,2,3,0,1,2,0,0,1,0,1,1,5,2,2,0
2008,November,11,54,Wayne,1,1,1,0,0,0,0,0,1,0,0,0,1,1,0,0,0,0
2008,November,11,55,Westchester,11,78,70,19,212,14,3,26,9,4,74,1,8,52,61,15,138,13
2008,November,11,56,Wyoming,1,5,2,0,0,0,1,4,1,0,0,0,0,1,1,0,0,0
2008,November,11,57,Yates,0,0,0,1,4,0,0,0,0,1,2,0,0,0,0,0,2,0
2008,October,10,1,Albany,25,101,109,50,130,12,7,42,37,4,40,1,18,59,72,46,90,11
2008,October,10,2,Allegany,11,12,6,5,21,0,8,6,4,1,15,0,3,6,2,4,6,0
2008,October,10,3,Broome,37,115,58,28,133,13,24,38,18,8,55,4,13,77,40,20,78,9
2008,October,10,4,Cattaraugus,12,22,6,3,26,0,9,7,1,0,10,0,3,15,5,3,16,0
2008,October,10,5,Cayuga,6,16,8,2,12,1,6,6,4,1,4,0,0,10,4,1,8,1
2008,October,10,6,Chautauqua,13,68,28,11,47,4,7,29,15,4,22,3,6,39,13,7,25,1
2008,October,10,7,Chemung,13,39,16,11,52,4,10,16,6,2,28,1,3,23,10,9,24,3
2008,October,10,8,Chenango,2,9,2,6,7,2,1,5,1,3,2,0,1,4,1,3,5,2
2008,October,10,9,Clinton,10,32,22,4,50,8,3,11,8,1,18,3,7,21,14,3,32,5
2008,October,10,10,Columbia,10,18,11,13,26,4,8,9,2,1,11,3,2,9,9,12,15,1
2008,October,10,11,Cortland,9,15,4,1,6,2,2,9,0,0,2,0,7,6,4,1,4,2
2008,October,10,12,Delaware,4,10,5,4,15,1,2,5,4,2,8,1,2,5,1,2,7,0
2008,October,10,13,Dutchess,9,53,21,27,98,14,3,23,6,4,33,6,6,30,15,23,65,8
2008,October,10,14,Erie,191,299,121,145,352,29,64,120,48,39,125,12,127,179,73,106,227,17
2008,October,10,15,Essex,3,6,3,1,3,0,2,2,2,0,1,0,1,4,1,1,2,0
2008,October,10,16,Franklin,9,6,7,4,12,1,3,1,3,0,7,1,6,5,4,4,5,0
2008,October,10,17,Fulton,5,12,4,3,32,1,4,4,4,1,18,0,1,8,0,2,14,1
2008,October,10,18,Genesee,1,8,3,2,15,4,0,4,3,2,7,2,1,4,0,0,8,2
2008,October,10,19,Greene,2,18,10,2,11,2,0,6,6,0,4,0,2,12,4,2,7,2
2008,October,10,20,Hamilton,0,4,0,0,1,0,0,3,0,0,1,0,0,1,0,0,0,0
2008,October,10,21,Herkimer,3,16,2,10,15,2,2,7,2,2,8,2,1,9,0,8,7,0
2008,October,10,22,Jefferson,9,26,19,6,42,4,8,9,7,1,9,1,1,17,12,5,33,3
2008,October,10,23,Lewis,1,2,1,1,5,6,1,0,0,0,4,4,0,2,1,1,1,2
2008,October,10,24,Livingston,11,24,8,3,8,3,2,11,1,0,2,2,9,13,7,3,6,1
2008,October,10,25,Madison,2,5,2,1,9,1,1,1,2,0,4,1,1,4,0,1,5,0
2008,October,10,26,Monroe,33,321,99,62,461,40,15,93,26,7,145,14,18,228,73,55,316,26
2008,October,10,27,Montgomery,8,21,11,5,16,1,6,7,5,4,9,0,2,14,6,1,7,1
2008,October,10,28,Nassau,43,163,88,74,307,33,24,57,36,29,63,7,19,106,52,45,244,26
2008,October,10,66,New York City,508,3445,474,3978,5623,2143,316,1148,121,1016,2006,268,192,2297,353,2962,3617,1875
2008,October,10,29,Niagara,32,67,11,13,151,13,16,31,8,3,53,3,16,36,3,10,98,10
2008,October,10,30,Oneida,10,64,24,11,79,8,6,24,7,0,42,4,4,40,17,11,37,4
2008,October,10,31,Onondaga,28,157,40,31,348,17,23,80,23,15,165,6,5,77,17,16,183,11
2008,October,10,32,Ontario,7,31,11,17,37,1,4,11,3,1,14,0,3,20,8,16,23,1
2008,October,10,33,Orange,14,58,34,14,112,7,12,23,5,5,48,3,2,35,29,9,64,4
2008,October,10,34,Orleans,1,15,6,5,20,6,1,8,0,2,11,3,0,7,6,3,9,3
2008,October,10,35,Oswego,18,27,11,12,31,9,10,13,5,6,12,2,8,14,6,6,19,7
2008,October,10,36,Otsego,1,5,2,0,3,1,0,2,1,0,1,1,1,3,1,0,2,0
2008,October,10,37,Putnam,0,0,2,2,3,0,0,0,0,0,0,0,0,0,2,2,3,0
2008,October,10,38,Rensselaer,17,50,24,6,70,5,9,36,19,3,52,1,8,14,5,3,18,4
2008,October,10,39,Rockland,11,30,5,5,46,6,6,12,0,1,13,0,5,18,5,4,33,6
2008,October,10,41,Saratoga,5,1,2,0,9,0,2,0,1,0,1,0,3,1,1,0,8,0
2008,October,10,42,Schenectady,6,26,21,15,42,6,3,14,10,6,16,5,3,12,11,9,26,1
2008,October,10,43,Schoharie,0,0,3,0,2,3,0,0,1,0,2,0,0,0,2,0,0,3
2008,October,10,44,Schuyler,3,4,5,0,3,0,2,3,2,0,2,0,1,1,3,0,1,0
2008,October,10,45,Seneca,2,3,3,0,3,0,2,0,1,0,2,0,0,3,2,0,1,0
2008,October,10,46,Steuben,7,21,12,3,49,4,3,6,8,1,18,2,4,15,4,2,31,2
2008,October,10,40,St. Lawrence,11,28,7,4,49,2,6,13,2,0,24,0,5,15,5,4,25,2
2008,October,10,47,Suffolk,51,194,84,102,547,23,27,56,17,7,137,3,24,138,67,95,410,20
2008,October,10,48,Sullivan,10,22,11,21,23,8,6,9,4,9,9,1,4,13,7,12,14,7
2008,October,10,49,Tioga,4,15,10,1,5,2,2,7,6,0,3,2,2,8,4,1,2,0
2008,October,10,50,Tompkins,8,35,15,6,41,6,3,12,3,0,12,1,5,23,12,6,29,5
2008,October,10,51,Ulster,19,39,29,11,43,7,11,15,9,1,12,2,8,24,20,10,31,5
2008,October,10,52,Warren,7,12,10,7,11,3,2,5,3,3,0,0,5,7,7,4,11,3
2008,October,10,53,Washington,3,12,11,5,6,1,0,5,2,1,1,1,3,7,9,4,5,0
2008,October,10,54,Wayne,8,18,10,1,15,1,3,5,2,0,6,0,5,13,8,1,9,1
2008,October,10,55,Westchester,37,157,127,41,501,36,18,62,31,7,201,7,19,95,96,34,300,29
2008,October,10,56,Wyoming,6,2,3,1,4,1,5,1,2,0,3,1,1,1,1,1,1,0
2008,October,10,57,Yates,0,2,1,2,4,1,0,0,0,1,0,0,0,2,1,1,4,1
2008,September,9,1,Albany,17,89,101,56,104,13,12,30,32,8,46,8,5,59,69,48,58,5
2008,September,9,2,Allegany,9,25,3,6,18,5,6,17,0,2,9,2,3,8,3,4,9,3
2008,September,9,3,Broome,39,124,52,37,127,16,19,49,12,8,52,6,20,75,40,29,75,10
2008,September,9,4,Cattaraugus,3,7,5,7,25,1,2,2,2,3,7,1,1,5,3,4,18,0
2008,September,9,5,Cayuga,10,13,4,2,8,3,8,3,3,0,4,3,2,10,1,2,4,0
2008,September,9,6,Chautauqua,13,83,31,10,40,3,10,41,12,3,24,2,3,42,19,7,16,1
2008,September,9,7,Chemung,12,32,15,11,64,7,8,15,6,6,27,1,4,17,9,5,37,6
2008,September,9,8,Chenango,3,6,4,3,9,6,3,2,3,3,6,2,0,4,1,0,3,4
2008,September,9,9,Clinton,17,32,16,9,28,7,9,10,6,1,6,2,8,22,10,8,22,5
2008,September,9,10,Columbia,5,14,7,5,15,0,4,8,1,1,3,0,1,6,6,4,12,0
2008,September,9,11,Cortland,5,21,5,0,7,1,2,13,2,0,1,1,3,8,3,0,6,0
2008,September,9,12,Delaware,2,8,3,1,12,0,0,3,2,1,3,0,2,5,1,0,9,0
2008,September,9,13,Dutchess,7,43,15,18,72,11,5,19,4,4,23,4,2,24,11,14,49,7
2008,September,9,14,Erie,183,291,124,165,446,35,61,126,41,46,133,11,122,165,83,119,313,24
2008,September,9,15,Essex,3,8,5,2,10,0,3,1,2,0,9,0,0,7,3,2,1,0
2008,September,9,16,Franklin,9,9,5,7,11,3,5,3,2,2,4,1,4,6,3,5,7,2
2008,September,9,17,Fulton,6,14,5,4,40,0,3,2,1,1,17,0,3,12,4,3,23,0
2008,September,9,18,Genesee,3,15,5,4,8,0,3,8,0,1,2,0,0,7,5,3,6,0
2008,September,9,19,Greene,3,12,8,7,8,0,3,5,3,0,3,0,0,7,5,7,5,0
2008,September,9,20,Hamilton,0,0,0,0,2,0,0,0,0,0,0,0,0,0,0,0,2,0
2008,September,9,21,Herkimer,4,14,4,3,17,2,2,4,2,2,7,0,2,10,2,1,10,2
2008,September,9,22,Jefferson,25,29,17,7,41,11,15,8,6,2,16,7,10,21,11,5,25,4
2008,September,9,23,Lewis,2,2,0,0,2,1,1,0,0,0,0,0,1,2,0,0,2,1
2008,September,9,24,Livingston,7,27,11,4,9,2,4,11,3,3,4,0,3,16,8,1,5,2
2008,September,9,25,Madison,8,10,2,0,10,2,4,3,1,0,5,0,4,7,1,0,5,2
2008,September,9,26,Monroe,23,273,103,53,496,41,16,105,31,6,176,7,7,168,72,47,320,34
2008,September,9,27,Montgomery,5,31,9,7,20,0,4,11,4,1,10,0,1,20,5,6,10,0
2008,September,9,28,Nassau,29,120,75,95,386,19,19,47,27,29,87,4,10,73,48,66,299,15
2008,September,9,66,New York City,515,3656,522,4654,5825,1926,298,1222,124,1184,2077,308,217,2434,398,3470,3748,1618
2008,September,9,29,Niagara,41,82,20,22,127,7,27,31,7,1,37,2,14,51,13,21,90,5
2008,September,9,30,Oneida,13,58,35,7,90,11,7,23,14,0,54,5,6,35,21,7,36,6
2008,September,9,31,Onondaga,37,146,37,49,343,23,25,52,16,14,192,8,12,94,21,35,151,15
2008,September,9,32,Ontario,11,25,18,12,34,1,9,3,8,4,11,1,2,22,10,8,23,0
2008,September,9,33,Orange,19,51,40,14,101,7,12,19,10,1,43,3,7,32,30,13,58,4
2008,September,9,34,Orleans,9,18,15,4,23,4,5,7,10,2,10,2,4,11,5,2,13,2
2008,September,9,35,Oswego,10,26,15,10,30,5,7,14,3,6,16,2,3,12,12,4,14,3
2008,September,9,36,Otsego,1,2,2,0,3,1,1,0,0,0,0,1,0,2,2,0,3,0
2008,September,9,37,Putnam,0,5,6,2,6,1,0,3,2,0,2,0,0,2,4,2,4,1
2008,September,9,38,Rensselaer,13,42,23,6,73,2,10,29,17,3,53,1,3,13,6,3,20,1
2008,September,9,39,Rockland,3,31,10,6,64,6,2,10,3,0,21,3,1,21,7,6,43,3
2008,September,9,41,Saratoga,8,3,1,2,12,0,2,0,0,0,4,0,6,3,1,2,8,0
2008,September,9,42,Schenectady,8,34,20,18,44,4,6,15,8,4,15,2,2,19,12,14,29,2
2008,September,9,43,Schoharie,0,6,5,0,2,3,0,3,1,0,1,2,0,3,4,0,1,1
2008,September,9,44,Schuyler,2,8,4,0,4,0,1,4,1,0,2,0,1,4,3,0,2,0
2008,September,9,45,Seneca,1,4,1,0,1,0,0,2,1,0,0,0,1,2,0,0,1,0
2008,September,9,46,Steuben,7,13,8,3,20,4,4,2,1,1,8,1,3,11,7,2,12,3
2008,September,9,40,St. Lawrence,13,45,15,7,43,2,10,16,8,1,20,0,3,29,7,6,23,2
2008,September,9,47,Suffolk,47,174,77,96,539,32,20,47,22,9,145,7,27,127,55,87,394,25
2008,September,9,48,Sullivan,3,11,14,4,20,2,2,5,3,2,11,2,1,6,11,2,9,0
2008,September,9,49,Tioga,3,15,8,2,4,1,2,8,6,1,1,0,1,7,2,1,3,1
2008,September,9,50,Tompkins,6,22,6,0,44,5,5,9,4,0,18,2,1,13,2,0,26,3
2008,September,9,51,Ulster,17,48,27,11,55,10,11,15,9,1,15,1,6,33,18,10,40,9
2008,September,9,52,Warren,4,21,18,12,9,0,3,6,7,1,3,0,1,15,11,11,6,0
2008,September,9,53,Washington,4,8,10,3,8,1,3,4,4,0,4,1,1,4,6,3,4,0
2008,September,9,54,Wayne,8,11,11,1,16,0,2,3,2,0,7,0,6,8,9,1,9,0
2008,September,9,55,Westchester,22,125,155,32,377,32,14,39,30,6,128,9,8,86,125,26,249,23
2008,September,9,56,Wyoming,4,3,2,3,4,0,2,2,1,0,0,0,2,1,1,3,4,0
2008,September,9,57,Yates,0,4,1,0,2,1,0,2,0,0,1,0,0,2,1,0,1,1
2008,August,8,1,Albany,21,107,90,40,134,7,10,41,26,5,50,3,11,66,64,35,84,4
2008,August,8,2,Allegany,6,24,7,6,34,3,2,9,3,3,18,3,4,15,4,3,16,0
2008,August,8,3,Broome,38,95,40,35,121,8,22,43,11,8,44,6,16,52,29,27,77,2
2008,August,8,4,Cattaraugus,7,12,9,6,14,0,6,4,5,0,4,0,1,8,4,6,10,0
2008,August,8,5,Cayuga,6,13,6,3,5,0,5,4,5,1,4,0,1,9,1,2,1,0
2008,August,8,6,Chautauqua,7,87,30,16,35,9,4,46,13,4,21,6,3,41,17,12,14,3
2008,August,8,7,Chemung,13,40,16,7,61,9,10,13,7,2,21,3,3,27,9,5,40,6
2008,August,8,8,Chenango,8,9,5,2,11,3,5,5,3,1,8,2,3,4,2,1,3,1
2008,August,8,9,Clinton,19,38,20,10,50,5,7,14,4,2,14,3,12,24,16,8,36,2
2008,August,8,10,Columbia,2,16,7,6,18,0,1,5,1,0,7,0,1,11,6,6,11,0
2008,August,8,11,Cortland,6,26,9,2,12,1,3,11,5,1,7,1,3,15,4,1,5,0
2008,August,8,12,Delaware,4,14,2,2,12,0,4,1,1,0,0,0,0,13,1,2,12,0
2008,August,8,13,Dutchess,6,52,21,34,83,13,5,20,5,12,31,2,1,32,16,22,52,11
2008,August,8,14,Erie,199,284,124,149,418,29,66,98,39,33,139,11,133,186,85,116,279,18
2008,August,8,15,Essex,4,5,3,2,10,0,1,2,1,0,7,0,3,3,2,2,3,0
2008,August,8,16,Franklin,8,9,1,4,8,1,2,4,0,1,4,0,6,5,1,3,4,1
2008,August,8,17,Fulton,5,19,2,7,28,2,0,8,2,1,14,0,5,11,0,6,14,2
2008,August,8,18,Genesee,2,14,4,1,14,2,0,3,2,0,7,1,2,11,2,1,7,1
2008,August,8,19,Greene,10,17,7,0,8,1,7,6,3,0,1,0,3,11,4,0,7,1
2008,August,8,20,Hamilton,0,0,0,0,0,1,0,0,0,0,0,0,0,0,0,0,0,1
2008,August,8,21,Herkimer,6,16,8,3,27,2,4,8,4,1,10,1,2,8,4,2,17,1
2008,August,8,22,Jefferson,13,21,11,5,35,5,6,4,3,1,8,2,7,17,8,4,27,3
2008,August,8,23,Lewis,1,2,0,0,1,0,1,1,0,0,1,0,0,1,0,0,0,0
2008,August,8,24,Livingston,4,28,14,8,16,8,1,10,3,3,3,4,3,18,11,5,13,4
2008,August,8,25,Madison,2,8,5,0,18,3,2,3,2,0,9,1,0,5,3,0,9,2
2008,August,8,26,Monroe,33,296,95,109,560,34,14,88,34,13,169,10,19,208,61,96,391,24
2008,August,8,27,Montgomery,7,21,6,11,24,1,4,9,4,6,12,0,3,12,2,5,12,1
2008,August,8,28,Nassau,34,134,90,115,371,24,16,57,23,36,117,7,18,77,67,79,254,17
2008,August,8,66,New York City,496,3116,383,4020,4790,1843,284,985,106,1018,1673,334,212,2131,277,3002,3117,1509
2008,August,8,29,Niagara,32,71,12,28,162,10,15,32,8,10,54,6,17,39,4,18,108,4
2008,August,8,30,Oneida,17,84,31,19,79,10,10,29,12,4,50,2,7,55,19,15,29,8
2008,August,8,31,Onondaga,30,123,59,44,314,15,25,50,27,18,181,4,5,73,32,26,133,11
2008,August,8,32,Ontario,9,30,7,16,39,5,8,10,0,3,18,3,1,20,7,13,21,2
2008,August,8,33,Orange,16,49,27,9,113,4,9,23,8,3,44,2,7,26,19,6,69,2
2008,August,8,34,Orleans,7,33,5,3,23,3,4,13,2,0,9,1,3,20,3,3,14,2
2008,August,8,35,Oswego,13,24,9,9,40,5,7,7,5,6,13,2,6,17,4,3,27,3
2008,August,8,36,Otsego,0,7,1,3,6,1,0,1,1,1,2,1,0,6,0,2,4,0
2008,August,8,37,Putnam,0,3,3,0,4,0,0,2,0,0,0,0,0,1,3,0,4,0
2008,August,8,38,Rensselaer,15,40,28,6,56,4,12,17,17,0,37,2,3,23,11,6,19,2
2008,August,8,39,Rockland,11,35,8,5,45,8,4,14,4,0,14,5,7,21,4,5,31,3
2008,August,8,41,Saratoga,7,9,4,0,5,0,4,2,2,0,1,0,3,7,2,0,4,0
2008,August,8,42,Schenectady,9,38,24,16,40,7,6,12,13,4,12,2,3,26,11,12,28,5
2008,August,8,43,Schoharie,1,7,3,1,2,0,0,4,1,0,0,0,1,3,2,1,2,0
2008,August,8,44,Schuyler,2,6,5,1,7,2,2,3,4,1,4,2,0,3,1,0,3,0
2008,August,8,45,Seneca,0,1,2,0,2,1,0,1,0,0,2,1,0,0,2,0,0,0
2008,August,8,46,Steuben,8,21,11,9,15,6,7,11,3,0,8,0,1,10,8,9,7,6
2008,August,8,40,St. Lawrence,15,42,3,7,45,3,9,15,1,3,32,0,6,27,2,4,13,3
2008,August,8,47,Suffolk,59,170,70,129,611,29,32,65,28,10,169,5,27,105,42,119,442,24
2008,August,8,48,Sullivan,11,33,24,23,28,9,8,14,11,12,15,4,3,19,13,11,13,5
2008,August,8,49,Tioga,7,15,9,5,6,1,4,6,5,0,4,0,3,9,4,5,2,1
2008,August,8,50,Tompkins,7,39,17,6,48,2,5,13,5,0,18,0,2,26,12,6,30,2
2008,August,8,51,Ulster,17,58,28,13,84,4,9,29,10,2,25,2,8,29,18,11,59,2
2008,August,8,52,Warren,4,15,5,10,4,1,2,4,3,2,0,1,2,11,2,8,4,0
2008,August,8,53,Washington,3,17,10,4,6,4,2,7,5,1,4,2,1,10,5,3,2,2
2008,August,8,54,Wayne,5,13,6,3,22,0,3,4,1,0,5,0,2,9,5,3,17,0
2008,August,8,55,Westchester,32,144,106,57,483,40,18,46,22,13,184,10,14,98,84,44,299,30
2008,August,8,56,Wyoming,3,5,3,1,8,0,2,2,1,0,3,0,1,3,2,1,5,0
2008,August,8,57,Yates,0,4,1,0,6,1,0,1,1,0,3,1,0,3,0,0,3,0
2008,July,7,1,Albany,26,89,100,44,135,6,20,38,34,3,64,2,6,51,66,41,71,4
2008,July,7,2,Allegany,9,22,7,4,12,6,7,11,3,0,7,3,2,11,4,4,5,3
2008,July,7,3,Broome,38,89,39,19,126,13,15,27,16,4,44,3,23,62,23,15,82,10
2008,July,7,4,Cattaraugus,11,18,7,5,21,0,6,1,4,1,9,0,5,17,3,4,12,0
2008,July,7,5,Cayuga,8,10,0,0,12,3,5,6,0,0,5,2,3,4,0,0,7,1
2008,July,7,6,Chautauqua,17,60,25,9,35,12,10,31,17,4,23,5,7,29,8,5,12,7
2008,July,7,7,Chemung,15,29,26,12,81,8,12,12,6,2,43,2,3,17,20,10,38,6
2008,July,7,8,Chenango,4,11,6,2,16,3,2,1,1,0,9,0,2,10,5,2,7,3
2008,July,7,9,Clinton,19,31,15,6,40,9,9,14,6,1,13,4,10,17,9,5,27,5
2008,July,7,10,Columbia,2,19,5,5,19,1,1,6,1,0,10,0,1,13,4,5,9,1
2008,July,7,11,Cortland,3,21,8,2,5,1,1,10,4,0,4,1,2,11,4,2,1,0
2008,July,7,12,Delaware,2,7,1,0,15,0,1,1,1,0,8,0,1,6,0,0,7,0
2008,July,7,13,Dutchess,9,35,22,34,70,6,1,17,3,7,34,1,8,18,19,27,36,5
2008,July,7,14,Erie,186,228,84,153,394,24,60,100,25,41,127,13,126,128,59,112,267,11
2008,July,7,15,Essex,1,2,4,1,11,0,1,0,3,0,5,0,0,2,1,1,6,0
2008,July,7,16,Franklin,4,14,7,5,16,5,2,7,5,2,6,0,2,7,2,3,10,5
2008,July,7,17,Fulton,7,14,4,4,34,1,6,3,2,0,16,0,1,11,2,4,18,1
2008,July,7,18,Genesee,2,18,10,2,16,2,1,8,1,0,6,2,1,10,9,2,10,0
2008,July,7,19,Greene,0,14,10,10,7,1,0,1,2,2,3,0,0,13,8,8,4,1
2008,July,7,20,Hamilton,0,2,0,0,0,0,0,2,0,0,0,0,0,0,0,0,0,0
2008,July,7,21,Herkimer,5,13,3,4,11,0,3,9,1,1,5,0,2,4,2,3,6,0
2008,July,7,22,Jefferson,18,28,7,5,38,4,10,8,1,2,8,2,8,20,6,3,30,2
2008,July,7,23,Lewis,1,1,2,1,1,0,1,1,1,1,1,0,0,0,1,0,0,0
2008,July,7,24,Livingston,4,8,10,9,12,1,2,6,5,1,4,1,2,2,5,8,8,0
2008,July,7,25,Madison,1,9,6,1,9,2,1,3,3,1,5,1,0,6,3,0,4,1
2008,July,7,26,Monroe,31,240,83,135,423,36,13,87,16,11,128,7,18,153,67,124,295,29
2008,July,7,27,Montgomery,13,20,15,7,23,2,6,10,6,3,11,1,7,10,9,4,12,1
2008,July,7,28,Nassau,31,100,101,95,374,28,14,34,42,41,90,8,17,66,59,54,284,20
2008,July,7,66,New York City,462,3483,422,4377,5363,2025,288,1025,94,1077,1888,444,174,2458,328,3300,3475,1581
2008,July,7,29,Niagara,27,70,9,16,133,14,15,29,4,3,30,7,12,41,5,13,103,7
2008,July,7,30,Oneida,19,74,38,10,55,7,13,24,22,3,28,1,6,50,16,7,27,6
2008,July,7,31,Onondaga,29,112,36,36,340,15,24,49,19,19,175,8,5,63,17,17,165,7
2008,July,7,32,Ontario,5,21,14,22,48,0,2,6,5,5,17,0,3,15,9,17,31,0
2008,July,7,33,Orange,17,51,30,11,64,8,10,22,6,1,24,4,7,29,24,10,40,4
2008,July,7,34,Orleans,3,32,7,13,28,1,2,14,2,2,10,1,1,18,5,11,18,0
2008,July,7,35,Oswego,12,19,12,5,29,7,10,9,5,1,13,2,2,10,7,4,16,5
2008,July,7,36,Otsego,1,5,0,3,5,0,1,1,0,1,2,0,0,4,0,2,3,0
2008,July,7,37,Putnam,1,4,3,2,3,0,1,3,1,1,0,0,0,1,2,1,3,0
2008,July,7,38,Rensselaer,12,52,32,8,61,2,7,33,18,2,47,1,5,19,14,6,14,1
2008,July,7,39,Rockland,17,29,8,8,59,10,10,5,3,2,21,2,7,24,5,6,38,8
2008,July,7,41,Saratoga,11,2,1,1,4,0,5,1,1,0,2,0,6,1,0,1,2,0
2008,July,7,42,Schenectady,11,43,7,12,41,7,6,16,1,4,12,4,5,27,6,8,29,3
2008,July,7,43,Schoharie,3,3,0,0,0,0,2,0,0,0,0,0,1,3,0,0,0,0
2008,July,7,44,Schuyler,1,12,1,1,6,1,1,3,0,1,2,0,0,9,1,0,4,1
2008,July,7,45,Seneca,2,3,2,0,3,1,1,3,0,0,3,0,1,0,2,0,0,1
2008,July,7,46,Steuben,12,18,9,3,17,10,8,6,4,1,8,0,4,12,5,2,9,10
2008,July,7,40,St. Lawrence,21,31,13,7,58,4,13,16,5,1,28,2,8,15,8,6,30,2
2008,July,7,47,Suffolk,59,173,90,121,627,28,28,61,22,12,161,4,31,112,68,109,466,24
2008,July,7,48,Sullivan,3,29,13,10,29,3,0,14,7,3,14,1,3,15,6,7,15,2
2008,July,7,49,Tioga,5,9,6,4,6,3,3,4,2,2,3,0,2,5,4,2,3,3
2008,July,7,50,Tompkins,11,39,13,2,34,4,5,8,6,1,10,0,6,31,7,1,24,4
2008,July,7,51,Ulster,20,36,32,10,62,8,11,9,6,2,27,2,9,27,26,8,35,6
2008,July,7,52,Warren,7,13,11,5,12,0,2,8,5,2,2,0,5,5,6,3,10,0
2008,July,7,53,Washington,4,12,12,4,4,2,3,5,3,1,1,0,1,7,9,3,3,2
2008,July,7,54,Wayne,8,12,10,1,29,1,4,2,5,0,11,1,4,10,5,1,18,0
2008,July,7,55,Westchester,25,143,153,48,428,27,17,43,21,7,165,7,8,100,132,41,263,20
2008,July,7,56,Wyoming,3,16,1,0,6,1,1,7,0,0,3,0,2,9,1,0,3,1
2008,July,7,57,Yates,2,3,3,2,2,0,1,1,2,0,1,0,1,2,1,2,1,0
2008,June,6,1,Albany,20,99,87,50,116,10,12,48,26,2,50,4,8,51,61,48,66,6
2008,June,6,2,Allegany,7,16,5,6,20,2,6,5,1,2,7,2,1,11,4,4,13,0
2008,June,6,3,Broome,25,93,25,33,132,14,16,32,4,5,43,7,9,61,21,28,89,7
2008,June,6,4,Cattaraugus,8,17,4,12,20,3,6,6,2,3,6,2,2,11,2,9,14,1
2008,June,6,5,Cayuga,7,20,1,7,15,2,5,8,0,1,8,0,2,12,1,6,7,2
2008,June,6,6,Chautauqua,16,57,27,15,36,8,10,23,11,6,21,2,6,34,16,9,15,6
2008,June,6,7,Chemung,15,40,13,11,87,2,7,17,6,3,35,0,8,23,7,8,52,2
2008,June,6,8,Chenango,4,10,4,5,16,1,2,4,2,2,8,0,2,6,2,3,8,1
2008,June,6,9,Clinton,17,37,14,3,30,5,11,14,5,1,11,3,6,23,9,2,19,2
2008,June,6,10,Columbia,4,13,5,6,16,4,3,5,2,1,6,0,1,8,3,5,10,4
2008,June,6,11,Cortland,7,22,3,3,7,2,2,8,1,0,2,1,5,14,2,3,5,1
2008,June,6,12,Delaware,4,3,3,0,7,1,3,1,1,0,4,0,1,2,2,0,3,1
2008,June,6,13,Dutchess,5,36,20,17,82,7,4,12,4,8,33,3,1,24,16,9,49,4
2008,June,6,14,Erie,202,302,117,173,367,24,52,95,33,32,119,10,150,207,84,141,248,14
2008,June,6,15,Essex,2,5,0,5,12,0,1,3,0,0,9,0,1,2,0,5,3,0
2008,June,6,16,Franklin,6,10,3,4,11,2,3,1,1,3,2,0,3,9,2,1,9,2
2008,June,6,17,Fulton,11,15,1,5,30,0,5,6,0,1,17,0,6,9,1,4,13,0
2008,June,6,18,Genesee,3,7,6,5,15,6,3,2,0,2,7,3,0,5,6,3,8,3
2008,June,6,19,Greene,4,15,5,5,25,3,3,5,3,1,8,1,1,10,2,4,17,2
2008,June,6,20,Hamilton,0,1,0,0,1,0,0,0,0,0,0,0,0,1,0,0,1,0
2008,June,6,21,Herkimer,4,10,7,3,20,5,2,4,3,1,8,2,2,6,4,2,12,3
2008,June,6,22,Jefferson,10,28,7,7,54,3,8,7,2,1,11,1,2,21,5,6,43,2
2008,June,6,23,Lewis,2,1,1,2,3,1,2,1,0,0,0,0,0,0,1,2,3,1
2008,June,6,24,Livingston,9,13,12,11,8,1,6,5,4,2,3,0,3,8,8,9,5,1
2008,June,6,25,Madison,2,10,3,1,4,0,2,4,2,0,3,0,0,6,1,1,1,0
2008,June,6,26,Monroe,26,298,98,130,475,29,17,85,25,15,154,5,9,213,73,115,321,24
2008,June,6,27,Montgomery,5,15,12,4,19,6,4,4,4,2,6,3,1,11,8,2,13,3
2008,June,6,28,Nassau,36,132,68,117,380,39,12,59,13,32,86,12,24,73,55,85,294,27
2008,June,6,66,New York City,485,3805,390,4687,5405,1948,275,1204,85,1131,1892,509,210,2601,305,3556,3513,1439
2008,June,6,29,Niagara,24,85,17,21,150,10,12,29,5,2,49,3,12,56,12,19,101,7
2008,June,6,30,Oneida,12,73,34,11,69,10,7,34,17,3,33,2,5,39,17,8,36,8
2008,June,6,31,Onondaga,28,101,40,29,316,32,19,54,16,10,173,12,9,47,24,19,143,20
2008,June,6,32,Ontario,9,28,13,20,46,9,4,11,7,0,17,5,5,17,6,20,29,4
2008,June,6,33,Orange,18,64,44,15,113,5,11,33,12,3,37,1,7,31,32,12,76,4
2008,June,6,34,Orleans,3,21,17,5,11,2,2,9,6,1,3,2,1,12,11,4,8,0
2008,June,6,35,Oswego,18,30,6,13,40,2,12,11,1,4,17,1,6,19,5,9,23,1
2008,June,6,36,Otsego,4,8,6,0,6,2,3,1,1,0,3,1,1,7,5,0,3,1
2008,June,6,37,Putnam,1,1,2,1,3,0,1,0,1,0,1,0,0,1,1,1,2,0
2008,June,6,38,Rensselaer,18,43,32,5,71,6,12,23,16,2,48,2,6,20,16,3,23,4
2008,June,6,39,Rockland,7,23,10,10,38,5,2,5,3,0,12,0,5,18,7,10,26,5
2008,June,6,41,Saratoga,11,6,9,0,7,0,6,0,5,0,2,0,5,6,4,0,5,0
2008,June,6,42,Schenectady,9,29,15,11,40,11,8,9,5,2,18,6,1,20,10,9,22,5
2008,June,6,43,Schoharie,2,2,2,1,4,0,2,1,0,0,1,0,0,1,2,1,3,0
2008,June,6,44,Schuyler,1,2,0,1,6,1,1,1,0,0,2,1,0,1,0,1,4,0
2008,June,6,45,Seneca,1,3,2,0,2,2,0,1,1,0,1,1,1,2,1,0,1,1
2008,June,6,46,Steuben,6,25,13,8,32,4,1,8,4,0,11,2,5,17,9,8,21,2
2008,June,6,40,St. Lawrence,12,48,9,12,58,1,4,16,5,2,22,0,8,32,4,10,36,1
2008,June,6,47,Suffolk,69,159,81,126,604,24,35,65,25,9,150,5,34,94,56,117,454,19
2008,June,6,48,Sullivan,8,30,14,24,45,6,2,9,6,4,22,3,6,21,8,20,23,3
2008,June,6,49,Tioga,4,12,3,4,2,1,3,4,1,1,2,0,1,8,2,3,0,1
2008,June,6,50,Tompkins,8,40,12,15,41,7,8,9,3,2,14,2,0,31,9,13,27,5
2008,June,6,51,Ulster,20,37,39,10,45,7,13,16,13,1,21,4,7,21,26,9,24,3
2008,June,6,52,Warren,5,22,9,15,9,1,2,7,1,4,4,1,3,15,8,11,5,0
2008,June,6,53,Washington,4,15,9,6,8,1,2,5,1,2,4,0,2,10,8,4,4,1
2008,June,6,54,Wayne,7,18,7,7,13,2,4,8,2,1,5,1,3,10,5,6,8,1
2008,June,6,55,Westchester,22,133,138,56,471,28,11,36,26,9,139,8,11,97,112,47,332,20
2008,June,6,56,Wyoming,4,14,1,0,4,0,4,5,0,0,2,0,0,9,1,0,2,0
2008,June,6,57,Yates,0,5,1,2,2,0,0,2,1,1,1,0,0,3,0,1,1,0
2008,May,5,1,Albany,19,109,80,43,156,13,14,44,26,7,56,3,5,65,54,36,100,10
2008,May,5,2,Allegany,5,23,6,16,9,2,2,6,2,3,3,2,3,17,4,13,6,0
2008,May,5,3,Broome,33,81,39,24,129,13,19,25,10,4,47,6,14,56,29,20,82,7
2008,May,5,4,Cattaraugus,12,17,4,4,15,0,4,2,2,0,6,0,8,15,2,4,9,0
2008,May,5,5,Cayuga,14,15,4,6,14,1,11,7,3,1,6,0,3,8,1,5,8,1
2008,May,5,6,Chautauqua,12,82,38,13,34,5,9,38,18,4,16,4,3,44,20,9,18,1
2008,May,5,7,Chemung,15,27,15,18,82,3,11,10,2,3,43,1,4,17,13,15,39,2
2008,May,5,8,Chenango,2,4,3,0,7,0,1,1,2,0,3,0,1,3,1,0,4,0
2008,May,5,9,Clinton,23,43,18,9,47,4,12,21,4,0,10,0,11,22,14,9,37,4
2008,May,5,10,Columbia,7,22,6,9,17,0,2,10,2,2,7,0,5,12,4,7,10,0
2008,May,5,11,Cortland,5,16,2,8,10,0,3,7,0,0,7,0,2,9,2,8,3,0
2008,May,5,12,Delaware,3,7,6,3,24,1,2,3,1,0,9,1,1,4,5,3,15,0
2008,May,5,13,Dutchess,11,37,16,30,89,6,8,12,2,5,26,3,3,25,14,25,63,3
2008,May,5,14,Erie,153,292,123,187,496,28,61,127,30,34,150,11,92,165,93,153,346,17
2008,May,5,15,Essex,4,7,2,3,10,0,4,1,0,1,5,0,0,6,2,2,5,0
2008,May,5,16,Franklin,11,11,13,12,15,3,5,7,2,0,8,2,6,4,11,12,7,1
2008,May,5,17,Fulton,12,18,3,5,40,4,8,5,2,0,21,2,4,13,1,5,19,2
2008,May,5,18,Genesee,1,11,9,0,25,2,1,6,3,0,8,1,0,5,6,0,17,1
2008,May,5,19,Greene,5,27,8,8,20,1,4,10,2,1,8,0,1,17,6,7,12,1
2008,May,5,20,Hamilton,0,0,2,0,0,0,0,0,1,0,0,0,0,0,1,0,0,0
2008,May,5,21,Herkimer,8,19,3,5,19,0,4,7,1,0,8,0,4,12,2,5,11,0
2008,May,5,22,Jefferson,12,27,12,5,47,1,8,4,1,1,12,1,4,23,11,4,35,0
2008,May,5,23,Lewis,1,2,0,1,3,1,0,0,0,0,2,0,1,2,0,1,1,1
2008,May,5,24,Livingston,4,22,14,1,16,5,3,5,4,0,4,1,1,17,10,1,12,4
2008,May,5,25,Madison,6,10,2,1,4,1,6,6,0,1,3,0,0,4,2,0,1,1
2008,May,5,26,Monroe,36,337,112,111,506,41,26,102,26,11,148,9,10,235,86,100,358,32
2008,May,5,27,Montgomery,16,16,9,11,24,5,11,6,6,4,12,4,5,10,3,7,12,1
2008,May,5,28,Nassau,28,126,76,100,379,23,16,29,23,25,82,4,12,97,53,75,297,19
2008,May,5,66,New York City,382,3264,498,4164,4905,1994,228,957,164,1010,1619,498,154,2307,334,3154,3286,1496
2008,May,5,29,Niagara,28,69,11,39,149,11,12,22,6,6,38,3,16,47,5,33,111,8
2008,May,5,30,Oneida,14,89,31,12,87,8,9,41,15,1,43,3,5,48,16,11,44,5
2008,May,5,31,Onondaga,25,127,36,60,395,20,24,62,20,23,205,10,1,65,16,37,190,10
2008,May,5,32,Ontario,7,29,8,20,25,4,4,13,3,1,10,3,3,16,5,19,15,1
2008,May,5,33,Orange,15,47,30,11,94,6,9,19,8,3,39,5,6,28,22,8,55,1
2008,May,5,34,Orleans,6,24,8,4,11,2,4,8,3,1,4,0,2,16,5,3,7,2
2008,May,5,35,Oswego,16,20,14,10,38,3,12,8,3,3,22,2,4,12,11,7,16,1
2008,May,5,36,Otsego,0,6,3,1,9,0,0,0,1,0,4,0,0,6,2,1,5,0
2008,May,5,37,Putnam,1,2,1,2,2,0,0,1,0,0,1,0,1,1,1,2,1,0
2008,May,5,38,Rensselaer,10,51,15,7,63,8,9,33,12,1,34,3,1,18,3,6,29,5
2008,May,5,39,Rockland,10,34,14,8,58,12,7,13,7,0,22,5,3,21,7,8,36,7
2008,May,5,41,Saratoga,9,5,1,0,16,0,4,2,1,0,6,0,5,3,0,0,10,0
2008,May,5,42,Schenectady,5,37,27,16,54,2,2,12,8,7,24,1,3,25,19,9,30,1
2008,May,5,43,Schoharie,2,14,3,4,1,0,1,2,1,2,0,0,1,12,2,2,1,0
2008,May,5,44,Schuyler,5,8,3,1,14,1,2,3,2,0,10,0,3,5,1,1,4,1
2008,May,5,45,Seneca,2,3,1,0,4,0,1,2,1,0,2,0,1,1,0,0,2,0
2008,May,5,46,Steuben,11,33,7,5,23,2,7,4,3,0,13,1,4,29,4,5,10,1
2008,May,5,40,St. Lawrence,18,36,9,8,40,0,13,13,2,0,10,0,5,23,7,8,30,0
2008,May,5,47,Suffolk,58,181,84,149,576,23,27,64,14,12,118,3,31,117,70,137,458,20
2008,May,5,48,Sullivan,4,27,15,20,30,8,2,15,6,7,13,1,2,12,9,13,17,7
2008,May,5,49,Tioga,3,11,10,3,5,0,2,3,5,1,4,0,1,8,5,2,1,0
2008,May,5,50,Tompkins,8,37,7,7,39,6,4,11,2,1,19,2,4,26,5,6,20,4
2008,May,5,51,Ulster,11,60,38,11,77,7,4,27,7,4,32,4,7,33,31,7,45,3
2008,May,5,52,Warren,5,12,8,15,10,0,2,4,2,1,1,0,3,8,6,14,9,0
2008,May,5,53,Washington,5,17,13,6,16,2,5,9,5,1,8,0,0,8,8,5,8,2
2008,May,5,54,Wayne,9,28,10,1,16,2,6,8,2,0,7,0,3,20,8,1,9,2
2008,May,5,55,Westchester,14,132,132,55,484,15,8,38,25,8,190,6,6,94,107,47,294,9
2008,May,5,56,Wyoming,2,9,3,0,5,1,2,1,1,0,1,1,0,8,2,0,4,0
2008,May,5,57,Yates,1,15,2,1,4,0,1,5,2,0,2,0,0,10,0,1,2,0
2008,April,4,1,Albany,19,93,127,65,137,13,10,46,36,4,58,7,9,47,91,61,79,6
2008,April,4,2,Allegany,7,19,3,8,20,0,5,11,2,0,12,0,2,8,1,8,8,0
2008,April,4,3,Broome,44,95,42,34,83,19,23,27,13,7,32,4,21,68,29,27,51,15
2008,April,4,4,Cattaraugus,5,13,2,11,18,2,0,1,2,5,6,2,5,12,0,6,12,0
2008,April,4,5,Cayuga,5,12,6,1,11,2,2,3,3,0,5,0,3,9,3,1,6,2
2008,April,4,6,Chautauqua,14,58,31,14,37,4,8,26,14,5,15,2,6,32,17,9,22,2
2008,April,4,7,Chemung,12,34,15,7,66,3,8,12,3,2,36,1,4,22,12,5,30,2
2008,April,4,8,Chenango,5,6,9,1,7,1,4,3,4,0,5,0,1,3,5,1,2,1
2008,April,4,9,Clinton,14,27,23,9,28,7,7,11,4,1,3,2,7,16,19,8,25,5
2008,April,4,10,Columbia,3,13,12,14,21,3,1,4,2,2,7,2,2,9,10,12,14,1
2008,April,4,11,Cortland,4,20,6,3,6,0,1,10,2,0,5,0,3,10,4,3,1,0
2008,April,4,12,Delaware,1,13,6,5,11,1,1,5,2,1,4,1,0,8,4,4,7,0
2008,April,4,13,Dutchess,8,36,13,22,85,6,6,10,5,7,26,0,2,26,8,15,59,6
2008,April,4,14,Erie,224,262,102,165,416,34,74,106,30,40,135,15,150,156,72,125,281,19
2008,April,4,15,Essex,3,8,1,0,8,0,2,3,0,0,2,0,1,5,1,0,6,0
2008,April,4,16,Franklin,11,7,4,6,13,0,3,2,3,1,3,0,8,5,1,5,10,0
2008,April,4,17,Fulton,7,13,5,4,38,5,3,6,2,1,19,0,4,7,3,3,19,5
2008,April,4,18,Genesee,5,9,6,0,16,3,0,4,2,0,5,1,5,5,4,0,11,2
2008,April,4,19,Greene,8,20,14,7,17,1,6,10,7,3,5,0,2,10,7,4,12,1
2008,April,4,20,Hamilton,1,1,0,0,0,0,0,1,0,0,0,0,1,0,0,0,0,0
2008,April,4,21,Herkimer,9,9,2,7,18,1,1,2,1,4,7,1,8,7,1,3,11,0
2008,April,4,22,Jefferson,12,12,16,5,45,3,6,3,3,1,6,0,6,9,13,4,39,3
2008,April,4,23,Lewis,0,1,1,1,3,0,0,0,1,0,3,0,0,1,0,1,0,0
2008,April,4,24,Livingston,8,13,7,0,11,4,2,6,3,0,4,2,6,7,4,0,7,2
2008,April,4,25,Madison,2,4,0,0,8,0,1,2,0,0,2,0,1,2,0,0,6,0
2008,April,4,26,Monroe,44,238,122,83,440,42,19,88,26,13,142,9,25,150,96,70,298,33
2008,April,4,27,Montgomery,2,15,8,8,15,1,2,6,1,7,8,0,0,9,7,1,7,1
2008,April,4,28,Nassau,33,122,78,52,362,34,18,46,12,23,91,14,15,76,66,29,271,20
2008,April,4,66,New York City,491,3148,551,4398,4710,1932,287,1007,157,1110,1641,421,204,2141,394,3288,3069,1511
2008,April,4,29,Niagara,20,59,11,39,113,7,7,17,2,12,40,1,13,42,9,27,73,6
2008,April,4,30,Oneida,15,57,26,13,57,6,10,22,14,1,22,2,5,35,12,12,35,4
2008,April,4,31,Onondaga,31,110,47,45,295,25,22,57,23,13,140,10,9,53,24,32,155,15
2008,April,4,32,Ontario,6,26,12,21,36,5,4,12,5,3,12,4,2,14,7,18,24,1
2008,April,4,33,Orange,14,56,31,25,103,8,8,25,8,2,37,5,6,31,23,23,66,3
2008,April,4,34,Orleans,5,23,12,7,18,3,3,12,3,1,7,3,2,11,9,6,11,0
2008,April,4,35,Oswego,13,13,17,12,36,1,8,5,7,4,17,1,5,8,10,8,19,0
2008,April,4,36,Otsego,0,4,3,1,6,0,0,1,3,1,3,0,0,3,0,0,3,0
2008,April,4,37,Putnam,0,6,2,1,1,0,0,1,0,0,0,0,0,5,2,1,1,0
2008,April,4,38,Rensselaer,11,42,17,9,62,6,8,28,15,4,44,2,3,14,2,5,18,4
2008,April,4,39,Rockland,6,34,10,10,49,8,3,12,3,0,11,5,3,22,7,10,38,3
2008,April,4,41,Saratoga,8,5,0,0,9,1,2,0,0,0,1,0,6,5,0,0,8,1
2008,April,4,42,Schenectady,10,26,15,13,30,1,7,9,6,4,13,0,3,17,9,9,17,1
2008,April,4,43,Schoharie,2,5,3,1,4,0,0,2,1,0,2,0,2,3,2,1,2,0
2008,April,4,44,Schuyler,6,4,7,0,5,2,6,1,5,0,2,1,0,3,2,0,3,1
2008,April,4,45,Seneca,0,3,3,0,1,0,0,0,0,0,1,0,0,3,3,0,0,0
2008,April,4,46,Steuben,18,24,9,10,19,1,10,7,3,1,11,0,8,17,6,9,8,1
2008,April,4,40,St. Lawrence,14,33,2,5,31,4,11,13,0,1,13,2,3,20,2,4,18,2
2008,April,4,47,Suffolk,62,158,61,95,574,39,25,47,17,14,119,12,37,111,44,81,455,27
2008,April,4,48,Sullivan,9,27,7,15,32,0,6,7,1,7,12,0,3,20,6,8,20,0
2008,April,4,49,Tioga,2,14,14,1,3,1,0,7,3,0,2,0,2,7,11,1,1,1
2008,April,4,50,Tompkins,7,21,9,6,34,9,1,8,1,0,15,5,6,13,8,6,19,4
2008,April,4,51,Ulster,10,40,36,16,61,12,5,15,15,1,24,6,5,25,21,15,37,6
2008,April,4,52,Warren,5,11,3,12,9,0,1,3,2,4,1,0,4,8,1,8,8,0
2008,April,4,53,Washington,6,12,8,7,6,0,2,4,1,4,3,0,4,8,7,3,3,0
2008,April,4,54,Wayne,3,26,8,3,15,1,2,10,4,0,2,0,1,16,4,3,13,1
2008,April,4,55,Westchester,31,145,169,48,444,33,18,43,26,12,145,5,13,102,143,36,299,28
2008,April,4,56,Wyoming,3,10,0,0,6,1,2,3,0,0,4,0,1,7,0,0,2,1
2008,April,4,57,Yates,0,7,0,3,2,0,0,0,0,2,2,0,0,7,0,1,0,0
2008,March,3,1,Albany,24,93,105,50,128,9,14,44,29,3,61,2,10,49,76,47,67,7
2008,March,3,2,Allegany,7,9,3,11,12,3,6,4,2,1,7,1,1,5,1,10,5,2
2008,March,3,3,Broome,27,80,47,47,97,7,14,23,12,9,29,3,13,57,35,38,68,4
2008,March,3,4,Cattaraugus,12,11,8,4,18,3,6,4,3,0,11,3,6,7,5,4,7,0
2008,March,3,5,Cayuga,4,9,4,5,10,2,4,5,3,0,8,1,0,4,1,5,2,1
2008,March,3,6,Chautauqua,15,58,30,19,35,6,9,24,20,6,14,3,6,34,10,13,21,3
2008,March,3,7,Chemung,10,49,16,18,64,5,7,19,5,8,24,0,3,30,11,10,40,5
2008,March,3,8,Chenango,4,9,3,1,1,1,2,2,1,1,1,1,2,7,2,0,0,0
2008,March,3,9,Clinton,13,28,14,6,25,6,8,11,2,1,8,3,5,17,12,5,17,3
2008,March,3,10,Columbia,7,21,15,3,23,1,5,6,5,1,11,1,2,15,10,2,12,0
2008,March,3,11,Cortland,7,15,3,0,8,3,4,7,1,0,2,1,3,8,2,0,6,2
2008,March,3,12,Delaware,2,9,1,2,14,0,2,3,0,0,6,0,0,6,1,2,8,0
2008,March,3,13,Dutchess,6,38,12,14,87,6,5,18,2,5,34,2,1,20,10,9,53,4
2008,March,3,14,Erie,161,308,108,164,464,28,67,111,34,33,152,13,94,197,74,131,312,15
2008,March,3,15,Essex,0,5,2,3,10,1,0,0,1,0,1,0,0,5,1,3,9,1
2008,March,3,16,Franklin,4,10,8,4,4,3,2,4,2,2,2,1,2,6,6,2,2,2
2008,March,3,17,Fulton,4,11,2,2,27,0,2,4,0,0,11,0,2,7,2,2,16,0
2008,March,3,18,Genesee,2,3,0,4,17,2,2,1,0,0,8,1,0,2,0,4,9,1
2008,March,3,19,Greene,8,22,7,8,20,1,5,11,4,0,4,1,3,11,3,8,16,0
2008,March,3,20,Hamilton,0,0,0,0,0,0,0,0,0,0,0,0,0,0,0,0,0,0
2008,March,3,21,Herkimer,4,7,5,3,25,2,3,2,1,2,11,0,1,5,4,1,14,2
2008,March,3,22,Jefferson,7,14,16,7,29,7,2,7,1,1,8,2,5,7,15,6,21,5
2008,March,3,23,Lewis,0,2,0,1,2,1,0,0,0,0,2,1,0,2,0,1,0,0
2008,March,3,24,Livingston,4,10,10,8,12,3,0,1,3,1,7,1,4,9,7,7,5,2
2008,March,3,25,Madison,2,7,4,2,9,2,1,3,2,1,4,0,1,4,2,1,5,2
2008,March,3,26,Monroe,41,231,89,52,488,25,24,76,21,6,180,8,17,155,68,46,308,17
2008,March,3,27,Montgomery,14,15,8,8,19,3,6,9,2,2,7,0,8,6,6,6,12,3
2008,March,3,28,Nassau,31,118,74,68,323,29,16,47,18,24,94,8,15,71,56,44,229,21
2008,March,3,66,New York City,478,3442,352,5221,5449,1641,267,1149,83,1083,1946,266,211,2293,269,4138,3503,1375
2008,March,3,29,Niagara,26,59,20,38,149,17,12,17,5,8,41,6,14,42,15,30,108,11
2008,March,3,30,Oneida,10,58,41,14,76,6,6,21,20,4,37,1,4,37,21,10,39,5
2008,March,3,31,Onondaga,31,116,47,32,323,22,22,56,25,12,183,12,9,60,22,20,140,10
2008,March,3,32,Ontario,11,23,5,18,47,5,6,11,3,3,16,3,5,12,2,15,31,2
2008,March,3,33,Orange,21,58,42,18,118,4,13,26,15,2,49,1,8,32,27,16,69,3
2008,March,3,34,Orleans,4,13,13,3,25,2,1,7,1,0,10,2,3,6,12,3,15,0
2008,March,3,35,Oswego,11,16,1,9,53,12,8,8,1,4,27,3,3,8,0,5,26,9
2008,March,3,36,Otsego,3,4,3,2,5,0,1,2,0,0,2,0,2,2,3,2,3,0
2008,March,3,37,Putnam,3,4,0,1,1,0,1,3,0,0,0,0,2,1,0,1,1,0
2008,March,3,38,Rensselaer,13,49,22,13,50,3,11,24,12,6,33,1,2,25,10,7,17,2
2008,March,3,39,Rockland,5,38,10,8,57,5,1,11,3,1,17,1,4,27,7,7,40,4
2008,March,3,41,Saratoga,5,9,1,1,6,0,1,1,1,0,2,0,4,8,0,1,4,0
2008,March,3,42,Schenectady,8,45,19,19,73,8,3,16,10,6,35,3,5,29,9,13,38,5
2008,March,3,43,Schoharie,0,6,0,0,6,1,0,3,0,0,3,0,0,3,0,0,3,1
2008,March,3,44,Schuyler,2,3,5,3,3,0,1,1,3,0,2,0,1,2,2,3,1,0
2008,March,3,45,Seneca,1,5,0,0,4,0,0,2,0,0,2,0,1,3,0,0,2,0
2008,March,3,46,Steuben,7,29,14,6,28,3,5,9,4,2,11,0,2,20,10,4,17,3
2008,March,3,40,St. Lawrence,22,31,7,6,41,5,12,8,0,2,15,3,10,23,7,4,26,2
2008,March,3,47,Suffolk,60,140,69,91,633,25,26,58,16,7,147,5,34,82,53,84,486,20
2008,March,3,48,Sullivan,9,20,20,14,38,3,7,8,7,4,13,0,2,12,13,10,25,3
2008,March,3,49,Tioga,2,11,8,3,7,0,2,3,1,2,1,0,0,8,7,1,6,0
2008,March,3,50,Tompkins,18,26,11,9,33,6,13,8,2,1,15,2,5,18,9,8,18,4
2008,March,3,51,Ulster,11,26,22,5,75,10,9,5,9,1,30,3,2,21,13,4,45,7
2008,March,3,52,Warren,4,10,7,8,10,0,3,4,0,1,2,0,1,6,7,7,8,0
2008,March,3,53,Washington,9,16,9,13,14,3,6,8,2,3,6,0,3,8,7,10,8,3
2008,March,3,54,Wayne,2,12,3,1,12,0,1,1,1,0,5,0,1,11,2,1,7,0
2008,March,3,55,Westchester,28,123,134,66,491,25,16,41,28,11,159,10,12,82,106,55,332,15
2008,March,3,56,Wyoming,2,4,4,1,6,2,0,1,3,0,3,0,2,3,1,1,3,2
2008,March,3,57,Yates,2,4,2,1,7,3,1,0,0,0,4,0,1,4,2,1,3,3
2008,February,2,1,Albany,21,92,93,55,140,12,13,48,28,4,55,5,8,44,65,51,85,7
2008,February,2,2,Allegany,11,16,7,12,13,1,6,5,4,0,9,0,5,11,3,12,4,1
2008,February,2,3,Broome,32,90,41,36,118,17,19,28,12,9,36,5,13,62,29,27,82,12
2008,February,2,4,Cattaraugus,10,17,6,5,12,3,7,5,5,2,5,1,3,12,1,3,7,2
2008,February,2,5,Cayuga,5,13,5,4,11,1,2,6,3,2,8,0,3,7,2,2,3,1
2008,February,2,6,Chautauqua,11,78,25,13,28,10,6,37,12,5,20,6,5,41,13,8,8,4
2008,February,2,7,Chemung,16,35,17,16,59,3,10,13,5,7,30,2,6,22,12,9,29,1
2008,February,2,8,Chenango,2,8,1,3,3,2,2,4,0,1,1,1,0,4,1,2,2,1
2008,February,2,9,Clinton,21,35,18,5,51,6,15,10,4,0,23,3,6,25,14,5,28,3
2008,February,2,10,Columbia,9,9,8,9,23,0,6,3,2,2,9,0,3,6,6,7,14,0
2008,February,2,11,Cortland,5,20,5,4,3,1,4,7,3,1,1,0,1,13,2,3,2,1
2008,February,2,12,Delaware,0,7,3,2,7,1,0,2,0,1,5,1,0,5,3,1,2,0
2008,February,2,13,Dutchess,5,36,12,25,80,12,4,13,1,7,37,3,1,23,11,18,43,9
2008,February,2,14,Erie,211,231,107,171,465,23,71,81,34,37,138,8,140,150,73,134,327,15
2008,February,2,15,Essex,2,3,3,0,12,0,1,2,1,0,6,0,1,1,2,0,6,0
2008,February,2,16,Franklin,10,11,4,4,20,1,6,8,0,0,9,1,4,3,4,4,11,0
2008,February,2,17,Fulton,11,14,1,4,41,3,6,2,1,2,23,1,5,12,0,2,18,2
2008,February,2,18,Genesee,2,9,2,2,18,0,1,6,0,0,5,0,1,3,2,2,13,0
2008,February,2,19,Greene,3,15,9,4,13,1,3,7,5,1,5,0,0,8,4,3,8,1
2008,February,2,20,Hamilton,0,0,0,0,0,0,0,0,0,0,0,0,0,0,0,0,0,0
2008,February,2,21,Herkimer,2,14,5,5,14,0,0,4,1,2,3,0,2,10,4,3,11,0
2008,February,2,22,Jefferson,10,16,7,2,40,3,3,4,0,1,7,2,7,12,7,1,33,1
2008,February,2,23,Lewis,3,2,1,1,5,1,3,1,0,0,3,1,0,1,1,1,2,0
2008,February,2,24,Livingston,10,26,14,6,12,4,7,5,4,1,7,1,3,21,10,5,5,3
2008,February,2,25,Madison,0,7,3,0,2,0,0,3,2,0,2,0,0,4,1,0,0,0
2008,February,2,26,Monroe,37,233,65,33,459,34,15,76,20,6,168,7,22,157,45,27,291,27
2008,February,2,27,Montgomery,12,22,14,8,19,2,5,10,2,2,8,1,7,12,12,6,11,1
2008,February,2,28,Nassau,33,122,72,37,238,24,18,49,19,12,57,9,15,73,53,25,181,15
2008,February,2,66,New York City,468,2942,353,4437,5104,1700,284,1029,69,1019,1877,274,184,1913,284,3418,3227,1426
2008,February,2,29,Niagara,17,45,10,40,123,9,10,16,4,7,38,4,7,29,6,33,85,5
2008,February,2,30,Oneida,9,60,31,15,77,3,6,26,11,1,47,0,3,34,20,14,30,3
2008,February,2,31,Onondaga,28,104,49,44,390,18,21,44,19,19,216,7,7,60,30,25,174,11
2008,February,2,32,Ontario,8,26,11,16,33,3,4,8,4,1,11,1,4,18,7,15,22,2
2008,February,2,33,Orange,18,51,33,20,97,2,14,27,7,3,38,1,4,24,26,17,59,1
2008,February,2,34,Orleans,5,22,7,5,15,4,4,6,3,4,7,1,1,16,4,1,8,3
2008,February,2,35,Oswego,11,14,7,8,36,7,8,6,3,2,17,4,3,8,4,6,19,3
2008,February,2,36,Otsego,1,3,2,1,8,1,1,2,2,0,4,1,0,1,0,1,4,0
2008,February,2,37,Putnam,1,5,0,1,2,0,1,2,0,0,1,0,0,3,0,1,1,0
2008,February,2,38,Rensselaer,15,41,21,4,50,4,11,25,14,1,33,3,4,16,7,3,17,1
2008,February,2,39,Rockland,8,22,9,6,29,8,4,6,4,1,17,4,4,16,5,5,12,4
2008,February,2,41,Saratoga,8,2,2,2,7,0,6,0,0,0,5,0,2,2,2,2,2,0
2008,February,2,42,Schenectady,5,35,29,17,44,4,2,15,12,6,23,1,3,20,17,11,21,3
2008,February,2,43,Schoharie,1,0,1,0,3,0,1,0,1,0,2,0,0,0,0,0,1,0
2008,February,2,44,Schuyler,1,4,2,1,6,0,1,0,2,0,3,0,0,4,0,1,3,0
2008,February,2,45,Seneca,3,0,0,1,0,0,0,0,0,0,0,0,3,0,0,1,0,0
2008,February,2,46,Steuben,13,17,7,3,22,1,9,5,2,0,11,1,4,12,5,3,11,0
2008,February,2,40,St. Lawrence,17,27,15,9,40,2,9,14,5,0,20,0,8,13,10,9,20,2
2008,February,2,47,Suffolk,72,125,76,97,570,17,37,50,23,15,148,4,35,75,53,82,422,13
2008,February,2,48,Sullivan,19,22,20,22,40,5,9,9,15,8,20,2,10,13,5,14,20,3
2008,February,2,49,Tioga,3,10,5,6,7,0,1,5,3,1,4,0,2,5,2,5,3,0
2008,February,2,50,Tompkins,14,35,11,7,37,9,11,11,5,1,14,2,3,24,6,6,23,7
2008,February,2,51,Ulster,18,34,35,10,85,6,8,17,14,1,38,2,10,17,21,9,47,4
2008,February,2,52,Warren,3,6,10,13,10,3,1,2,1,1,3,1,2,4,9,12,7,2
2008,February,2,53,Washington,8,12,9,15,13,1,4,5,5,7,5,0,4,7,4,8,8,1
2008,February,2,54,Wayne,5,15,3,1,14,2,5,5,2,0,6,0,0,10,1,1,8,2
2008,February,2,55,Westchester,29,101,129,51,467,25,19,27,17,10,157,10,10,74,112,41,310,15
2008,February,2,56,Wyoming,6,12,4,0,4,0,2,5,2,0,2,0,4,7,2,0,2,0
2008,February,2,57,Yates,0,4,3,1,1,1,0,1,1,1,0,0,0,3,2,0,1,1
2008,January,1,1,Albany,17,86,105,35,128,5,10,35,43,7,47,1,7,51,62,28,81,4
2008,January,1,2,Allegany,7,18,3,8,16,1,4,6,2,3,6,0,3,12,1,5,10,1
2008,January,1,3,Broome,35,97,51,36,143,4,22,37,17,5,53,2,13,60,34,31,90,2
2008,January,1,4,Cattaraugus,8,19,3,9,21,0,5,0,1,1,11,0,3,19,2,8,10,0
2008,January,1,5,Cayuga,9,13,8,1,12,3,7,5,4,1,7,1,2,8,4,0,5,2
2008,January,1,6,Chautauqua,11,46,31,10,53,7,10,20,15,2,26,5,1,26,16,8,27,2
2008,January,1,7,Chemung,14,21,23,9,69,2,8,7,7,0,39,1,6,14,16,9,30,1
2008,January,1,8,Chenango,3,9,2,1,3,0,2,2,1,0,1,0,1,7,1,1,2,0
2008,January,1,9,Clinton,19,26,16,6,26,6,9,11,5,1,12,3,10,15,11,5,14,3
2008,January,1,10,Columbia,5,26,11,3,19,1,2,14,3,0,6,1,3,12,8,3,13,0
2008,January,1,11,Cortland,2,18,4,2,3,0,2,9,1,0,3,0,0,9,3,2,0,0
2008,January,1,12,Delaware,6,5,3,1,11,0,3,1,0,0,3,0,3,4,3,1,8,0
2008,January,1,13,Dutchess,9,35,15,20,108,11,7,13,2,2,36,0,2,22,13,18,72,11
2008,January,1,14,Erie,169,209,90,139,406,26,52,78,28,23,123,11,117,131,62,116,283,15
2008,January,1,15,Essex,0,2,6,1,8,0,0,2,2,0,5,0,0,0,4,1,3,0
2008,January,1,16,Franklin,6,5,6,7,11,3,2,3,2,3,5,1,4,2,4,4,6,2
2008,January,1,17,Fulton,9,14,5,3,38,4,6,4,2,1,21,1,3,10,3,2,17,3
2008,January,1,18,Genesee,3,6,8,3,16,0,1,1,1,0,8,0,2,5,7,3,8,0
2008,January,1,19,Greene,2,16,5,6,12,1,2,3,2,3,4,1,0,13,3,3,8,0
2008,January,1,20,Hamilton,0,1,0,0,0,0,0,0,0,0,0,0,0,1,0,0,0,0
2008,January,1,21,Herkimer,8,9,6,9,16,1,7,5,1,6,7,0,1,4,5,3,9,1
2008,January,1,22,Jefferson,12,14,13,2,45,4,6,1,4,1,13,2,6,13,9,1,32,2
2008,January,1,23,Lewis,1,1,2,0,2,1,1,0,1,0,0,0,0,1,1,0,2,1
2008,January,1,24,Livingston,6,7,11,5,7,2,2,1,1,0,1,1,4,6,10,5,6,1
2008,January,1,25,Madison,1,7,5,0,9,0,1,2,1,0,4,0,0,5,4,0,5,0
2008,January,1,26,Monroe,30,220,89,25,420,24,16,83,26,4,149,9,14,137,63,21,271,15
2008,January,1,27,Montgomery,4,10,8,8,23,4,3,4,3,3,11,2,1,6,5,5,12,2
2008,January,1,28,Nassau,35,90,96,64,301,27,23,36,27,22,80,9,12,54,69,42,221,18
2008,January,1,66,New York City,554,2787,341,4513,5032,1566,334,991,74,952,1844,186,220,1796,267,3561,3188,1380
2008,January,1,29,Niagara,25,48,15,43,123,17,16,17,5,10,42,2,9,31,10,33,81,15
2008,January,1,30,Oneida,12,35,23,13,61,10,7,19,13,1,29,2,5,16,10,12,32,8
2008,January,1,31,Onondaga,17,92,33,32,223,13,14,34,12,12,114,6,3,58,21,20,109,7
2008,January,1,32,Ontario,11,22,19,17,31,4,8,8,9,5,11,1,3,14,10,12,20,3
2008,January,1,33,Orange,13,52,36,17,111,4,11,26,10,0,50,0,2,26,26,17,61,4
2008,January,1,34,Orleans,5,11,4,5,21,5,3,7,3,3,8,2,2,4,1,2,13,3
2008,January,1,35,Oswego,18,21,4,8,54,8,13,12,2,2,24,2,5,9,2,6,30,6
2008,January,1,36,Otsego,4,6,4,0,8,0,3,0,2,0,4,0,1,6,2,0,4,0
2008,January,1,37,Putnam,0,1,0,1,2,2,0,1,0,0,0,1,0,0,0,1,2,1
2008,January,1,38,Rensselaer,12,37,19,2,58,4,8,22,13,1,45,3,4,15,6,1,13,1
2008,January,1,39,Rockland,7,18,5,7,30,7,5,6,1,2,9,2,2,12,4,5,21,5
2008,January,1,41,Saratoga,6,1,1,0,7,0,3,0,0,0,3,0,3,1,1,0,4,0
2008,January,1,42,Schenectady,6,18,20,13,36,1,3,7,7,4,15,1,3,11,13,9,21,0
2008,January,1,43,Schoharie,2,3,2,2,3,0,0,1,1,1,2,0,2,2,1,1,1,0
2008,January,1,44,Schuyler,1,3,2,0,6,0,1,0,1,0,4,0,0,3,1,0,2,0
2008,January,1,45,Seneca,1,4,0,0,1,0,1,0,0,0,1,0,0,4,0,0,0,0
2008,January,1,46,Steuben,7,10,12,5,13,3,5,3,1,1,5,1,2,7,11,4,8,2
2008,January,1,40,St. Lawrence,18,19,13,7,48,6,12,10,6,2,22,3,6,9,7,5,26,3
2008,January,1,47,Suffolk,66,152,73,83,601,17,36,48,12,3,142,4,30,104,61,80,459,13
2008,January,1,48,Sullivan,14,15,17,13,26,3,9,8,4,6,10,0,5,7,13,7,16,3
2008,January,1,49,Tioga,5,7,5,3,8,2,4,2,2,1,4,1,1,5,3,2,4,1
2008,January,1,50,Tompkins,6,15,6,5,39,9,3,4,1,0,14,4,3,11,5,5,25,5
2008,January,1,51,Ulster,14,32,46,4,53,10,9,11,17,0,21,6,5,21,29,4,32,4
2008,January,1,52,Warren,8,16,10,8,9,1,5,3,5,0,5,0,3,13,5,8,4,1
2008,January,1,53,Washington,9,12,12,19,22,2,6,7,4,4,12,1,3,5,8,15,10,1
2008,January,1,54,Wayne,6,16,5,0,22,0,6,4,1,0,12,0,0,12,4,0,10,0
2008,January,1,55,Westchester,35,94,155,35,462,23,22,27,32,4,176,8,13,67,123,31,286,15
2008,January,1,56,Wyoming,1,4,4,0,1,0,1,1,1,0,1,0,0,3,3,0,0,0
2008,January,1,57,Yates,1,3,3,1,4,1,1,1,2,0,3,1,0,2,1,1,1,0
2007,December,12,1,Albany,15,98,75,41,149,13,7,46,29,6,52,6,8,52,46,35,97,7
2007,December,12,2,Allegany,4,12,8,12,17,2,2,4,6,4,11,0,2,8,2,8,6,2
2007,December,12,3,Broome,31,91,51,29,120,11,20,35,22,11,38,5,11,56,29,18,82,6
2007,December,12,4,Cattaraugus,11,23,8,5,20,3,7,7,0,1,11,2,4,16,8,4,9,1
2007,December,12,5,Cayuga,4,15,5,2,7,0,4,7,2,0,3,0,0,8,3,2,4,0
2007,December,12,6,Chautauqua,12,47,27,12,31,7,9,18,19,3,15,5,3,29,8,9,16,2
2007,December,12,7,Chemung,9,39,16,15,67,10,7,12,5,2,31,2,2,27,11,13,36,8
2007,December,12,8,Chenango,3,2,3,1,5,2,2,1,1,1,3,0,1,1,2,0,2,2
2007,December,12,9,Clinton,12,26,12,6,24,6,6,9,1,0,9,3,6,17,11,6,15,3
2007,December,12,10,Columbia,5,10,2,3,17,0,4,4,0,2,4,0,1,6,2,1,13,0
2007,December,12,11,Cortland,3,22,4,3,4,0,1,12,0,0,2,0,2,10,4,3,2,0
2007,December,12,12,Delaware,2,3,1,1,15,1,1,3,0,1,5,0,1,0,1,0,10,1
2007,December,12,13,Dutchess,12,50,25,27,96,7,5,17,10,5,31,2,7,33,15,22,65,5
2007,December,12,14,Erie,189,284,110,150,429,27,51,120,35,31,129,10,138,164,75,119,300,17
2007,December,12,15,Essex,1,9,4,1,17,0,1,3,2,0,10,0,0,6,2,1,7,0
2007,December,12,16,Franklin,6,13,1,6,21,0,3,7,0,1,8,0,3,6,1,5,13,0
2007,December,12,17,Fulton,3,12,3,8,36,1,2,4,2,2,19,1,1,8,1,6,17,0
2007,December,12,18,Genesee,0,6,4,3,23,2,0,2,0,0,8,2,0,4,4,3,15,0
2007,December,12,19,Greene,4,18,7,11,12,0,1,9,2,3,3,0,3,9,5,8,9,0
2007,December,12,20,Hamilton,0,0,0,0,0,0,0,0,0,0,0,0,0,0,0,0,0,0
2007,December,12,21,Herkimer,3,15,7,4,13,2,1,4,4,2,7,2,2,11,3,2,6,0
2007,December,12,22,Jefferson,15,16,18,6,34,2,9,5,2,2,12,1,6,11,16,4,22,1
2007,December,12,23,Lewis,3,1,0,0,0,0,2,0,0,0,0,0,1,1,0,0,0,0
2007,December,12,24,Livingston,3,13,8,1,4,1,1,8,2,1,2,0,2,5,6,0,2,1
2007,December,12,25,Madison,0,2,4,0,7,3,0,1,2,0,4,2,0,1,2,0,3,1
2007,December,12,26,Monroe,29,255,105,26,456,57,17,108,40,5,154,12,12,147,65,21,302,45
2007,December,12,27,Montgomery,7,14,8,14,24,2,4,9,1,3,13,1,3,5,7,11,11,1
2007,December,12,28,Nassau,24,101,73,64,357,26,13,28,27,17,88,6,11,73,46,47,269,20
2007,December,12,66,New York City,443,4103,344,5352,5643,1621,275,1387,91,1056,1961,237,168,2716,253,4296,3682,1384
2007,December,12,29,Niagara,33,60,12,28,131,13,13,25,3,9,46,4,20,35,9,19,85,9
2007,December,12,30,Oneida,15,60,28,8,72,11,8,23,11,1,42,7,7,37,17,7,30,4
2007,December,12,31,Onondaga,32,115,39,29,314,21,26,61,12,11,156,11,6,54,27,18,158,10
2007,December,12,32,Ontario,7,22,13,12,36,1,4,10,5,3,20,1,3,12,8,9,16,0
2007,December,12,33,Orange,15,47,36,7,100,1,9,21,13,2,50,0,6,26,23,5,50,1
2007,December,12,34,Orleans,1,12,7,7,20,2,0,2,4,3,7,1,1,10,3,4,13,1
2007,December,12,35,Oswego,14,9,11,12,54,7,8,3,6,4,20,3,6,6,5,8,34,4
2007,December,12,36,Otsego,2,6,4,0,8,1,1,2,2,0,8,0,1,4,2,0,0,1
2007,December,12,37,Putnam,0,5,2,2,8,0,0,1,0,0,1,0,0,4,2,2,7,0
2007,December,12,38,Rensselaer,3,49,18,5,80,3,2,39,10,1,55,3,1,10,8,4,25,0
2007,December,12,39,Rockland,4,25,6,11,67,10,3,9,2,0,27,2,1,16,4,11,40,8
2007,December,12,41,Saratoga,5,4,0,0,5,0,4,0,0,0,0,0,1,4,0,0,5,0
2007,December,12,42,Schenectady,7,27,19,11,44,6,5,8,12,5,13,2,2,19,7,6,31,4
2007,December,12,43,Schoharie,0,7,5,3,3,0,0,2,1,2,0,0,0,5,4,1,3,0
2007,December,12,44,Schuyler,1,2,3,0,3,0,1,0,3,0,1,0,0,2,0,0,2,0
2007,December,12,45,Seneca,3,4,0,1,1,0,1,1,0,0,0,0,2,3,0,1,1,0
2007,December,12,46,Steuben,11,27,13,5,20,1,6,15,6,1,7,0,5,12,7,4,13,1
2007,December,12,40,St. Lawrence,12,23,9,5,48,1,8,11,3,3,18,0,4,12,6,2,30,1
2007,December,12,47,Suffolk,49,145,66,122,551,23,23,47,21,6,134,8,26,98,45,116,417,15
2007,December,12,48,Sullivan,9,14,16,18,20,3,6,5,7,5,9,0,3,9,9,13,11,3
2007,December,12,49,Tioga,2,11,6,3,3,0,2,7,4,2,2,0,0,4,2,1,1,0
2007,December,12,50,Tompkins,3,27,10,12,43,11,1,8,3,2,24,3,2,19,7,10,19,8
2007,December,12,51,Ulster,8,38,25,5,73,7,7,13,12,1,27,3,1,25,13,4,46,4
2007,December,12,52,Warren,7,7,6,13,13,0,0,1,1,2,2,0,7,6,5,11,11,0
2007,December,12,53,Washington,7,18,12,16,15,1,4,5,5,6,6,0,3,13,7,10,9,1
2007,December,12,54,Wayne,4,8,5,2,22,0,4,4,3,0,8,0,0,4,2,2,14,0
2007,December,12,55,Westchester,25,150,145,56,474,24,12,56,32,10,156,11,13,94,113,46,318,13
2007,December,12,56,Wyoming,5,14,3,0,5,1,3,4,1,0,3,0,2,10,2,0,2,1
2007,December,12,57,Yates,1,3,3,0,3,0,0,2,1,0,1,0,1,1,2,0,2,0
2007,November,11,1,Albany,19,89,82,31,176,11,10,49,31,9,86,7,9,40,51,22,90,4
2007,November,11,2,Allegany,6,16,1,4,17,1,5,10,1,2,11,0,1,6,0,2,6,1
2007,November,11,3,Broome,26,97,55,29,118,12,17,43,16,5,40,6,9,54,39,24,78,6
2007,November,11,4,Cattaraugus,18,20,14,4,30,4,7,9,6,2,12,2,11,11,8,2,18,2
2007,November,11,5,Cayuga,6,18,1,3,9,1,5,5,0,1,3,1,1,13,1,2,6,0
2007,November,11,6,Chautauqua,16,63,21,10,30,7,8,26,7,2,15,4,8,37,14,8,15,3
2007,November,11,7,Chemung,8,42,21,16,62,6,5,19,6,1,32,1,3,23,15,15,30,5
2007,November,11,8,Chenango,3,5,2,1,5,1,1,1,2,0,5,0,2,4,0,1,0,1
2007,November,11,9,Clinton,13,30,15,11,38,4,8,8,1,1,15,0,5,22,14,10,23,4
2007,November,11,10,Columbia,3,16,6,4,9,3,3,4,2,1,4,2,0,12,4,3,5,1
2007,November,11,11,Cortland,8,18,2,0,4,3,6,7,1,0,1,2,2,11,1,0,3,1
2007,November,11,12,Delaware,1,2,0,1,12,1,1,2,0,0,7,1,0,0,0,1,5,0
2007,November,11,13,Dutchess,14,35,21,13,77,7,9,12,9,4,29,1,5,23,12,9,48,6
2007,November,11,14,Erie,202,293,121,132,452,28,53,133,34,31,144,14,149,160,87,101,308,14
2007,November,11,15,Essex,2,2,1,2,3,0,0,0,0,0,2,0,2,2,1,2,1,0
2007,November,11,16,Franklin,5,8,5,7,16,0,4,2,1,2,3,0,1,6,4,5,13,0
2007,November,11,17,Fulton,5,16,1,2,24,5,1,7,0,0,11,3,4,9,1,2,13,2
2007,November,11,18,Genesee,2,5,5,1,22,2,2,3,0,0,5,0,0,2,5,1,17,2
2007,November,11,19,Greene,6,14,5,1,16,2,3,5,2,0,5,1,3,9,3,1,11,1
2007,November,11,20,Hamilton,0,2,0,0,0,0,0,2,0,0,0,0,0,0,0,0,0,0
2007,November,11,21,Herkimer,6,13,6,7,11,2,3,1,1,4,5,0,3,12,5,3,6,2
2007,November,11,22,Jefferson,13,22,20,2,37,2,5,7,5,1,11,0,8,15,15,1,26,2
2007,November,11,23,Lewis,5,1,2,1,4,1,5,0,2,1,3,0,0,1,0,0,1,1
2007,November,11,24,Livingston,7,11,10,2,11,0,4,3,4,1,3,0,3,8,6,1,8,0
2007,November,11,25,Madison,4,9,1,0,5,1,3,4,1,0,2,0,1,5,0,0,3,1
2007,November,11,26,Monroe,29,257,87,36,523,34,11,95,20,6,181,12,18,162,67,30,342,22
2007,November,11,27,Montgomery,5,31,8,2,15,4,4,13,4,2,8,3,1,18,4,0,7,1
2007,November,11,28,Nassau,17,112,79,71,233,23,11,46,21,19,49,9,6,66,58,52,184,14
2007,November,11,66,New York City,438,2970,311,4226,4542,1564,262,1001,73,932,1604,258,176,1969,238,3294,2938,1306
2007,November,11,29,Niagara,28,67,16,25,152,13,15,26,5,3,46,3,13,41,11,22,106,10
2007,November,11,30,Oneida,7,56,25,10,56,10,5,40,9,2,27,5,2,16,16,8,29,5
2007,November,11,31,Onondaga,25,144,32,38,319,17,18,85,14,12,181,6,7,59,18,26,138,11
2007,November,11,32,Ontario,9,26,11,8,52,4,8,9,2,3,24,2,1,17,9,5,28,2
2007,November,11,33,Orange,19,61,40,8,99,6,10,28,12,4,33,2,9,33,28,4,66,4
2007,November,11,34,Orleans,8,24,7,4,28,1,2,14,3,3,10,0,6,10,4,1,18,1
2007,November,11,35,Oswego,9,11,8,9,43,6,4,2,4,3,21,2,5,9,4,6,22,4
2007,November,11,36,Otsego,1,5,1,0,4,0,0,1,0,0,4,0,1,4,1,0,0,0
2007,November,11,37,Putnam,0,4,4,0,3,1,0,2,0,0,1,0,0,2,4,0,2,1
2007,November,11,38,Rensselaer,7,38,12,4,60,8,6,24,9,2,45,0,1,14,3,2,15,8
2007,November,11,39,Rockland,4,27,15,6,58,9,4,14,4,1,20,2,0,13,11,5,38,7
2007,November,11,41,Saratoga,2,5,3,1,8,0,1,0,1,0,3,0,1,5,2,1,5,0
2007,November,11,42,Schenectady,10,28,20,16,73,6,9,9,5,7,41,3,1,19,15,9,32,3
2007,November,11,43,Schoharie,1,6,3,1,3,1,1,2,0,0,1,1,0,4,3,1,2,0
2007,November,11,44,Schuyler,0,5,0,0,5,2,0,4,0,0,2,2,0,1,0,0,3,0
2007,November,11,45,Seneca,1,1,1,0,5,1,1,0,0,0,1,0,0,1,1,0,4,1
2007,November,11,46,Steuben,11,29,13,12,31,4,5,11,2,0,13,2,6,18,11,12,18,2
2007,November,11,40,St. Lawrence,13,22,6,4,35,3,6,11,4,1,15,1,7,11,2,3,20,2
2007,November,11,47,Suffolk,53,149,66,95,609,19,27,63,14,9,155,5,26,86,52,86,454,14
2007,November,11,48,Sullivan,5,13,13,21,23,2,4,8,3,8,13,0,1,5,10,13,10,2
2007,November,11,49,Tioga,6,9,10,4,4,1,6,4,4,1,1,0,0,5,6,3,3,1
2007,November,11,50,Tompkins,4,33,9,7,36,6,3,15,2,1,15,1,1,18,7,6,21,5
2007,November,11,51,Ulster,6,47,34,4,71,7,5,17,15,0,29,4,1,30,19,4,42,3
2007,November,11,52,Warren,3,10,6,8,5,1,2,6,0,1,2,0,1,4,6,7,3,1
2007,November,11,53,Washington,6,18,10,14,18,0,4,10,2,5,8,0,2,8,8,9,10,0
2007,November,11,54,Wayne,2,16,12,0,18,0,2,5,2,0,7,0,0,11,10,0,11,0
2007,November,11,55,Westchester,29,146,133,62,444,28,12,50,21,8,159,12,17,96,112,54,285,16
2007,November,11,56,Wyoming,9,15,2,1,4,0,8,6,2,0,1,0,1,9,0,1,3,0
2007,November,11,57,Yates,0,4,1,0,2,1,0,0,0,0,1,1,0,4,1,0,1,0
2007,October,10,1,Albany,18,110,98,46,149,12,11,49,32,8,59,5,7,61,66,38,90,7
2007,October,10,2,Allegany,6,24,6,5,15,4,5,11,4,1,7,0,1,13,2,4,8,4
2007,October,10,3,Broome,49,111,50,25,114,12,23,48,15,4,53,5,26,63,35,21,61,7
2007,October,10,4,Cattaraugus,20,19,3,7,26,3,17,3,0,1,10,1,3,16,3,6,16,2
2007,October,10,5,Cayuga,11,25,2,2,8,0,8,11,1,0,6,0,3,14,1,2,2,0
2007,October,10,6,Chautauqua,8,112,31,17,45,8,4,54,14,5,26,5,4,58,17,12,19,3
2007,October,10,7,Chemung,8,45,28,14,71,4,7,16,6,0,31,3,1,29,22,14,40,1
2007,October,10,8,Chenango,2,2,3,1,4,0,1,1,1,0,2,0,1,1,2,1,2,0
2007,October,10,9,Clinton,16,36,19,9,35,8,13,10,4,2,17,3,3,26,15,7,18,5
2007,October,10,10,Columbia,5,9,6,2,25,0,2,3,2,0,10,0,3,6,4,2,15,0
2007,October,10,11,Cortland,10,17,8,0,6,0,6,12,4,0,5,0,4,5,4,0,1,0
2007,October,10,12,Delaware,3,4,2,3,9,1,1,2,0,1,4,0,2,2,2,2,5,1
2007,October,10,13,Dutchess,7,53,18,19,97,10,4,19,4,2,37,3,3,34,14,17,60,7
2007,October,10,14,Erie,203,344,129,196,449,35,70,141,41,61,145,19,133,203,88,135,304,16
2007,October,10,15,Essex,2,7,2,3,15,1,0,4,0,0,9,0,2,3,2,3,6,1
2007,October,10,16,Franklin,10,15,4,5,8,1,6,8,1,1,4,1,4,7,3,4,4,0
2007,October,10,17,Fulton,6,15,4,4,39,4,4,6,1,1,19,1,2,9,3,3,20,3
2007,October,10,18,Genesee,4,12,5,0,9,1,3,4,1,0,1,0,1,8,4,0,8,1
2007,October,10,19,Greene,6,22,9,4,10,3,5,8,4,1,3,1,1,14,5,3,7,2
2007,October,10,20,Hamilton,0,1,0,0,1,0,0,0,0,0,0,0,0,1,0,0,1,0
2007,October,10,21,Herkimer,9,8,2,2,15,1,4,2,1,1,6,1,5,6,1,1,9,0
2007,October,10,22,Jefferson,22,19,7,3,48,7,16,3,0,1,9,4,6,16,7,2,39,3
2007,October,10,23,Lewis,1,2,0,1,1,2,0,1,0,0,1,1,1,1,0,1,0,1
2007,October,10,24,Livingston,5,13,10,1,14,5,2,5,1,0,4,0,3,8,9,1,10,5
2007,October,10,25,Madison,6,13,5,0,13,1,4,6,2,0,7,0,2,7,3,0,6,1
2007,October,10,26,Monroe,36,279,104,31,497,63,23,92,31,2,134,8,13,187,73,29,363,55
2007,October,10,27,Montgomery,11,22,10,7,24,2,9,7,5,3,9,2,2,15,5,4,15,0
2007,October,10,28,Nassau,38,135,98,53,377,27,21,58,17,19,104,5,17,77,81,34,273,22
2007,October,10,66,New York City,547,4680,403,5677,6435,1756,320,1476,73,1332,2246,255,227,3204,330,4345,4189,1501
2007,October,10,29,Niagara,29,74,11,44,128,12,16,30,6,15,35,3,13,44,5,29,93,9
2007,October,10,30,Oneida,15,67,31,18,74,6,9,32,16,4,33,0,6,35,15,14,41,6
2007,October,10,31,Onondaga,38,137,38,42,326,16,26,76,17,15,174,8,12,61,21,27,152,8
2007,October,10,32,Ontario,10,28,11,8,50,2,6,10,2,3,22,1,4,18,9,5,28,1
2007,October,10,33,Orange,17,62,50,20,116,9,14,26,8,0,45,5,3,36,42,20,71,4
2007,October,10,34,Orleans,2,29,19,4,23,0,1,14,5,4,5,0,1,15,14,0,18,0
2007,October,10,35,Oswego,13,14,9,7,43,6,10,5,5,4,18,3,3,9,4,3,25,3
2007,October,10,36,Otsego,2,1,2,1,3,0,2,0,1,0,2,0,0,1,1,1,1,0
2007,October,10,37,Putnam,1,7,5,0,3,0,0,6,1,0,0,0,1,1,4,0,3,0
2007,October,10,38,Rensselaer,7,60,16,6,48,9,5,36,13,1,39,2,2,24,3,5,9,7
2007,October,10,39,Rockland,7,32,9,7,38,10,6,13,3,2,14,4,1,19,6,5,24,6
2007,October,10,41,Saratoga,9,2,0,0,6,0,3,0,0,0,2,0,6,2,0,0,4,0
2007,October,10,42,Schenectady,13,38,17,16,47,8,8,19,7,9,19,2,5,19,10,7,28,6
2007,October,10,43,Schoharie,1,3,3,0,7,0,1,0,3,0,4,0,0,3,0,0,3,0
2007,October,10,44,Schuyler,3,4,6,1,9,1,1,1,5,0,3,1,2,3,1,1,6,0
2007,October,10,45,Seneca,1,5,0,0,3,0,0,0,0,0,2,0,1,5,0,0,1,0
2007,October,10,46,Steuben,6,36,8,8,22,3,3,18,3,2,9,2,3,18,5,6,13,1
2007,October,10,40,St. Lawrence,14,35,13,7,33,7,7,16,5,1,18,5,7,19,8,6,15,2
2007,October,10,47,Suffolk,67,187,89,117,637,24,39,75,17,26,186,4,28,112,72,91,451,20
2007,October,10,48,Sullivan,6,24,17,15,34,5,4,12,8,6,13,1,2,12,9,9,21,4
2007,October,10,49,Tioga,4,12,6,4,2,3,4,2,1,0,0,0,0,10,5,4,2,3
2007,October,10,50,Tompkins,12,37,12,9,39,1,7,16,3,1,11,1,5,21,9,8,28,0
2007,October,10,51,Ulster,6,38,32,2,66,7,1,16,12,1,28,4,5,22,20,1,38,3
2007,October,10,52,Warren,15,18,12,14,7,3,6,7,4,4,5,1,9,11,8,10,2,2
2007,October,10,53,Washington,7,15,18,10,6,1,4,7,11,2,2,0,3,8,7,8,4,1
2007,October,10,54,Wayne,7,20,6,0,22,0,3,5,5,0,8,0,4,15,1,0,14,0
2007,October,10,55,Westchester,26,149,159,88,501,34,11,45,35,22,180,11,15,104,124,66,321,23
2007,October,10,56,Wyoming,6,15,2,0,5,1,1,7,0,0,3,0,5,8,2,0,2,1
2007,October,10,57,Yates,0,4,3,1,3,1,0,3,2,0,1,0,0,1,1,1,2,1
2007,September,9,1,Albany,22,103,82,43,174,9,12,47,33,6,87,4,10,56,49,37,87,5
2007,September,9,2,Allegany,7,24,6,11,16,2,2,12,3,4,7,1,5,12,3,7,9,1
2007,September,9,3,Broome,28,110,37,32,121,14,19,42,20,5,36,9,9,68,17,27,85,5
2007,September,9,4,Cattaraugus,9,14,4,5,27,0,7,4,2,0,19,0,2,10,2,5,8,0
2007,September,9,5,Cayuga,7,19,4,2,10,1,5,12,3,0,6,1,2,7,1,2,4,0
2007,September,9,6,Chautauqua,21,52,34,17,50,2,15,30,17,8,31,0,6,22,17,9,19,2
2007,September,9,7,Chemung,12,41,17,14,69,7,9,21,2,1,31,2,3,20,15,13,38,5
2007,September,9,8,Chenango,4,6,4,2,8,2,2,2,3,1,6,1,2,4,1,1,2,1
2007,September,9,9,Clinton,15,39,13,7,22,4,7,15,3,0,7,3,8,24,10,7,15,1
2007,September,9,10,Columbia,6,14,9,11,22,3,4,6,1,1,6,2,2,8,8,10,16,1
2007,September,9,11,Cortland,6,21,9,1,13,0,5,10,3,0,7,0,1,11,6,1,6,0
2007,September,9,12,Delaware,2,6,2,2,6,0,1,1,0,0,3,0,1,5,2,2,3,0
2007,September,9,13,Dutchess,10,40,18,16,78,7,4,9,6,1,33,4,6,31,12,15,45,3
2007,September,9,14,Erie,144,316,150,145,416,41,61,117,51,40,121,15,83,199,99,105,295,26
2007,September,9,15,Essex,4,4,0,3,12,0,3,3,0,0,7,0,1,1,0,3,5,0
2007,September,9,16,Franklin,8,13,4,4,19,2,4,8,1,2,8,0,4,5,3,2,11,2
2007,September,9,17,Fulton,8,16,4,3,36,1,7,6,3,1,17,0,1,10,1,2,19,1
2007,September,9,18,Genesee,4,15,8,2,10,0,3,9,2,1,1,0,1,6,6,1,9,0
2007,September,9,19,Greene,4,20,12,4,22,0,1,10,6,1,11,0,3,10,6,3,11,0
2007,September,9,20,Hamilton,0,1,1,0,0,0,0,0,0,0,0,0,0,1,1,0,0,0
2007,September,9,21,Herkimer,6,13,5,3,26,3,0,11,3,0,11,2,6,2,2,3,15,1
2007,September,9,22,Jefferson,10,17,5,1,47,5,5,3,2,0,16,3,5,14,3,1,31,2
2007,September,9,23,Lewis,0,2,0,0,4,1,0,2,0,0,3,1,0,0,0,0,1,0
2007,September,9,24,Livingston,0,8,11,3,14,0,0,4,1,0,5,0,0,4,10,3,9,0
2007,September,9,25,Madison,3,9,2,1,7,0,2,3,0,0,3,0,1,6,2,1,4,0
2007,September,9,26,Monroe,36,243,94,32,498,65,15,88,32,3,182,9,21,155,62,29,316,56
2007,September,9,27,Montgomery,7,11,13,10,22,6,3,4,5,4,11,3,4,7,8,6,11,3
2007,September,9,28,Nassau,21,89,71,44,229,22,13,38,15,12,66,9,8,51,56,32,163,13
2007,September,9,66,New York City,529,2602,295,4439,4424,1467,325,802,62,1103,1490,261,204,1800,233,3336,2934,1206
2007,September,9,29,Niagara,28,56,19,39,140,13,18,19,6,9,39,3,10,37,13,30,101,10
2007,September,9,30,Oneida,12,65,41,15,55,7,6,30,15,4,32,4,6,35,26,11,23,3
2007,September,9,31,Onondaga,30,110,37,40,294,18,18,54,21,15,160,8,12,56,16,25,134,10
2007,September,9,32,Ontario,10,41,18,12,44,2,9,20,6,4,16,0,1,21,12,8,28,2
2007,September,9,33,Orange,22,67,21,11,78,12,10,29,4,1,24,5,12,38,17,10,54,7
2007,September,9,34,Orleans,4,27,9,6,19,0,3,13,6,2,13,0,1,14,3,4,6,0
2007,September,9,35,Oswego,9,29,12,17,57,4,5,10,7,8,32,2,4,19,5,9,25,2
2007,September,9,36,Otsego,4,7,2,0,7,0,2,1,2,0,0,0,2,6,0,0,7,0
2007,September,9,37,Putnam,0,3,2,0,2,1,0,0,1,0,0,0,0,3,1,0,2,1
2007,September,9,38,Rensselaer,6,44,13,3,59,1,4,27,10,0,48,0,2,17,3,3,11,1
2007,September,9,39,Rockland,7,20,8,4,46,6,5,8,1,1,17,3,2,12,7,3,29,3
2007,September,9,41,Saratoga,7,4,3,0,6,1,3,0,1,0,3,1,4,4,2,0,3,0
2007,September,9,42,Schenectady,7,21,23,13,35,3,6,6,12,3,13,2,1,15,11,10,22,1
2007,September,9,43,Schoharie,2,3,3,0,7,2,1,2,1,0,2,2,1,1,2,0,5,0
2007,September,9,44,Schuyler,2,2,0,1,6,0,1,0,0,0,3,0,1,2,0,1,3,0
2007,September,9,45,Seneca,1,3,3,1,5,0,1,2,0,0,3,0,0,1,3,1,2,0
2007,September,9,46,Steuben,9,25,13,16,35,3,9,10,4,1,15,1,0,15,9,15,20,2
2007,September,9,40,St. Lawrence,15,45,14,5,36,4,7,20,10,0,13,2,8,25,4,5,23,2
2007,September,9,47,Suffolk,56,142,82,101,559,17,30,52,27,16,141,2,26,90,55,85,418,15
2007,September,9,48,Sullivan,7,17,26,13,26,2,6,6,10,9,11,0,1,11,16,4,15,2
2007,September,9,49,Tioga,6,12,11,2,2,0,5,1,6,1,0,0,1,11,5,1,2,0
2007,September,9,50,Tompkins,4,38,6,2,38,2,3,12,1,0,14,1,1,26,5,2,24,1
2007,September,9,51,Ulster,15,45,31,1,48,7,10,24,8,1,17,3,5,21,23,0,31,4
2007,September,9,52,Warren,9,16,6,10,2,0,6,5,2,3,0,0,3,11,4,7,2,0
2007,September,9,53,Washington,9,27,18,11,20,1,6,16,7,4,8,0,3,11,11,7,12,1
2007,September,9,54,Wayne,4,25,8,4,21,2,3,8,3,1,5,0,1,17,5,3,16,2
2007,September,9,55,Westchester,29,138,162,112,375,26,18,53,39,28,145,7,11,85,123,84,230,19
2007,September,9,56,Wyoming,3,5,5,4,2,2,3,1,2,0,2,0,0,4,3,4,0,2
2007,September,9,57,Yates,0,4,5,0,3,1,0,0,3,0,1,0,0,4,2,0,2,1
2007,August,8,1,Albany,18,131,98,60,161,10,12,50,28,12,68,3,6,81,70,48,93,7
2007,August,8,2,Allegany,7,18,9,11,29,1,6,7,8,1,22,1,1,11,1,10,7,0
2007,August,8,3,Broome,42,85,39,30,101,10,23,36,11,12,38,4,19,49,28,18,63,6
2007,August,8,4,Cattaraugus,17,26,9,7,25,5,15,10,5,1,11,3,2,16,4,6,14,2
2007,August,8,5,Cayuga,8,14,3,4,10,4,7,9,1,3,7,1,1,5,2,1,3,3
2007,August,8,6,Chautauqua,17,64,24,12,50,10,12,30,13,4,17,8,5,34,11,8,33,2
2007,August,8,7,Chemung,15,33,30,17,64,3,6,14,8,3,25,1,9,19,22,14,39,2
2007,August,8,8,Chenango,5,6,0,3,5,1,4,2,0,2,2,1,1,4,0,1,3,0
2007,August,8,9,Clinton,21,40,28,17,35,7,12,18,7,3,15,2,9,22,21,14,20,5
2007,August,8,10,Columbia,7,11,7,8,22,0,7,4,1,1,6,0,0,7,6,7,16,0
2007,August,8,11,Cortland,6,22,4,2,6,2,4,9,3,0,2,2,2,13,1,2,4,0
2007,August,8,12,Delaware,2,7,0,0,15,1,1,3,0,0,8,0,1,4,0,0,7,1
2007,August,8,13,Dutchess,14,53,23,26,95,9,10,21,6,4,41,1,4,32,17,22,54,8
2007,August,8,14,Erie,195,275,132,180,454,25,62,102,43,46,155,16,133,173,89,134,299,9
2007,August,8,15,Essex,2,2,3,2,11,0,1,1,1,1,7,0,1,1,2,1,4,0
2007,August,8,16,Franklin,16,8,7,11,13,0,9,3,1,2,5,0,7,5,6,9,8,0
2007,August,8,17,Fulton,10,11,5,2,35,3,7,3,2,1,21,1,3,8,3,1,14,2
2007,August,8,18,Genesee,1,15,2,0,27,1,1,6,2,0,8,1,0,9,0,0,19,0
2007,August,8,19,Greene,5,29,13,7,13,3,3,12,4,1,4,2,2,17,9,6,9,1
2007,August,8,20,Hamilton,0,0,0,0,0,0,0,0,0,0,0,0,0,0,0,0,0,0
2007,August,8,21,Herkimer,4,18,5,14,25,1,2,10,0,6,18,0,2,8,5,8,7,1
2007,August,8,22,Jefferson,16,28,10,9,62,5,8,6,1,2,23,0,8,22,9,7,39,5
2007,August,8,23,Lewis,3,3,1,0,7,0,2,2,1,0,5,0,1,1,0,0,2,0
2007,August,8,24,Livingston,7,12,9,6,27,2,5,3,4,1,12,0,2,9,5,5,15,2
2007,August,8,25,Madison,4,3,1,0,4,1,2,3,1,0,2,0,2,0,0,0,2,1
2007,August,8,26,Monroe,61,272,142,60,572,59,34,103,41,8,182,9,27,169,101,52,390,50
2007,August,8,27,Montgomery,5,15,12,8,21,4,1,8,7,2,15,1,4,7,5,6,6,3
2007,August,8,28,Nassau,30,116,94,90,323,24,16,53,27,26,95,8,14,63,67,64,228,16
2007,August,8,66,New York City,493,3074,358,4656,5427,1568,300,941,61,1169,1903,280,193,2133,297,3487,3524,1288
2007,August,8,29,Niagara,29,89,24,35,149,14,16,43,10,7,61,5,13,46,14,28,88,9
2007,August,8,30,Oneida,11,65,51,21,80,9,8,23,20,2,40,4,3,42,31,19,40,5
2007,August,8,31,Onondaga,43,138,44,44,304,23,29,69,21,17,155,6,14,69,23,27,149,17
2007,August,8,32,Ontario,6,41,19,14,35,4,3,20,9,3,15,3,3,21,10,11,20,1
2007,August,8,33,Orange,9,46,40,12,89,9,7,14,17,2,38,3,2,32,23,10,51,6
2007,August,8,34,Orleans,8,29,11,14,26,2,3,16,6,7,11,0,5,13,5,7,15,2
2007,August,8,35,Oswego,13,19,6,7,55,5,12,7,4,0,29,3,1,12,2,7,26,2
2007,August,8,36,Otsego,3,6,2,0,6,0,1,1,1,0,3,0,2,5,1,0,3,0
2007,August,8,37,Putnam,4,7,3,0,2,0,2,4,0,0,0,0,2,3,3,0,2,0
2007,August,8,38,Rensselaer,15,38,36,13,72,5,13,23,23,5,40,2,2,15,13,8,32,3
2007,August,8,39,Rockland,7,24,11,9,37,15,5,7,6,2,13,5,2,17,5,7,24,10
2007,August,8,41,Saratoga,4,7,5,0,8,1,4,0,3,0,2,0,0,7,2,0,6,1
2007,August,8,42,Schenectady,11,38,27,24,48,6,9,13,10,4,26,1,2,25,17,20,22,5
2007,August,8,43,Schoharie,1,8,1,0,5,3,1,5,1,0,1,2,0,3,0,0,4,1
2007,August,8,44,Schuyler,4,6,6,0,7,0,2,3,2,0,3,0,2,3,4,0,4,0
2007,August,8,45,Seneca,0,3,1,0,2,0,0,1,1,0,2,0,0,2,0,0,0,0
2007,August,8,46,Steuben,10,25,13,9,31,4,7,15,7,3,12,1,3,10,6,6,19,3
2007,August,8,40,St. Lawrence,18,32,16,4,43,5,10,14,5,1,23,1,8,18,11,3,20,4
2007,August,8,47,Suffolk,78,160,96,124,665,44,44,59,29,22,201,4,34,101,67,102,464,40
2007,August,8,48,Sullivan,8,35,22,22,22,4,5,18,9,7,14,3,3,17,13,15,8,1
2007,August,8,49,Tioga,5,14,9,1,6,0,3,5,6,0,3,0,2,9,3,1,3,0
2007,August,8,50,Tompkins,6,41,8,15,49,9,5,17,0,2,24,4,1,24,8,13,25,5
2007,August,8,51,Ulster,15,49,37,3,71,10,6,19,14,0,33,4,9,30,23,3,38,6
2007,August,8,52,Warren,7,16,5,18,7,1,3,7,0,9,2,1,4,9,5,9,5,0
2007,August,8,53,Washington,10,11,13,12,21,4,8,4,6,4,8,4,2,7,7,8,13,0
2007,August,8,54,Wayne,2,16,16,2,23,0,1,4,6,0,12,0,1,12,10,2,11,0
2007,August,8,55,Westchester,20,145,169,149,377,31,10,46,31,45,144,9,10,99,138,104,233,22
2007,August,8,56,Wyoming,7,14,3,1,8,1,5,8,0,0,2,0,2,6,3,1,6,1
2007,August,8,57,Yates,1,4,5,0,2,3,0,2,3,0,1,2,1,2,2,0,1,1
2007,July,7,1,Albany,3,82,110,50,187,22,3,47,31,13,82,6,0,35,79,37,105,16
2007,July,7,2,Allegany,4,17,7,7,7,1,4,6,5,2,5,0,0,11,2,5,2,1
2007,July,7,3,Broome,38,107,41,31,120,26,23,48,15,9,43,12,15,59,26,22,77,14
2007,July,7,4,Cattaraugus,16,18,8,8,24,1,13,5,5,2,15,0,3,13,3,6,9,1
2007,July,7,5,Cayuga,5,12,3,5,14,3,4,6,2,1,4,2,1,6,1,4,10,1
2007,July,7,6,Chautauqua,16,63,30,14,61,7,9,36,14,7,27,7,7,27,16,7,34,0
2007,July,7,7,Chemung,18,39,23,16,80,2,13,18,5,2,35,1,5,21,18,14,45,1
2007,July,7,8,Chenango,4,10,2,3,9,1,2,4,0,0,8,0,2,6,2,3,1,1
2007,July,7,9,Clinton,12,39,21,10,43,8,8,12,4,1,21,4,4,27,17,9,22,4
2007,July,7,10,Columbia,5,9,6,4,34,1,2,1,2,1,11,0,3,8,4,3,23,1
2007,July,7,11,Cortland,7,18,14,4,10,1,4,5,7,0,3,0,3,13,7,4,7,1
2007,July,7,12,Delaware,2,8,0,0,15,0,1,1,0,0,6,0,1,7,0,0,9,0
2007,July,7,13,Dutchess,15,37,22,22,102,8,6,11,3,5,42,2,9,26,19,17,60,6
2007,July,7,14,Erie,133,243,139,126,449,30,54,119,40,32,144,15,79,124,99,94,305,15
2007,July,7,15,Essex,3,7,2,4,23,0,2,3,1,0,13,0,1,4,1,4,10,0
2007,July,7,16,Franklin,5,8,3,4,17,2,4,3,0,2,6,2,1,5,3,2,11,0
2007,July,7,17,Fulton,7,18,2,7,41,4,4,8,0,3,22,3,3,10,2,4,19,1
2007,July,7,18,Genesee,1,12,2,3,8,2,1,4,1,1,4,1,0,8,1,2,4,1
2007,July,7,19,Greene,1,16,7,4,19,1,0,3,2,0,10,0,1,13,5,4,9,1
2007,July,7,20,Hamilton,0,1,0,0,1,0,0,1,0,0,1,0,0,0,0,0,0,0
2007,July,7,21,Herkimer,6,14,5,5,29,1,2,6,4,1,16,1,4,8,1,4,13,0
2007,July,7,22,Jefferson,9,20,17,13,50,8,9,8,2,1,18,1,0,12,15,12,32,7
2007,July,7,23,Lewis,5,4,0,0,4,2,3,2,0,0,3,1,2,2,0,0,1,1
2007,July,7,24,Livingston,3,14,7,3,17,0,3,5,2,1,8,0,0,9,5,2,9,0
2007,July,7,25,Madison,5,10,4,0,9,2,5,2,4,0,5,2,0,8,0,0,4,0
2007,July,7,26,Monroe,43,249,116,38,484,54,22,85,28,5,164,15,21,164,88,33,320,39
2007,July,7,27,Montgomery,8,12,5,8,15,1,7,6,3,6,9,1,1,6,2,2,6,0
2007,July,7,28,Nassau,29,117,115,86,346,38,22,38,24,27,108,12,7,79,91,59,238,26
2007,July,7,66,New York City,510,3416,366,5525,5975,1363,316,1051,82,1319,1994,235,194,2365,284,4206,3981,1128
2007,July,7,29,Niagara,23,61,12,39,129,19,14,28,5,10,42,9,9,33,7,29,87,10
2007,July,7,30,Oneida,11,62,41,13,60,4,7,27,14,4,35,0,4,35,27,9,25,4
2007,July,7,31,Onondaga,41,104,39,42,309,31,31,57,19,21,170,14,10,47,20,21,139,17
2007,July,7,32,Ontario,11,28,18,14,41,5,4,14,5,5,16,3,7,14,13,9,25,2
2007,July,7,33,Orange,16,53,24,24,87,9,9,17,10,5,33,3,7,36,14,19,54,6
2007,July,7,34,Orleans,5,19,7,6,21,1,4,7,4,2,9,1,1,12,3,4,12,0
2007,July,7,35,Oswego,15,13,6,10,48,5,12,3,2,1,13,0,3,10,4,9,35,5
2007,July,7,36,Otsego,1,5,4,2,6,0,1,1,2,1,2,0,0,4,2,1,4,0
2007,July,7,37,Putnam,0,6,0,2,5,1,0,1,0,1,2,1,0,5,0,1,3,0
2007,July,7,38,Rensselaer,10,39,26,3,71,5,9,26,18,0,41,2,1,13,8,3,30,3
2007,July,7,39,Rockland,13,36,9,12,61,7,10,16,0,0,19,4,3,20,9,12,42,3
2007,July,7,41,Saratoga,7,4,1,1,4,1,3,1,1,1,0,0,4,3,0,0,4,1
2007,July,7,42,Schenectady,7,34,18,14,43,4,5,15,7,4,20,4,2,19,11,10,23,0
2007,July,7,43,Schoharie,1,3,2,0,3,1,0,1,1,0,2,1,1,2,1,0,1,0
2007,July,7,44,Schuyler,2,5,6,0,5,1,1,3,3,0,3,0,1,2,3,0,2,1
2007,July,7,45,Seneca,5,4,0,0,6,0,3,0,0,0,2,0,2,4,0,0,4,0
2007,July,7,46,Steuben,8,20,11,4,29,4,5,7,7,1,16,0,3,13,4,3,13,4
2007,July,7,40,St. Lawrence,17,37,11,3,49,2,10,17,6,0,20,0,7,20,5,3,29,2
2007,July,7,47,Suffolk,44,148,76,114,571,37,22,39,15,7,152,4,22,109,61,107,419,33
2007,July,7,48,Sullivan,14,31,19,13,26,4,8,16,8,5,13,0,6,15,11,8,13,4
2007,July,7,49,Tioga,1,9,7,2,6,2,1,3,3,1,3,2,0,6,4,1,3,0
2007,July,7,50,Tompkins,9,24,6,8,26,7,4,12,2,1,10,3,5,12,4,7,16,4
2007,July,7,51,Ulster,18,29,18,11,84,11,14,17,3,4,30,6,4,12,15,7,54,5
2007,July,7,52,Warren,4,15,2,13,12,1,3,3,0,2,5,0,1,12,2,11,7,1
2007,July,7,53,Washington,6,8,12,8,16,0,2,2,7,1,10,0,4,6,5,7,6,0
2007,July,7,54,Wayne,5,15,4,2,21,0,5,4,1,0,9,0,0,11,3,2,12,0
2007,July,7,55,Westchester,37,150,150,111,449,23,21,58,29,44,159,6,16,92,121,67,290,17
2007,July,7,56,Wyoming,7,8,6,3,7,1,4,7,3,0,4,0,3,1,3,3,3,1
2007,July,7,57,Yates,1,3,4,0,2,0,1,2,2,0,1,0,0,1,2,0,1,0
2007,June,6,1,Albany,17,103,113,46,166,10,7,47,28,9,77,1,10,56,85,37,89,9
2007,June,6,2,Allegany,2,22,6,8,14,4,1,9,2,0,6,3,1,13,4,8,8,1
2007,June,6,3,Broome,25,87,46,42,98,18,17,28,13,11,37,9,8,59,33,31,61,9
2007,June,6,4,Cattaraugus,15,13,2,6,19,3,11,5,1,2,10,3,4,8,1,4,9,0
2007,June,6,5,Cayuga,14,20,2,10,14,1,11,10,2,3,8,1,3,10,0,7,6,0
2007,June,6,6,Chautauqua,21,78,32,8,33,5,13,32,13,4,19,3,8,46,19,4,14,2
2007,June,6,7,Chemung,14,50,19,16,74,6,9,15,6,2,26,3,5,35,13,14,48,3
2007,June,6,8,Chenango,0,8,4,0,8,1,0,4,1,0,4,0,0,4,3,0,4,1
2007,June,6,9,Clinton,10,37,18,13,37,7,7,15,3,4,13,4,3,22,15,9,24,3
2007,June,6,10,Columbia,4,14,11,4,20,0,3,8,1,0,7,0,1,6,10,4,13,0
2007,June,6,11,Cortland,6,21,4,5,9,0,4,10,2,0,3,0,2,11,2,5,6,0
2007,June,6,12,Delaware,5,8,2,2,9,0,3,2,1,1,3,0,2,6,1,1,6,0
2007,June,6,13,Dutchess,5,59,17,20,93,6,2,25,6,3,35,3,3,34,11,17,58,3
2007,June,6,14,Erie,224,263,143,138,519,25,68,113,41,36,158,11,156,150,102,102,361,14
2007,June,6,15,Essex,4,5,0,3,8,0,3,3,0,1,4,0,1,2,0,2,4,0
2007,June,6,16,Franklin,9,14,1,11,24,1,6,6,0,3,10,1,3,8,1,8,14,0
2007,June,6,17,Fulton,4,10,3,1,41,3,3,3,2,1,17,1,1,7,1,0,24,2
2007,June,6,18,Genesee,4,12,4,3,12,0,2,7,0,0,6,0,2,5,4,3,6,0
2007,June,6,19,Greene,5,25,12,6,13,6,0,7,4,1,5,2,5,18,8,5,8,4
2007,June,6,20,Hamilton,0,2,2,0,1,0,0,0,1,0,0,0,0,2,1,0,1,0
2007,June,6,21,Herkimer,3,17,4,4,26,2,2,3,2,0,12,0,1,14,2,4,14,2
2007,June,6,22,Jefferson,12,25,4,12,54,9,7,10,1,2,13,4,5,15,3,10,41,5
2007,June,6,23,Lewis,2,4,1,0,5,0,2,1,0,0,4,0,0,3,1,0,1,0
2007,June,6,24,Livingston,8,13,6,2,15,0,4,2,0,0,3,0,4,11,6,2,12,0
2007,June,6,25,Madison,1,11,4,0,13,1,0,5,3,0,3,0,1,6,1,0,10,1
2007,June,6,26,Monroe,45,255,103,63,519,49,20,96,25,6,147,5,25,159,78,57,372,44
2007,June,6,27,Montgomery,10,15,7,5,18,3,8,10,3,1,11,2,2,5,4,4,7,1
2007,June,6,28,Nassau,21,109,91,75,319,26,16,39,25,13,95,11,5,70,66,62,224,15
2007,June,6,66,New York City,467,2798,266,4095,4770,1211,298,793,58,1036,1586,177,169,2005,208,3059,3184,1034
2007,June,6,29,Niagara,28,60,22,41,190,15,12,32,5,10,81,7,16,28,17,31,109,8
2007,June,6,30,Oneida,13,54,26,10,70,12,7,27,15,2,43,7,6,27,11,8,27,5
2007,June,6,31,Onondaga,29,139,44,45,332,16,20,64,25,17,171,9,9,75,19,28,161,7
2007,June,6,32,Ontario,10,32,18,9,46,2,8,15,2,2,20,0,2,17,16,7,26,2
2007,June,6,33,Orange,16,59,38,19,98,7,8,23,16,5,34,4,8,36,22,14,64,3
2007,June,6,34,Orleans,6,25,10,13,26,2,5,12,1,3,9,0,1,13,9,10,17,2
2007,June,6,35,Oswego,17,15,14,5,54,4,12,10,4,0,32,1,5,5,10,5,22,3
2007,June,6,36,Otsego,0,7,1,1,9,0,0,3,0,0,3,0,0,4,1,1,6,0
2007,June,6,37,Putnam,3,4,1,1,4,1,1,1,0,0,1,0,2,3,1,1,3,1
2007,June,6,38,Rensselaer,8,45,22,2,71,4,7,28,16,1,49,3,1,17,6,1,22,1
2007,June,6,39,Rockland,15,31,8,5,44,6,4,12,3,0,19,2,11,19,5,5,25,4
2007,June,6,41,Saratoga,9,3,2,1,6,0,4,0,0,0,2,0,5,3,2,1,4,0
2007,June,6,42,Schenectady,6,40,20,14,43,7,4,11,12,1,20,3,2,29,8,13,23,4
2007,June,6,43,Schoharie,2,4,2,1,4,0,1,3,0,1,4,0,1,1,2,0,0,0
2007,June,6,44,Schuyler,3,6,7,1,10,0,1,1,6,0,5,0,2,5,1,1,5,0
2007,June,6,45,Seneca,0,5,4,2,3,1,0,2,1,0,2,0,0,3,3,2,1,1
2007,June,6,46,Steuben,10,30,14,10,30,1,6,10,8,2,15,0,4,20,6,8,15,1
2007,June,6,40,St. Lawrence,15,40,18,5,31,2,11,20,4,1,21,1,4,20,14,4,10,1
2007,June,6,47,Suffolk,61,160,93,98,499,21,24,65,22,9,121,1,37,95,71,89,378,20
2007,June,6,48,Sullivan,6,31,15,16,46,5,3,13,6,4,20,0,3,18,9,12,26,5
2007,June,6,49,Tioga,6,9,10,4,3,1,4,2,7,1,2,0,2,7,3,3,1,1
2007,June,6,50,Tompkins,18,44,15,12,68,8,7,18,2,1,22,2,11,26,13,11,46,6
2007,June,6,51,Ulster,19,44,33,10,66,8,10,25,11,0,27,5,9,19,22,10,39,3
2007,June,6,52,Warren,6,16,3,6,11,1,2,2,1,1,4,1,4,14,2,5,7,0
2007,June,6,53,Washington,8,20,18,6,13,1,7,11,3,4,3,0,1,9,15,2,10,1
2007,June,6,54,Wayne,9,21,5,3,24,2,6,6,1,0,10,0,3,15,4,3,14,2
2007,June,6,55,Westchester,38,124,145,148,480,27,22,53,25,53,147,8,16,71,120,95,333,19
2007,June,6,56,Wyoming,7,14,3,7,1,1,5,3,2,3,0,0,2,11,1,4,1,1
2007,June,6,57,Yates,1,1,1,1,5,1,0,0,0,0,3,0,1,1,1,1,2,1
2007,May,5,1,Albany,9,94,78,33,145,8,7,38,28,3,49,2,2,56,50,30,96,6
2007,May,5,2,Allegany,6,18,8,14,11,2,4,7,2,3,4,1,2,11,6,11,7,1
2007,May,5,3,Broome,34,108,41,37,119,15,21,41,11,6,46,7,13,67,30,31,73,8
2007,May,5,4,Cattaraugus,11,19,9,12,14,1,10,5,4,3,4,1,1,14,5,9,10,0
2007,May,5,5,Cayuga,5,23,3,10,10,6,5,10,2,3,8,4,0,13,1,7,2,2
2007,May,5,6,Chautauqua,14,65,18,11,36,7,9,36,5,5,15,3,5,29,13,6,21,4
2007,May,5,7,Chemung,20,22,17,6,55,6,10,14,7,0,29,3,10,8,10,6,26,3
2007,May,5,8,Chenango,4,4,0,1,11,4,1,0,0,0,5,1,3,4,0,1,6,3
2007,May,5,9,Clinton,18,34,27,9,41,3,11,12,10,4,15,1,7,22,17,5,26,2
2007,May,5,10,Columbia,6,21,12,7,21,1,5,11,2,1,8,0,1,10,10,6,13,1
2007,May,5,11,Cortland,8,17,3,3,8,3,7,6,2,1,6,2,1,11,1,2,2,1
2007,May,5,12,Delaware,4,8,3,3,9,1,3,3,1,1,3,0,1,5,2,2,6,1
2007,May,5,13,Dutchess,10,41,13,14,81,6,2,15,7,1,38,2,8,26,6,13,43,4
2007,May,5,14,Erie,138,279,107,152,553,27,60,124,33,44,195,9,78,155,74,108,358,18
2007,May,5,15,Essex,2,6,2,5,17,1,1,5,0,0,8,0,1,1,2,5,9,1
2007,May,5,16,Franklin,12,2,7,6,23,1,6,1,1,3,7,0,6,1,6,3,16,1
2007,May,5,17,Fulton,10,13,3,2,37,1,7,9,1,0,19,1,3,4,2,2,18,0
2007,May,5,18,Genesee,4,16,5,2,23,1,2,9,0,0,9,0,2,7,5,2,14,1
2007,May,5,19,Greene,4,17,6,7,20,2,3,9,3,2,8,0,1,8,3,5,12,2
2007,May,5,20,Hamilton,0,1,0,0,0,0,0,0,0,0,0,0,0,1,0,0,0,0
2007,May,5,21,Herkimer,5,9,3,3,22,1,1,8,0,2,7,0,4,1,3,1,15,1
2007,May,5,22,Jefferson,15,24,13,5,50,13,3,7,2,0,19,4,12,17,11,5,31,9
2007,May,5,23,Lewis,1,6,1,0,2,0,1,5,0,0,2,0,0,1,1,0,0,0
2007,May,5,24,Livingston,13,14,14,5,15,0,7,5,2,2,4,0,6,9,12,3,11,0
2007,May,5,25,Madison,3,12,0,0,2,2,2,6,0,0,1,2,1,6,0,0,1,0
2007,May,5,26,Monroe,33,226,93,50,523,49,20,92,22,7,155,4,13,134,71,43,368,45
2007,May,5,27,Montgomery,4,19,6,6,18,7,2,9,0,3,9,5,2,10,6,3,9,2
2007,May,5,28,Nassau,34,118,79,49,327,20,20,40,25,13,84,9,14,78,54,36,243,11
2007,May,5,66,New York City,501,3467,389,5056,6133,1540,292,967,80,1180,2102,273,209,2500,309,3876,4031,1267
2007,May,5,29,Niagara,24,70,24,36,154,7,14,37,5,5,54,2,10,33,19,31,100,5
2007,May,5,30,Oneida,10,63,23,8,86,4,6,30,15,0,45,1,4,33,8,8,41,3
2007,May,5,31,Onondaga,25,107,35,60,340,20,21,56,14,30,189,8,4,51,21,30,151,12
2007,May,5,32,Ontario,7,34,8,21,36,7,5,15,3,2,12,2,2,19,5,19,24,5
2007,May,5,33,Orange,23,54,34,15,127,7,13,21,10,2,45,3,10,33,24,13,82,4
2007,May,5,34,Orleans,3,11,13,17,15,0,2,5,3,5,4,0,1,6,10,12,11,0
2007,May,5,35,Oswego,19,20,10,14,55,5,14,9,4,6,29,0,5,11,6,8,26,5
2007,May,5,36,Otsego,0,3,1,0,4,0,0,1,1,0,4,0,0,2,0,0,0,0
2007,May,5,37,Putnam,2,4,1,0,6,0,1,2,0,0,3,0,1,2,1,0,3,0
2007,May,5,38,Rensselaer,13,45,27,2,63,8,10,21,18,0,43,6,3,24,9,2,20,2
2007,May,5,39,Rockland,2,26,17,14,31,5,0,9,5,2,11,3,2,17,12,12,20,2
2007,May,5,41,Saratoga,6,7,3,1,3,1,4,0,0,0,1,1,2,7,3,1,2,0
2007,May,5,42,Schenectady,5,40,28,20,66,7,4,13,10,6,35,2,1,27,18,14,31,5
2007,May,5,43,Schoharie,2,4,4,0,5,0,0,1,1,0,1,0,2,3,3,0,4,0
2007,May,5,44,Schuyler,1,7,5,1,9,2,1,2,4,0,5,0,0,5,1,1,4,2
2007,May,5,45,Seneca,2,3,3,1,8,0,1,0,0,0,2,0,1,3,3,1,6,0
2007,May,5,46,Steuben,20,33,20,11,40,7,10,15,9,0,16,4,10,18,11,11,24,3
2007,May,5,40,St. Lawrence,20,30,19,6,28,6,13,14,4,3,14,0,7,16,15,3,14,6
2007,May,5,47,Suffolk,43,160,73,120,495,29,21,52,14,16,116,5,22,108,59,104,379,24
2007,May,5,48,Sullivan,5,28,17,17,30,2,3,13,5,4,14,0,2,15,12,13,16,2
2007,May,5,49,Tioga,9,6,7,1,4,1,7,2,4,1,3,0,2,4,3,0,1,1
2007,May,5,50,Tompkins,10,36,4,11,27,5,5,14,1,1,15,1,5,22,3,10,12,4
2007,May,5,51,Ulster,9,45,34,7,58,14,5,17,8,1,32,4,4,28,26,6,26,10
2007,May,5,52,Warren,12,26,5,13,15,1,3,11,0,2,4,0,9,15,5,11,11,1
2007,May,5,53,Washington,8,20,10,15,19,5,7,9,6,3,14,2,1,11,4,12,5,3
2007,May,5,54,Wayne,9,18,8,4,18,1,8,5,5,0,9,0,1,13,3,4,9,1
2007,May,5,55,Westchester,24,141,149,87,433,28,12,56,20,27,153,6,12,85,129,60,280,22
2007,May,5,56,Wyoming,6,14,1,2,6,0,3,6,1,0,4,0,3,8,0,2,2,0
2007,May,5,57,Yates,0,12,3,0,6,2,0,5,0,0,4,0,0,7,3,0,2,2
2007,April,4,1,Albany,13,83,105,22,150,15,10,40,36,3,74,6,3,43,69,19,76,9
2007,April,4,2,Allegany,7,15,7,6,19,1,5,5,4,0,10,1,2,10,3,6,9,0
2007,April,4,3,Broome,28,96,52,57,122,12,15,37,18,10,49,1,13,59,34,47,73,11
2007,April,4,4,Cattaraugus,13,20,8,6,19,2,6,3,6,2,10,0,7,17,2,4,9,2
2007,April,4,5,Cayuga,8,24,8,4,9,3,7,9,4,2,6,1,1,15,4,2,3,2
2007,April,4,6,Chautauqua,17,50,22,13,47,7,16,27,7,4,19,5,1,23,15,9,28,2
2007,April,4,7,Chemung,12,23,21,13,74,5,11,9,3,0,40,2,1,14,18,13,34,3
2007,April,4,8,Chenango,8,7,4,3,4,0,5,2,3,1,0,0,3,5,1,2,4,0
2007,April,4,9,Clinton,16,29,23,4,43,6,5,10,6,0,14,2,11,19,17,4,29,4
2007,April,4,10,Columbia,4,13,8,1,21,3,4,4,1,0,8,1,0,9,7,1,13,2
2007,April,4,11,Cortland,6,18,3,1,7,4,6,9,0,1,3,2,0,9,3,0,4,2
2007,April,4,12,Delaware,5,9,2,1,12,1,4,4,2,1,6,0,1,5,0,0,6,1
2007,April,4,13,Dutchess,12,51,17,10,68,11,8,19,4,0,25,3,4,32,13,10,43,8
2007,April,4,14,Erie,201,271,135,130,443,22,46,122,48,39,152,5,155,149,87,91,291,17
2007,April,4,15,Essex,4,4,5,0,10,1,3,2,3,0,7,1,1,2,2,0,3,0
2007,April,4,16,Franklin,10,15,6,12,22,0,6,8,3,5,11,0,4,7,3,7,11,0
2007,April,4,17,Fulton,15,15,2,5,24,2,4,5,0,1,16,1,11,10,2,4,8,1
2007,April,4,18,Genesee,5,7,5,1,10,1,4,3,2,0,4,0,1,4,3,1,6,1
2007,April,4,19,Greene,3,22,6,6,16,5,0,7,2,1,6,1,3,15,4,5,10,4
2007,April,4,20,Hamilton,0,4,0,0,0,0,0,1,0,0,0,0,0,3,0,0,0,0
2007,April,4,21,Herkimer,1,14,9,3,20,4,0,5,4,0,10,0,1,9,5,3,10,4
2007,April,4,22,Jefferson,14,32,7,4,49,5,7,7,1,2,15,3,7,25,6,2,34,2
2007,April,4,23,Lewis,1,3,1,2,4,1,1,1,0,0,2,0,0,2,1,2,2,1
2007,April,4,24,Livingston,9,12,6,3,21,2,4,5,1,0,6,1,5,7,5,3,15,1
2007,April,4,25,Madison,2,5,2,0,6,1,1,1,2,0,1,1,1,4,0,0,5,0
2007,April,4,26,Monroe,38,225,92,48,548,49,16,75,21,5,163,8,22,150,71,43,385,41
2007,April,4,27,Montgomery,3,17,12,5,22,6,1,9,4,2,14,4,2,8,8,3,8,2
2007,April,4,28,Nassau,28,123,64,42,342,34,16,44,20,10,100,9,12,79,44,32,242,25
2007,April,4,66,New York City,507,3198,426,4738,6459,1200,301,995,103,977,2289,203,206,2203,323,3761,4170,997
2007,April,4,29,Niagara,22,53,19,33,136,21,14,22,5,7,41,5,8,31,14,26,95,16
2007,April,4,30,Oneida,14,43,24,11,78,5,8,19,7,2,39,1,6,24,17,9,39,4
2007,April,4,31,Onondaga,26,125,42,45,303,28,17,60,16,16,167,11,9,65,26,29,136,17
2007,April,4,32,Ontario,9,23,23,18,39,5,7,10,10,5,15,2,2,13,13,13,24,3
2007,April,4,33,Orange,25,48,44,24,110,6,14,17,14,0,41,3,11,31,30,24,69,3
2007,April,4,34,Orleans,5,28,12,9,10,2,3,8,5,3,5,0,2,20,7,6,5,2
2007,April,4,35,Oswego,8,22,10,15,24,5,6,12,3,8,12,2,2,10,7,7,12,3
2007,April,4,36,Otsego,0,3,0,1,15,1,0,0,0,0,9,0,0,3,0,1,6,1
2007,April,4,37,Putnam,1,6,3,0,2,1,0,1,1,0,0,0,1,5,2,0,2,1
2007,April,4,38,Rensselaer,9,35,27,8,53,4,8,20,18,2,33,0,1,15,9,6,20,4
2007,April,4,39,Rockland,8,18,10,10,30,4,4,4,2,2,12,2,4,14,8,8,18,2
2007,April,4,41,Saratoga,4,6,1,0,8,2,1,1,1,0,2,1,3,5,0,0,6,1
2007,April,4,42,Schenectady,8,36,26,15,74,4,7,16,8,5,28,3,1,20,18,10,46,1
2007,April,4,43,Schoharie,0,3,1,4,7,1,0,1,1,0,5,0,0,2,0,4,2,1
2007,April,4,44,Schuyler,0,5,5,2,11,2,0,2,5,0,5,0,0,3,0,2,6,2
2007,April,4,45,Seneca,2,5,3,0,3,0,2,3,0,0,2,0,0,2,3,0,1,0
2007,April,4,46,Steuben,12,37,10,13,31,5,3,19,4,4,15,3,9,18,6,9,16,2
2007,April,4,40,St. Lawrence,14,29,9,9,32,3,9,11,2,0,15,0,5,18,7,9,17,3
2007,April,4,47,Suffolk,47,183,81,91,582,30,29,69,18,6,157,3,18,114,63,85,425,27
2007,April,4,48,Sullivan,3,21,15,21,24,9,3,8,3,7,13,1,0,13,12,14,11,8
2007,April,4,49,Tioga,2,13,8,3,8,1,1,5,6,3,3,0,1,8,2,0,5,1
2007,April,4,50,Tompkins,9,31,16,12,39,6,5,10,4,1,17,1,4,21,12,11,22,5
2007,April,4,51,Ulster,10,44,31,7,60,11,7,21,6,1,22,4,3,23,25,6,38,7
2007,April,4,52,Warren,11,16,8,7,12,1,6,7,3,1,4,0,5,9,5,6,8,1
2007,April,4,53,Washington,9,16,9,5,18,2,7,6,4,3,9,1,2,10,5,2,9,1
2007,April,4,54,Wayne,5,20,7,4,24,0,4,3,2,2,11,0,1,17,5,2,13,0
2007,April,4,55,Westchester,18,121,145,109,586,14,12,36,24,40,212,2,6,85,121,69,374,12
2007,April,4,56,Wyoming,4,17,2,4,14,0,3,7,0,1,3,0,1,10,2,3,11,0
2007,April,4,57,Yates,1,4,3,0,3,1,1,2,3,0,3,1,0,2,0,0,0,0
2007,March,3,1,Albany,22,81,100,60,178,9,8,36,27,6,64,1,14,45,73,54,114,8
2007,March,3,2,Allegany,11,18,9,14,15,0,7,10,6,3,6,0,4,8,3,11,9,0
2007,March,3,3,Broome,26,87,48,55,143,13,15,36,16,14,61,2,11,51,32,41,82,11
2007,March,3,4,Cattaraugus,16,19,5,5,23,2,9,7,5,0,8,2,7,12,0,5,15,0
2007,March,3,5,Cayuga,11,14,3,0,17,1,7,6,2,0,9,1,4,8,1,0,8,0
2007,March,3,6,Chautauqua,17,54,32,20,29,10,11,31,12,4,12,3,6,23,20,16,17,7
2007,March,3,7,Chemung,19,44,18,13,70,5,13,15,6,1,38,3,6,29,12,12,32,2
2007,March,3,8,Chenango,5,9,4,2,2,3,4,2,2,1,1,1,1,7,2,1,1,2
2007,March,3,9,Clinton,16,23,21,2,47,9,7,12,8,2,20,3,9,11,13,0,27,6
2007,March,3,10,Columbia,2,10,17,4,23,3,0,3,4,0,11,0,2,7,13,4,12,3
2007,March,3,11,Cortland,14,24,10,3,6,4,8,11,6,1,3,2,6,13,4,2,3,2
2007,March,3,12,Delaware,6,7,2,1,12,2,1,4,1,0,6,1,5,3,1,1,6,1
2007,March,3,13,Dutchess,9,34,21,15,77,12,6,10,5,2,31,3,3,24,16,13,46,9
2007,March,3,14,Erie,198,232,131,159,489,32,69,101,46,28,150,12,129,131,85,131,339,20
2007,March,3,15,Essex,2,5,3,2,20,0,1,3,3,0,14,0,1,2,0,2,6,0
2007,March,3,16,Franklin,9,15,5,12,27,0,2,6,3,1,11,0,7,9,2,11,16,0
2007,March,3,17,Fulton,10,18,6,5,30,4,5,5,0,0,14,3,5,13,6,5,16,1
2007,March,3,18,Genesee,8,10,6,5,16,1,4,5,2,0,6,0,4,5,4,5,10,1
2007,March,3,19,Greene,4,26,7,6,14,1,4,7,3,1,3,0,0,19,4,5,11,1
2007,March,3,20,Hamilton,0,0,0,0,2,0,0,0,0,0,1,0,0,0,0,0,1,0
2007,March,3,21,Herkimer,6,17,2,5,21,4,5,10,1,1,13,0,1,7,1,4,8,4
2007,March,3,22,Jefferson,17,22,9,14,52,7,11,4,3,1,12,1,6,18,6,13,40,6
2007,March,3,23,Lewis,1,2,0,1,1,1,1,2,0,1,1,1,0,0,0,0,0,0
2007,March,3,24,Livingston,10,9,10,2,35,0,3,5,4,0,10,0,7,4,6,2,25,0
2007,March,3,25,Madison,2,8,4,1,8,2,2,1,2,1,3,2,0,7,2,0,5,0
2007,March,3,26,Monroe,22,220,100,56,585,52,11,95,22,6,180,9,11,125,78,50,405,43
2007,March,3,27,Montgomery,7,16,14,9,23,5,2,5,4,2,11,3,5,11,10,7,12,2
2007,March,3,28,Nassau,35,108,97,49,342,31,20,46,24,8,119,4,15,62,73,41,223,27
2007,March,3,66,New York City,633,2585,422,4015,5818,1314,399,734,127,784,2061,224,234,1851,295,3231,3757,1090
2007,March,3,29,Niagara,33,62,17,46,177,16,9,34,4,6,62,4,24,28,13,40,115,12
2007,March,3,30,Oneida,14,48,35,14,83,14,8,22,8,5,41,6,6,26,27,9,42,8
2007,March,3,31,Onondaga,34,123,49,45,366,13,25,58,24,19,207,4,9,65,25,26,159,9
2007,March,3,32,Ontario,7,29,21,22,33,6,6,15,10,5,10,2,1,14,11,17,23,4
2007,March,3,33,Orange,18,58,35,21,152,10,13,24,7,4,51,2,5,34,28,17,101,8
2007,March,3,34,Orleans,5,15,8,13,18,5,2,6,3,6,7,0,3,9,5,7,11,5
2007,March,3,35,Oswego,17,17,7,15,58,6,13,6,3,4,32,2,4,11,4,11,26,4
2007,March,3,36,Otsego,2,3,2,1,7,0,2,0,0,0,1,0,0,3,2,1,6,0
2007,March,3,37,Putnam,1,5,0,1,4,3,0,1,0,0,0,1,1,4,0,1,4,2
2007,March,3,38,Rensselaer,11,39,25,9,73,5,9,17,15,3,52,3,2,22,10,6,21,2
2007,March,3,39,Rockland,6,24,8,10,41,8,6,9,3,1,12,5,0,15,5,9,29,3
2007,March,3,41,Saratoga,6,5,0,2,13,1,3,1,0,1,6,1,3,4,0,1,7,0
2007,March,3,42,Schenectady,6,29,24,19,73,4,5,10,11,5,33,3,1,19,13,14,40,1
2007,March,3,43,Schoharie,2,1,5,1,6,1,1,1,1,0,3,0,1,0,4,1,3,1
2007,March,3,44,Schuyler,4,2,5,2,13,0,2,0,2,1,4,0,2,2,3,1,9,0
2007,March,3,45,Seneca,0,1,3,0,1,0,0,1,0,0,1,0,0,0,3,0,0,0
2007,March,3,46,Steuben,16,36,12,14,34,1,7,19,1,3,20,1,9,17,11,11,14,0
2007,March,3,40,St. Lawrence,23,35,13,5,40,3,17,16,4,0,17,1,6,19,9,5,23,2
2007,March,3,47,Suffolk,66,161,89,106,638,38,31,53,21,11,166,4,35,108,68,95,472,34
2007,March,3,48,Sullivan,10,27,7,22,40,7,9,16,1,4,17,1,1,11,6,18,23,6
2007,March,3,49,Tioga,7,10,4,4,8,4,7,5,1,1,5,2,0,5,3,3,3,2
2007,March,3,50,Tompkins,11,30,19,6,44,2,7,10,5,0,17,0,4,20,14,6,27,2
2007,March,3,51,Ulster,20,33,43,7,90,8,15,17,13,2,28,4,5,16,30,5,62,4
2007,March,3,52,Warren,5,7,8,9,9,0,1,2,2,1,2,0,4,5,6,8,7,0
2007,March,3,53,Washington,8,15,7,20,23,7,5,7,2,3,11,0,3,8,5,17,12,7
2007,March,3,54,Wayne,2,12,5,3,18,3,1,3,2,0,5,0,1,9,3,3,13,3
2007,March,3,55,Westchester,30,129,177,57,519,19,15,59,28,6,200,5,15,70,149,51,319,14
2007,March,3,56,Wyoming,2,7,4,3,1,2,2,4,1,0,0,0,0,3,3,3,1,2
2007,March,3,57,Yates,0,6,1,2,5,2,0,2,0,0,4,1,0,4,1,2,1,1
2007,February,2,1,Albany,16,69,107,27,152,18,10,31,34,3,71,0,6,38,73,24,81,18
2007,February,2,2,Allegany,10,25,7,11,5,2,9,11,4,1,4,0,1,14,3,10,1,2
2007,February,2,3,Broome,40,83,41,37,119,12,31,33,15,8,53,5,9,50,26,29,66,7
2007,February,2,4,Cattaraugus,12,20,3,14,22,4,9,4,3,3,7,3,3,16,0,11,15,1
2007,February,2,5,Cayuga,8,9,5,8,13,2,7,3,3,2,11,1,1,6,2,6,2,1
2007,February,2,6,Chautauqua,13,45,28,9,29,5,7,24,10,2,15,5,6,21,18,7,14,0
2007,February,2,7,Chemung,5,28,26,7,78,9,2,12,10,3,39,3,3,16,16,4,39,6
2007,February,2,8,Chenango,9,7,3,2,6,1,7,0,2,2,3,1,2,7,1,0,3,0
2007,February,2,9,Clinton,12,19,8,8,44,4,10,7,1,2,15,2,2,12,7,6,29,2
2007,February,2,10,Columbia,3,10,9,5,8,3,1,4,1,1,4,2,2,6,8,4,4,1
2007,February,2,11,Cortland,5,11,7,3,3,3,3,6,2,0,3,0,2,5,5,3,0,3
2007,February,2,12,Delaware,5,7,1,2,14,1,4,5,0,1,9,0,1,2,1,1,5,1
2007,February,2,13,Dutchess,8,30,12,12,76,5,3,12,5,3,24,2,5,18,7,9,52,3
2007,February,2,14,Erie,206,228,123,157,470,24,55,103,39,31,182,7,151,125,84,126,288,17
2007,February,2,15,Essex,1,4,3,0,10,1,1,1,0,0,5,0,0,3,3,0,5,1
2007,February,2,16,Franklin,6,9,1,8,14,0,5,2,0,3,6,0,1,7,1,5,8,0
2007,February,2,17,Fulton,11,12,2,1,44,1,7,5,1,1,20,1,4,7,1,0,24,0
2007,February,2,18,Genesee,4,11,0,1,26,5,4,7,0,0,13,3,0,4,0,1,13,2
2007,February,2,19,Greene,3,15,5,4,15,1,2,9,4,0,6,0,1,6,1,4,9,1
2007,February,2,20,Hamilton,0,0,0,0,0,0,0,0,0,0,0,0,0,0,0,0,0,0
2007,February,2,21,Herkimer,3,14,5,11,14,1,1,7,3,2,2,0,2,7,2,9,12,1
2007,February,2,22,Jefferson,18,18,9,16,58,4,10,2,4,3,16,0,8,16,5,13,42,4
2007,February,2,23,Lewis,3,4,0,1,5,1,3,1,0,0,2,0,0,3,0,1,3,1
2007,February,2,24,Livingston,7,17,10,9,22,3,4,8,4,1,5,0,3,9,6,8,17,3
2007,February,2,25,Madison,2,9,2,0,8,1,1,2,1,0,5,1,1,7,1,0,3,0
2007,February,2,26,Monroe,37,189,93,42,549,44,19,76,22,3,188,8,18,113,71,39,361,36
2007,February,2,27,Montgomery,7,7,11,4,13,2,6,4,4,1,3,2,1,3,7,3,10,0
2007,February,2,28,Nassau,28,107,63,41,274,17,15,51,25,8,67,8,13,56,38,33,207,9
2007,February,2,66,New York City,571,3064,994,3053,6661,1128,347,930,339,416,2505,164,224,2134,655,2637,4156,964
2007,February,2,29,Niagara,29,49,13,40,130,11,14,22,3,5,37,4,15,27,10,35,93,7
2007,February,2,30,Oneida,14,44,20,11,70,6,12,20,8,1,29,4,2,24,12,10,41,2
2007,February,2,31,Onondaga,35,112,36,62,358,23,24,62,13,18,198,11,11,50,23,44,160,12
2007,February,2,32,Ontario,6,22,19,20,38,2,2,9,10,2,13,1,4,13,9,18,25,1
2007,February,2,33,Orange,10,43,41,21,108,4,6,19,17,2,48,1,4,24,24,19,60,3
2007,February,2,34,Orleans,8,22,4,10,17,0,4,11,2,3,6,0,4,11,2,7,11,0
2007,February,2,35,Oswego,10,14,6,20,34,5,8,8,3,10,24,1,2,6,3,10,10,4
2007,February,2,36,Otsego,4,3,0,1,7,0,4,1,0,0,1,0,0,2,0,1,6,0
2007,February,2,37,Putnam,4,3,2,0,1,2,1,0,0,0,0,0,3,3,2,0,1,2
2007,February,2,38,Rensselaer,10,54,10,5,76,5,10,40,9,2,62,3,0,14,1,3,14,2
2007,February,2,39,Rockland,7,24,11,9,44,7,2,12,4,4,16,4,5,12,7,5,28,3
2007,February,2,41,Saratoga,5,4,2,0,11,1,4,1,2,0,2,0,1,3,0,0,9,1
2007,February,2,42,Schenectady,9,35,10,13,64,3,5,13,3,2,29,1,4,22,7,11,35,2
2007,February,2,43,Schoharie,2,4,1,6,2,0,0,2,1,1,2,0,2,2,0,5,0,0
2007,February,2,44,Schuyler,3,8,3,0,5,0,2,3,2,0,2,0,1,5,1,0,3,0
2007,February,2,45,Seneca,1,5,0,1,2,1,1,3,0,0,0,0,0,2,0,1,2,1
2007,February,2,46,Steuben,8,24,6,12,27,1,6,8,4,1,13,0,2,16,2,11,14,1
2007,February,2,40,St. Lawrence,18,22,10,5,38,4,9,7,4,0,17,1,9,15,6,5,21,3
2007,February,2,47,Suffolk,58,148,83,94,496,24,32,49,16,15,107,5,26,99,67,79,389,19
2007,February,2,48,Sullivan,7,24,17,15,27,6,5,8,9,5,12,0,2,16,8,10,15,6
2007,February,2,49,Tioga,5,7,1,2,8,1,2,4,1,1,4,1,3,3,0,1,4,0
2007,February,2,50,Tompkins,11,17,14,9,52,7,9,5,3,2,22,2,2,12,11,7,30,5
2007,February,2,51,Ulster,10,37,25,4,60,12,4,16,10,2,26,4,6,21,15,2,34,8
2007,February,2,52,Warren,5,8,2,11,15,0,2,4,1,2,2,0,3,4,1,9,13,0
2007,February,2,53,Washington,3,15,9,12,24,2,2,4,5,3,9,2,1,11,4,9,15,0
2007,February,2,54,Wayne,2,10,3,4,18,0,1,3,2,1,3,0,1,7,1,3,15,0
2007,February,2,55,Westchester,38,130,159,65,473,22,17,47,32,4,159,4,21,83,127,61,314,18
2007,February,2,56,Wyoming,7,5,1,1,3,0,5,1,0,0,0,0,2,4,1,1,3,0
2007,February,2,57,Yates,0,3,0,2,6,1,0,1,0,0,3,1,0,2,0,2,3,0
2007,January,1,1,Albany,28,82,82,34,193,14,18,41,28,4,65,2,10,41,54,30,128,12
2007,January,1,2,Allegany,5,11,6,7,14,2,3,5,4,1,4,0,2,6,2,6,10,2
2007,January,1,3,Broome,30,88,46,58,116,12,20,34,16,17,46,5,10,54,30,41,70,7
2007,January,1,4,Cattaraugus,14,11,13,8,33,1,10,6,6,1,11,0,4,5,7,7,22,1
2007,January,1,5,Cayuga,5,11,4,2,13,3,4,3,2,1,7,0,1,8,2,1,6,3
2007,January,1,6,Chautauqua,19,48,35,9,43,7,10,27,16,2,19,2,9,21,19,7,24,5
2007,January,1,7,Chemung,15,33,25,7,78,0,9,19,5,0,41,0,6,14,20,7,37,0
2007,January,1,8,Chenango,3,1,2,2,7,1,1,0,1,2,4,1,2,1,1,0,3,0
2007,January,1,9,Clinton,18,15,16,8,37,5,12,8,4,3,10,1,6,7,12,5,27,4
2007,January,1,10,Columbia,5,14,9,2,18,0,3,4,2,0,5,0,2,10,7,2,13,0
2007,January,1,11,Cortland,5,13,12,0,6,2,3,5,5,0,2,1,2,8,7,0,4,1
2007,January,1,12,Delaware,3,4,1,1,12,2,3,3,1,1,5,0,0,1,0,0,7,2
2007,January,1,13,Dutchess,10,35,29,14,55,6,4,16,7,2,21,0,6,19,22,12,34,6
2007,January,1,14,Erie,166,215,112,139,433,27,50,95,39,33,163,8,116,120,73,106,270,19
2007,January,1,15,Essex,6,7,4,1,16,1,3,4,3,0,7,1,3,3,1,1,9,0
2007,January,1,16,Franklin,9,7,9,17,14,1,5,3,3,3,4,1,4,4,6,14,10,0
2007,January,1,17,Fulton,7,20,2,3,48,6,4,10,1,1,22,0,3,10,1,2,26,6
2007,January,1,18,Genesee,5,6,5,1,17,0,4,3,2,1,8,0,1,3,3,0,9,0
2007,January,1,19,Greene,8,21,13,6,13,3,7,12,6,1,7,3,1,9,7,5,6,0
2007,January,1,20,Hamilton,1,1,1,0,0,0,1,1,1,0,0,0,0,0,0,0,0,0
2007,January,1,21,Herkimer,7,9,1,4,24,0,6,5,1,1,9,0,1,4,0,3,15,0
2007,January,1,22,Jefferson,13,30,16,12,57,1,8,14,2,6,15,1,5,16,14,6,42,0
2007,January,1,23,Lewis,2,0,1,0,3,0,1,0,1,0,3,0,1,0,0,0,0,0
2007,January,1,24,Livingston,14,16,9,2,25,2,10,4,0,1,13,1,4,12,9,1,12,1
2007,January,1,25,Madison,2,7,2,2,8,1,1,3,2,1,5,1,1,4,0,1,3,0
2007,January,1,26,Monroe,28,179,84,53,479,69,13,68,24,8,144,10,15,111,60,45,335,59
2007,January,1,27,Montgomery,8,6,6,1,15,3,2,0,3,1,7,3,6,6,3,0,8,0
2007,January,1,28,Nassau,25,95,71,46,202,39,18,37,19,9,66,17,7,58,52,37,136,22
2007,January,1,66,New York City,548,3255,1690,3177,8081,1366,334,1035,561,293,2996,202,214,2220,1129,2884,5085,1164
2007,January,1,29,Niagara,26,33,11,28,179,11,17,14,3,2,65,2,9,19,8,26,114,9
2007,January,1,30,Oneida,15,41,26,14,65,13,10,21,16,4,30,9,5,20,10,10,35,4
2007,January,1,31,Onondaga,39,97,46,56,319,23,28,46,23,24,174,12,11,51,23,32,145,11
2007,January,1,32,Ontario,15,24,17,13,34,3,10,9,5,0,8,3,5,15,12,13,26,0
2007,January,1,33,Orange,21,37,44,11,126,9,10,13,7,1,40,3,11,24,37,10,86,6
2007,January,1,34,Orleans,8,23,12,5,10,1,6,11,5,1,2,1,2,12,7,4,8,0
2007,January,1,35,Oswego,15,25,11,18,26,6,10,10,2,6,13,2,5,15,9,12,13,4
2007,January,1,36,Otsego,5,2,1,1,7,3,4,0,1,0,2,2,1,2,0,1,5,1
2007,January,1,37,Putnam,2,4,3,3,4,0,0,1,2,0,0,0,2,3,1,3,4,0
2007,January,1,38,Rensselaer,14,44,19,3,68,4,10,24,13,2,47,1,4,20,6,1,21,3
2007,January,1,39,Rockland,7,21,8,13,37,6,6,14,4,5,13,2,1,7,4,8,24,4
2007,January,1,41,Saratoga,11,2,4,0,6,0,7,0,2,0,3,0,4,2,2,0,3,0
2007,January,1,42,Schenectady,8,30,23,11,58,10,5,8,4,2,25,4,3,22,19,9,33,6
2007,January,1,43,Schoharie,1,5,3,1,3,1,0,2,0,1,2,0,1,3,3,0,1,1
2007,January,1,44,Schuyler,0,4,2,0,3,1,0,3,0,0,1,1,0,1,2,0,2,0
2007,January,1,45,Seneca,2,3,2,0,0,0,1,1,0,0,0,0,1,2,2,0,0,0
2007,January,1,46,Steuben,12,24,13,9,38,4,8,12,6,1,23,1,4,12,7,8,15,3
2007,January,1,40,St. Lawrence,16,21,14,3,34,4,15,6,3,0,10,3,1,15,11,3,24,1
2007,January,1,47,Suffolk,62,127,120,84,617,28,26,48,33,14,166,2,36,79,87,70,451,26
2007,January,1,48,Sullivan,11,20,25,16,25,6,6,9,7,3,15,5,5,11,18,13,10,1
2007,January,1,49,Tioga,1,12,4,1,3,2,1,5,1,0,2,1,0,7,3,1,1,1
2007,January,1,50,Tompkins,13,22,11,13,35,8,5,8,2,1,14,2,8,14,9,12,21,6
2007,January,1,51,Ulster,14,33,30,6,42,5,11,22,11,3,20,3,3,11,19,3,22,2
2007,January,1,52,Warren,10,12,3,10,8,2,5,3,1,4,3,1,5,9,2,6,5,1
2007,January,1,53,Washington,3,13,9,6,15,5,2,6,5,3,7,1,1,7,4,3,8,4
2007,January,1,54,Wayne,5,12,7,4,15,0,5,5,3,0,4,0,0,7,4,4,11,0
2007,January,1,55,Westchester,46,101,167,46,426,36,23,48,34,2,167,8,23,53,133,44,259,28
2007,January,1,56,Wyoming,4,4,2,3,7,0,4,1,1,1,1,0,0,3,1,2,6,0
2007,January,1,57,Yates,2,2,1,3,5,0,2,1,0,1,4,0,0,1,1,2,1,0
2006,December,12,1,Albany,22,98,98,25,143,13,12,47,30,9,63,1,10,51,68,16,80,12
2006,December,12,2,Allegany,8,21,3,9,15,5,4,11,2,4,5,0,4,10,1,5,10,5
2006,December,12,3,Broome,18,99,40,29,123,7,14,46,13,3,59,2,4,53,27,26,64,5
2006,December,12,4,Cattaraugus,18,12,7,14,19,0,15,4,3,5,5,0,3,8,4,9,14,0
2006,December,12,5,Cayuga,5,22,1,5,8,4,4,13,1,2,5,0,1,9,0,3,3,4
2006,December,12,6,Chautauqua,12,52,17,7,39,12,9,27,4,4,13,4,3,25,13,3,26,8
2006,December,12,7,Chemung,12,39,16,5,94,2,7,20,4,1,51,1,5,19,12,4,43,1
2006,December,12,8,Chenango,2,3,2,0,6,0,0,1,1,0,4,0,2,2,1,0,2,0
2006,December,12,9,Clinton,9,31,8,5,38,7,7,20,2,2,6,1,2,11,6,3,32,6
2006,December,12,10,Columbia,4,14,10,4,21,1,3,2,3,0,7,0,1,12,7,4,14,1
2006,December,12,11,Cortland,6,14,4,0,5,1,4,10,0,0,4,1,2,4,4,0,1,0
2006,December,12,12,Delaware,2,5,2,3,13,0,1,1,1,0,4,0,1,4,1,3,9,0
2006,December,12,13,Dutchess,7,36,22,11,69,8,4,21,8,1,31,3,3,15,14,10,38,5
2006,December,12,14,Erie,229,262,101,135,492,29,50,104,34,37,166,16,179,158,67,98,326,13
2006,December,12,15,Essex,1,6,1,3,19,2,0,4,1,0,9,0,1,2,0,3,10,2
2006,December,12,16,Franklin,11,12,6,9,20,2,5,8,3,1,7,2,6,4,3,8,13,0
2006,December,12,17,Fulton,8,15,3,3,28,5,4,5,1,1,13,0,4,10,2,2,15,5
2006,December,12,18,Genesee,4,6,5,3,28,1,4,4,1,0,5,1,0,2,4,3,23,0
2006,December,12,19,Greene,7,19,5,3,8,1,3,9,3,1,2,1,4,10,2,2,6,0
2006,December,12,20,Hamilton,0,1,0,0,0,0,0,0,0,0,0,0,0,1,0,0,0,0
2006,December,12,21,Herkimer,2,8,1,4,25,2,0,4,1,2,10,2,2,4,0,2,15,0
2006,December,12,22,Jefferson,8,41,23,14,71,6,3,16,5,2,20,2,5,25,18,12,51,4
2006,December,12,23,Lewis,2,3,0,0,5,2,1,1,0,0,4,1,1,2,0,0,1,1
2006,December,12,24,Livingston,9,14,5,1,34,0,4,6,0,0,14,0,5,8,5,1,20,0
2006,December,12,25,Madison,3,7,3,1,9,1,1,5,3,1,4,1,2,2,0,0,5,0
2006,December,12,26,Monroe,38,219,99,61,604,48,18,80,22,4,179,7,20,139,77,57,425,41
2006,December,12,27,Montgomery,10,12,11,5,15,5,4,5,3,1,11,2,6,7,8,4,4,3
2006,December,12,28,Nassau,29,91,42,69,295,25,18,46,16,15,92,9,11,45,26,54,203,16
2006,December,12,66,New York City,536,3278,1454,2721,6351,1265,332,985,442,282,2364,206,204,2293,1012,2439,3987,1059
2006,December,12,29,Niagara,27,54,10,23,159,4,15,26,4,9,60,2,12,28,6,14,99,2
2006,December,12,30,Oneida,17,70,20,10,61,9,9,29,9,2,35,5,8,41,11,8,26,4
2006,December,12,31,Onondaga,24,140,48,42,304,11,18,82,22,14,173,5,6,58,26,28,131,6
2006,December,12,32,Ontario,8,17,11,17,38,3,4,12,5,2,14,0,4,5,6,15,24,3
2006,December,12,33,Orange,17,50,40,9,121,15,9,24,21,0,49,5,8,26,19,9,72,10
2006,December,12,34,Orleans,3,13,7,4,23,2,3,9,2,0,9,2,0,4,5,4,14,0
2006,December,12,35,Oswego,9,18,10,11,30,4,8,10,6,4,17,1,1,8,4,7,13,3
2006,December,12,36,Otsego,1,0,3,0,13,0,1,0,1,0,7,0,0,0,2,0,6,0
2006,December,12,37,Putnam,0,1,2,1,4,0,0,1,0,0,0,0,0,0,2,1,4,0
2006,December,12,38,Rensselaer,5,51,30,3,75,4,4,32,22,1,50,2,1,19,8,2,25,2
2006,December,12,39,Rockland,8,24,10,8,48,7,2,15,5,1,16,1,6,9,5,7,32,6
2006,December,12,41,Saratoga,4,4,2,1,12,2,2,0,2,1,7,1,2,4,0,0,5,1
2006,December,12,42,Schenectady,10,33,25,5,66,12,7,12,8,1,40,5,3,21,17,4,26,7
2006,December,12,43,Schoharie,5,5,2,1,1,0,1,2,0,0,1,0,4,3,2,1,0,0
2006,December,12,44,Schuyler,0,3,2,1,6,0,0,2,0,0,3,0,0,1,2,1,3,0
2006,December,12,45,Seneca,4,3,1,0,1,1,2,0,0,0,1,0,2,3,1,0,0,1
2006,December,12,46,Steuben,8,28,14,7,21,8,6,12,9,2,15,5,2,16,5,5,6,3
2006,December,12,40,St. Lawrence,19,26,7,10,43,1,12,13,2,2,20,1,7,13,5,8,23,0
2006,December,12,47,Suffolk,47,175,81,122,592,37,18,62,20,14,148,7,29,113,61,108,444,30
2006,December,12,48,Sullivan,9,20,10,19,31,4,3,12,6,6,12,0,6,8,4,13,19,4
2006,December,12,49,Tioga,3,6,7,2,6,0,3,4,2,1,2,0,0,2,5,1,4,0
2006,December,12,50,Tompkins,10,35,9,12,55,5,7,20,2,2,24,1,3,15,7,10,31,4
2006,December,12,51,Ulster,12,31,26,12,75,12,8,18,10,3,34,4,4,13,16,9,41,8
2006,December,12,52,Warren,6,10,1,6,10,0,2,5,1,1,7,0,4,5,0,5,3,0
2006,December,12,53,Washington,5,7,10,17,16,0,4,2,3,6,7,0,1,5,7,11,9,0
2006,December,12,54,Wayne,8,13,5,7,18,1,4,7,2,1,7,0,4,6,3,6,11,1
2006,December,12,55,Westchester,33,152,130,50,568,29,26,64,28,2,202,5,7,88,102,48,366,24
2006,December,12,56,Wyoming,5,5,2,1,3,1,3,4,0,0,1,1,2,1,2,1,2,0
2006,December,12,57,Yates,1,4,2,2,8,2,1,2,1,2,6,1,0,2,1,0,2,1
2006,November,11,1,Albany,21,85,95,26,179,13,9,41,29,5,65,3,12,44,66,21,114,10
2006,November,11,2,Allegany,5,17,6,6,23,2,4,9,6,0,13,2,1,8,0,6,10,0
2006,November,11,3,Broome,27,85,34,25,118,10,17,35,12,3,58,2,10,50,22,22,60,8
2006,November,11,4,Cattaraugus,11,16,7,12,25,4,7,3,4,3,17,0,4,13,3,9,8,4
2006,November,11,5,Cayuga,10,14,9,5,11,4,9,5,4,0,8,0,1,9,5,5,3,4
2006,November,11,6,Chautauqua,27,58,27,10,37,7,15,32,8,4,18,4,12,26,19,6,19,3
2006,November,11,7,Chemung,10,26,12,4,94,2,5,15,4,1,53,1,5,11,8,3,41,1
2006,November,11,8,Chenango,2,3,6,2,3,1,2,1,3,1,2,0,0,2,3,1,1,1
2006,November,11,9,Clinton,8,26,14,9,28,3,5,16,8,3,15,0,3,10,6,6,13,3
2006,November,11,10,Columbia,5,11,10,5,20,1,3,4,3,2,8,0,2,7,7,3,12,1
2006,November,11,11,Cortland,4,12,2,2,4,0,2,8,1,0,2,0,2,4,1,2,2,0
2006,November,11,12,Delaware,1,3,4,3,16,0,0,0,4,0,10,0,1,3,0,3,6,0
2006,November,11,13,Dutchess,10,28,17,8,65,9,3,15,4,1,26,1,7,13,13,7,39,8
2006,November,11,14,Erie,154,219,117,172,476,36,70,94,43,45,183,13,84,125,74,127,293,23
2006,November,11,15,Essex,2,6,2,2,17,0,0,6,1,1,11,0,2,0,1,1,6,0
2006,November,11,16,Franklin,6,15,8,14,20,3,4,12,2,3,7,2,2,3,6,11,13,1
2006,November,11,17,Fulton,5,12,4,6,44,3,2,4,2,1,22,0,3,8,2,5,22,3
2006,November,11,18,Genesee,4,11,4,2,14,1,2,5,2,0,11,0,2,6,2,2,3,1
2006,November,11,19,Greene,7,18,5,4,15,3,6,11,2,2,5,0,1,7,3,2,10,3
2006,November,11,20,Hamilton,0,0,0,0,0,1,0,0,0,0,0,1,0,0,0,0,0,0
2006,November,11,21,Herkimer,8,6,3,4,18,1,5,4,2,1,5,0,3,2,1,3,13,1
2006,November,11,22,Jefferson,12,22,12,9,40,5,7,5,6,2,16,1,5,17,6,7,24,4
2006,November,11,23,Lewis,2,1,1,0,3,2,1,1,1,0,3,1,1,0,0,0,0,1
2006,November,11,24,Livingston,6,11,8,7,40,3,2,6,2,2,17,0,4,5,6,5,23,3
2006,November,11,25,Madison,0,7,3,1,4,1,0,2,1,0,1,1,0,5,2,1,3,0
2006,November,11,26,Monroe,32,268,117,61,574,61,16,106,45,10,155,4,16,162,72,51,419,57
2006,November,11,27,Montgomery,5,15,6,2,23,7,3,11,2,0,12,6,2,4,4,2,11,1
2006,November,11,28,Nassau,25,106,53,51,283,23,16,43,23,6,89,8,9,63,30,45,194,15
2006,November,11,66,New York City,551,3160,1517,2401,6064,1378,339,988,461,221,2068,212,212,2172,1056,2180,3996,1166
2006,November,11,29,Niagara,21,55,14,29,144,12,8,28,4,7,50,2,13,27,10,22,94,10
2006,November,11,30,Oneida,10,49,24,14,61,12,4,29,13,2,28,5,6,20,11,12,33,7
2006,November,11,31,Onondaga,36,131,49,46,320,11,29,53,23,12,182,5,7,78,26,34,138,6
2006,November,11,32,Ontario,6,22,19,11,42,6,4,10,5,3,18,1,2,12,14,8,24,5
2006,November,11,33,Orange,19,48,32,20,98,3,10,29,13,1,45,0,9,19,19,19,53,3
2006,November,11,34,Orleans,4,13,6,6,16,2,3,3,3,3,6,0,1,10,3,3,10,2
2006,November,11,35,Oswego,19,20,18,21,43,9,12,14,10,5,27,2,7,6,8,16,16,7
2006,November,11,36,Otsego,3,3,2,4,5,1,2,0,1,0,0,0,1,3,1,4,5,1
2006,November,11,37,Putnam,0,2,4,0,3,0,0,0,1,0,0,0,0,2,3,0,3,0
2006,November,11,38,Rensselaer,11,37,39,4,47,9,10,26,22,2,28,6,1,11,17,2,19,3
2006,November,11,39,Rockland,11,23,6,10,41,4,7,12,2,0,15,3,4,11,4,10,26,1
2006,November,11,41,Saratoga,5,4,0,0,8,1,1,1,0,0,4,0,4,3,0,0,4,1
2006,November,11,42,Schenectady,13,38,18,12,43,9,6,16,7,2,20,5,7,22,11,10,23,4
2006,November,11,43,Schoharie,4,4,3,2,2,2,3,3,0,2,2,1,1,1,3,0,0,1
2006,November,11,44,Schuyler,3,6,4,0,9,0,1,3,1,0,4,0,2,3,3,0,5,0
2006,November,11,45,Seneca,1,6,5,0,1,0,1,0,2,0,1,0,0,6,3,0,0,0
2006,November,11,46,Steuben,11,24,14,8,32,3,7,16,8,0,19,0,4,8,6,8,13,3
2006,November,11,40,St. Lawrence,20,23,11,10,31,1,12,10,7,3,10,0,8,13,4,7,21,1
2006,November,11,47,Suffolk,56,155,92,97,588,27,30,60,29,12,142,2,26,95,63,85,446,25
2006,November,11,48,Sullivan,7,24,8,10,20,1,7,15,3,9,11,1,0,9,5,1,9,0
2006,November,11,49,Tioga,6,8,9,3,4,0,4,3,5,0,2,0,2,5,4,3,2,0
2006,November,11,50,Tompkins,10,40,8,11,51,3,7,16,3,3,22,2,3,24,5,8,29,1
2006,November,11,51,Ulster,10,46,33,7,66,3,7,20,17,1,26,1,3,26,16,6,40,2
2006,November,11,52,Warren,6,24,7,10,9,0,1,10,2,2,3,0,5,14,5,8,6,0
2006,November,11,53,Washington,8,16,9,14,16,2,5,4,5,4,5,0,3,12,4,10,11,2
2006,November,11,54,Wayne,7,9,4,8,13,1,6,4,2,0,8,0,1,5,2,8,5,1
2006,November,11,55,Westchester,32,165,146,54,628,24,20,68,31,9,206,6,12,97,115,45,422,18
2006,November,11,56,Wyoming,5,11,6,2,5,0,3,5,2,0,2,0,2,6,4,2,3,0
2006,November,11,57,Yates,2,9,1,2,5,0,1,5,1,1,3,0,1,4,0,1,2,0
2006,October,10,1,Albany,12,103,78,20,161,14,7,64,27,3,68,5,5,39,51,17,93,9
2006,October,10,2,Allegany,6,23,7,11,21,4,5,9,3,1,16,2,1,14,4,10,5,2
2006,October,10,3,Broome,27,106,57,39,113,10,13,49,20,11,48,4,14,57,37,28,65,6
2006,October,10,4,Cattaraugus,18,14,12,7,40,3,11,4,6,0,12,1,7,10,6,7,28,2
2006,October,10,5,Cayuga,8,16,2,9,10,2,6,8,1,6,6,1,2,8,1,3,4,1
2006,October,10,6,Chautauqua,14,57,36,10,40,8,8,31,20,4,19,2,6,26,16,6,21,6
2006,October,10,7,Chemung,20,25,19,9,85,3,15,10,9,0,52,1,5,15,10,9,33,2
2006,October,10,8,Chenango,2,9,5,2,4,1,1,4,1,1,1,0,1,5,4,1,3,1
2006,October,10,9,Clinton,10,32,17,6,25,6,7,18,7,3,17,1,3,14,10,3,8,5
2006,October,10,10,Columbia,11,18,10,4,17,0,6,10,3,0,7,0,5,8,7,4,10,0
2006,October,10,11,Cortland,11,18,9,1,6,1,9,9,4,0,4,0,2,9,5,1,2,1
2006,October,10,12,Delaware,3,3,4,0,10,1,1,2,3,0,6,1,2,1,1,0,4,0
2006,October,10,13,Dutchess,11,28,15,12,65,12,9,10,7,4,25,6,2,18,8,8,40,6
2006,October,10,14,Erie,124,230,154,140,381,24,53,109,50,37,132,10,71,121,104,103,249,14
2006,October,10,15,Essex,4,7,5,1,17,0,3,2,2,0,9,0,1,5,3,1,8,0
2006,October,10,16,Franklin,9,16,2,6,15,3,4,11,1,2,7,2,5,5,1,4,8,1
2006,October,10,17,Fulton,8,18,3,4,34,1,4,10,2,1,14,1,4,8,1,3,20,0
2006,October,10,18,Genesee,1,8,3,1,15,2,1,6,0,0,3,1,0,2,3,1,12,1
2006,October,10,19,Greene,2,17,10,7,16,3,2,8,3,2,6,0,0,9,7,5,10,3
2006,October,10,20,Hamilton,0,1,0,0,0,0,0,1,0,0,0,0,0,0,0,0,0,0
2006,October,10,21,Herkimer,10,19,5,1,16,0,4,14,2,0,8,0,6,5,3,1,8,0
2006,October,10,22,Jefferson,15,20,14,5,58,7,8,9,3,2,18,3,7,11,11,3,40,4
2006,October,10,23,Lewis,4,4,2,0,5,3,3,1,1,0,2,2,1,3,1,0,3,1
2006,October,10,24,Livingston,13,19,14,8,36,3,7,8,4,2,14,2,6,11,10,6,22,1
2006,October,10,25,Madison,2,10,2,1,3,0,0,5,2,1,1,0,2,5,0,0,2,0
2006,October,10,26,Monroe,40,241,111,64,581,56,15,83,28,5,160,10,25,158,83,59,421,46
2006,October,10,27,Montgomery,6,16,6,7,14,3,4,7,4,4,6,2,2,9,2,3,8,1
2006,October,10,28,Nassau,38,103,74,58,315,26,30,55,33,21,93,10,8,48,41,37,222,16
2006,October,10,66,New York City,640,4165,1898,2906,8483,1621,396,1277,680,275,2992,334,244,2888,1218,2631,5491,1287
2006,October,10,29,Niagara,31,91,16,26,172,18,17,48,7,7,58,6,14,43,9,19,114,12
2006,October,10,30,Oneida,17,53,32,17,69,10,9,30,20,3,39,4,8,23,12,14,30,6
2006,October,10,31,Onondaga,32,127,52,72,371,22,23,67,22,32,205,5,9,60,30,40,166,17
2006,October,10,32,Ontario,9,31,24,10,39,4,3,14,13,0,13,2,6,17,11,10,26,2
2006,October,10,33,Orange,15,62,43,16,99,6,11,30,11,2,36,2,4,32,32,14,63,4
2006,October,10,34,Orleans,9,24,9,5,15,2,4,11,3,2,5,0,5,13,6,3,10,2
2006,October,10,35,Oswego,17,31,11,20,48,6,10,19,6,10,33,2,7,12,5,10,15,4
2006,October,10,36,Otsego,0,1,4,3,4,4,0,0,2,1,3,2,0,1,2,2,1,2
2006,October,10,37,Putnam,0,5,5,1,2,0,0,5,2,1,0,0,0,0,3,0,2,0
2006,October,10,38,Rensselaer,10,62,30,11,51,2,7,38,22,5,38,2,3,24,8,6,13,0
2006,October,10,39,Rockland,13,26,20,12,54,5,7,10,7,3,12,3,6,16,13,9,42,2
2006,October,10,41,Saratoga,7,1,2,2,6,2,5,1,1,0,2,1,2,0,1,2,4,1
2006,October,10,42,Schenectady,9,30,33,17,61,2,8,15,12,6,35,1,1,15,21,11,26,1
2006,October,10,43,Schoharie,0,8,3,2,7,0,0,4,0,0,5,0,0,4,3,2,2,0
2006,October,10,44,Schuyler,0,1,3,4,10,1,0,1,1,1,5,0,0,0,2,3,5,1
2006,October,10,45,Seneca,1,2,6,0,1,0,1,1,2,0,1,0,0,1,4,0,0,0
2006,October,10,46,Steuben,15,37,13,12,40,3,9,21,3,1,19,2,6,16,10,11,21,1
2006,October,10,40,St. Lawrence,21,32,14,7,37,3,10,13,6,2,18,1,11,19,8,5,19,2
2006,October,10,47,Suffolk,53,149,87,128,646,28,30,66,24,18,163,3,23,83,63,110,483,25
2006,October,10,48,Sullivan,13,17,21,19,21,7,9,9,8,9,11,1,4,8,13,10,10,6
2006,October,10,49,Tioga,7,10,8,1,7,2,7,7,3,0,2,1,0,3,5,1,5,1
2006,October,10,50,Tompkins,6,42,20,10,41,6,4,14,2,2,9,0,2,28,18,8,32,6
2006,October,10,51,Ulster,19,33,24,3,57,20,13,12,13,0,26,8,6,21,11,3,31,12
2006,October,10,52,Warren,5,16,5,0,12,0,4,6,1,0,4,0,1,10,4,0,8,0
2006,October,10,53,Washington,5,16,7,15,14,1,3,9,3,4,5,0,2,7,4,11,9,1
2006,October,10,54,Wayne,5,17,8,4,24,1,4,8,5,1,12,0,1,9,3,3,12,1
2006,October,10,55,Westchester,37,154,131,92,553,57,24,61,24,9,186,9,13,93,107,83,367,48
2006,October,10,56,Wyoming,5,12,2,3,5,0,3,4,1,0,2,0,2,8,1,3,3,0
2006,October,10,57,Yates,0,4,3,0,4,2,0,2,1,0,0,1,0,2,2,0,4,1
2006,September,9,1,Albany,36,105,105,21,153,13,21,66,34,5,75,5,15,39,71,16,78,8
2006,September,9,2,Allegany,7,23,9,7,25,1,6,9,4,2,13,1,1,14,5,5,12,0
2006,September,9,3,Broome,22,93,45,37,113,16,18,42,20,8,42,4,4,51,25,29,71,12
2006,September,9,4,Cattaraugus,24,26,9,24,16,2,20,7,5,8,5,0,4,19,4,16,11,2
2006,September,9,5,Cayuga,7,22,5,7,8,4,6,13,3,4,5,0,1,9,2,3,3,4
2006,September,9,6,Chautauqua,16,73,33,19,50,5,13,37,13,4,22,1,3,36,20,15,28,4
2006,September,9,7,Chemung,23,37,32,8,87,10,12,20,15,1,47,4,11,17,17,7,40,6
2006,September,9,8,Chenango,4,11,1,1,9,4,2,6,1,1,7,1,2,5,0,0,2,3
2006,September,9,9,Clinton,11,34,26,13,38,2,8,11,4,5,15,2,3,23,22,8,23,0
2006,September,9,10,Columbia,3,9,9,6,20,1,3,3,2,1,7,0,0,6,7,5,13,1
2006,September,9,11,Cortland,7,14,10,1,16,1,5,7,2,1,9,0,2,7,8,0,7,1
2006,September,9,12,Delaware,3,5,3,0,13,0,3,1,2,0,9,0,0,4,1,0,4,0
2006,September,9,13,Dutchess,13,46,12,15,68,11,11,30,6,2,31,4,2,16,6,13,37,7
2006,September,9,14,Erie,139,264,122,184,401,32,57,110,33,61,156,14,82,154,89,123,245,18
2006,September,9,15,Essex,2,4,1,3,12,1,2,3,1,0,6,1,0,1,0,3,6,0
2006,September,9,16,Franklin,3,13,2,11,16,2,3,9,1,4,8,1,0,4,1,7,8,1
2006,September,9,17,Fulton,13,14,6,4,46,1,7,6,4,1,24,0,6,8,2,3,22,1
2006,September,9,18,Genesee,7,9,4,2,17,0,6,8,0,0,6,0,1,1,4,2,11,0
2006,September,9,19,Greene,1,18,10,3,16,2,1,10,4,0,9,0,0,8,6,3,7,2
2006,September,9,20,Hamilton,0,0,0,0,1,0,0,0,0,0,0,0,0,0,0,0,1,0
2006,September,9,21,Herkimer,4,18,8,9,29,3,2,11,3,5,14,2,2,7,5,4,15,1
2006,September,9,22,Jefferson,16,40,14,5,49,6,12,13,2,2,19,3,4,27,12,3,30,3
2006,September,9,23,Lewis,4,3,1,2,1,1,4,1,1,0,0,0,0,2,0,2,1,1
2006,September,9,24,Livingston,11,18,12,12,33,1,8,5,5,2,9,0,3,13,7,10,24,1
2006,September,9,25,Madison,2,4,3,0,7,1,1,1,2,0,1,1,1,3,1,0,6,0
2006,September,9,26,Monroe,55,225,105,63,625,57,39,101,42,11,192,8,16,124,63,52,433,49
2006,September,9,27,Montgomery,9,13,18,7,19,4,6,7,8,3,11,2,3,6,10,4,8,2
2006,September,9,28,Nassau,28,128,72,74,273,26,19,59,22,21,83,6,9,69,50,53,190,20
2006,September,9,66,New York City,555,2741,1461,2347,6232,1330,360,828,508,269,2260,243,195,1913,953,2078,3972,1087
2006,September,9,29,Niagara,26,70,27,22,153,16,16,31,10,5,50,4,10,39,17,17,103,12
2006,September,9,30,Oneida,11,53,32,13,64,6,9,29,11,2,24,2,2,24,21,11,40,4
2006,September,9,31,Onondaga,60,148,45,61,385,16,40,76,18,29,226,6,20,72,27,32,159,10
2006,September,9,32,Ontario,5,33,13,14,34,5,2,14,4,5,12,2,3,19,9,9,22,3
2006,September,9,33,Orange,16,43,30,10,99,11,11,23,13,2,44,5,5,20,17,8,55,6
2006,September,9,34,Orleans,6,17,12,13,20,4,3,7,3,6,4,3,3,10,9,7,16,1
2006,September,9,35,Oswego,17,13,19,18,57,10,15,7,11,4,31,4,2,6,8,14,26,6
2006,September,9,36,Otsego,0,4,3,0,7,2,0,1,2,0,5,1,0,3,1,0,2,1
2006,September,9,37,Putnam,0,0,2,0,5,2,0,0,0,0,1,1,0,0,2,0,4,1
2006,September,9,38,Rensselaer,13,45,27,13,58,1,11,28,18,2,40,0,2,17,9,11,18,1
2006,September,9,39,Rockland,10,28,9,5,28,5,4,13,2,1,14,2,6,15,7,4,14,3
2006,September,9,41,Saratoga,4,4,2,0,10,0,3,0,0,0,2,0,1,4,2,0,8,0
2006,September,9,42,Schenectady,7,34,22,13,37,4,5,18,9,6,20,2,2,16,13,7,17,2
2006,September,9,43,Schoharie,2,5,5,3,6,1,1,0,2,1,3,0,1,5,3,2,3,1
2006,September,9,44,Schuyler,1,6,6,2,9,1,1,2,3,0,3,0,0,4,3,2,6,1
2006,September,9,45,Seneca,5,1,2,0,1,0,4,0,1,0,1,0,1,1,1,0,0,0
2006,September,9,46,Steuben,14,40,13,8,34,1,9,17,8,2,18,0,5,23,5,6,16,1
2006,September,9,40,St. Lawrence,21,36,8,4,52,5,15,22,1,0,27,2,6,14,7,4,25,3
2006,September,9,47,Suffolk,60,142,126,117,643,28,39,56,27,17,183,5,21,86,99,100,460,23
2006,September,9,48,Sullivan,10,11,16,13,22,3,8,7,5,5,12,1,2,4,11,8,10,2
2006,September,9,49,Tioga,8,10,11,1,6,1,6,5,6,0,4,0,2,5,5,1,2,1
2006,September,9,50,Tompkins,8,24,10,15,50,3,4,8,1,3,14,1,4,16,9,12,36,2
2006,September,9,51,Ulster,16,43,34,3,61,9,9,21,14,0,21,3,7,22,20,3,40,6
2006,September,9,52,Warren,5,15,6,6,10,2,1,5,3,1,3,0,4,10,3,5,7,2
2006,September,9,53,Washington,1,16,7,15,10,2,1,6,3,6,5,1,0,10,4,9,5,1
2006,September,9,54,Wayne,5,23,4,7,21,1,4,10,1,1,12,0,1,13,3,6,9,1
2006,September,9,55,Westchester,38,137,114,79,609,39,27,60,21,22,194,7,11,77,93,57,415,32
2006,September,9,56,Wyoming,9,17,3,3,4,1,5,14,1,1,0,0,4,3,2,2,4,1
2006,September,9,57,Yates,0,13,2,4,2,0,0,6,2,1,0,0,0,7,0,3,2,0
2006,August,8,1,Albany,16,90,103,27,139,11,13,56,40,8,63,5,3,34,63,19,76,6
2006,August,8,2,Allegany,12,25,7,7,11,1,7,12,7,0,6,0,5,13,0,7,5,1
2006,August,8,3,Broome,51,117,76,50,121,11,30,59,29,7,59,6,21,58,47,43,62,5
2006,August,8,4,Cattaraugus,22,23,10,14,21,2,13,5,3,2,9,0,9,18,7,12,12,2
2006,August,8,5,Cayuga,4,16,6,5,11,4,4,9,4,2,8,0,0,7,2,3,3,4
2006,August,8,6,Chautauqua,14,69,48,25,50,1,9,35,27,8,23,1,5,34,21,17,27,0
2006,August,8,7,Chemung,8,37,19,4,95,5,6,14,6,0,49,2,2,23,13,4,46,3
2006,August,8,8,Chenango,5,9,3,0,7,0,4,3,1,0,6,0,1,6,2,0,1,0
2006,August,8,9,Clinton,10,20,15,6,41,5,5,13,2,0,14,2,5,7,13,6,27,3
2006,August,8,10,Columbia,11,17,5,2,30,3,7,7,1,0,13,2,4,10,4,2,17,1
2006,August,8,11,Cortland,5,18,6,0,11,1,5,12,1,0,4,0,0,6,5,0,7,1
2006,August,8,12,Delaware,2,7,4,3,10,2,2,2,3,2,6,0,0,5,1,1,4,2
2006,August,8,13,Dutchess,15,42,25,14,70,9,11,18,7,3,36,4,4,24,18,11,34,5
2006,August,8,14,Erie,139,244,125,165,444,36,56,105,36,42,166,15,83,139,89,123,278,21
2006,August,8,15,Essex,2,6,5,2,19,0,1,5,3,0,10,0,1,1,2,2,9,0
2006,August,8,16,Franklin,7,17,4,9,27,1,2,9,2,2,9,0,5,8,2,7,18,1
2006,August,8,17,Fulton,7,15,10,4,53,3,5,4,3,0,30,1,2,11,7,4,23,2
2006,August,8,18,Genesee,6,8,6,2,19,2,5,3,2,1,11,1,1,5,4,1,8,1
2006,August,8,19,Greene,4,14,9,4,19,2,3,8,5,1,5,0,1,6,4,3,14,2
2006,August,8,20,Hamilton,0,3,0,0,1,0,0,2,0,0,0,0,0,1,0,0,1,0
2006,August,8,21,Herkimer,7,18,5,5,25,1,4,14,2,2,14,1,3,4,3,3,11,0
2006,August,8,22,Jefferson,14,27,24,4,44,7,12,4,3,0,12,1,2,23,21,4,32,6
2006,August,8,23,Lewis,2,2,1,2,7,1,2,0,0,0,3,1,0,2,1,2,4,0
2006,August,8,24,Livingston,8,24,14,12,31,2,5,10,3,3,10,0,3,14,11,9,21,2
2006,August,8,25,Madison,2,7,2,0,6,2,1,4,2,0,5,2,1,3,0,0,1,0
2006,August,8,26,Monroe,50,200,112,47,628,73,25,69,34,5,190,7,25,131,78,42,438,66
2006,August,8,27,Montgomery,11,19,16,7,16,2,7,5,4,2,7,0,4,14,12,5,9,2
2006,August,8,28,Nassau,34,100,91,67,347,26,27,46,31,18,114,7,7,54,60,49,233,19
2006,August,8,66,New York City,678,3476,1893,2622,6091,1503,406,972,628,255,1906,314,272,2504,1265,2367,4185,1189
2006,August,8,29,Niagara,31,73,18,50,171,19,21,33,5,10,61,7,10,40,13,40,110,12
2006,August,8,30,Oneida,14,53,32,16,69,9,9,20,15,3,42,4,5,33,17,13,27,5
2006,August,8,31,Onondaga,43,129,67,74,371,14,33,54,27,30,196,6,10,75,40,44,175,8
2006,August,8,32,Ontario,11,37,22,13,44,6,7,17,7,2,12,2,4,20,15,11,32,4
2006,August,8,33,Orange,14,35,44,16,111,5,11,13,15,5,36,1,3,22,29,11,75,4
2006,August,8,34,Orleans,7,31,4,11,17,2,4,13,1,2,5,0,3,18,3,9,12,2
2006,August,8,35,Oswego,23,24,4,13,43,6,19,12,2,4,24,1,4,12,2,9,19,5
2006,August,8,36,Otsego,3,7,1,3,8,1,3,2,1,0,6,0,0,5,0,3,2,1
2006,August,8,37,Putnam,2,6,6,1,2,0,2,1,3,0,0,0,0,5,3,1,2,0
2006,August,8,38,Rensselaer,18,44,23,12,69,2,15,31,16,1,53,1,3,13,7,11,16,1
2006,August,8,39,Rockland,11,25,15,8,46,11,6,10,8,2,19,3,5,15,7,6,27,8
2006,August,8,41,Saratoga,7,6,5,0,8,1,5,1,2,0,6,0,2,5,3,0,2,1
2006,August,8,42,Schenectady,8,34,24,14,43,1,7,11,12,5,21,0,1,23,12,9,22,1
2006,August,8,43,Schoharie,2,4,4,0,5,1,1,1,2,0,3,1,1,3,2,0,2,0
2006,August,8,44,Schuyler,3,2,7,1,9,3,2,2,4,0,6,0,1,0,3,1,3,3
2006,August,8,45,Seneca,5,5,3,0,2,1,3,3,1,0,1,1,2,2,2,0,1,0
2006,August,8,46,Steuben,11,21,23,10,55,1,9,7,9,1,31,1,2,14,14,9,24,0
2006,August,8,40,St. Lawrence,14,28,14,7,37,7,12,12,3,3,21,2,2,16,11,4,16,5
2006,August,8,47,Suffolk,73,164,105,73,639,24,35,44,26,11,161,4,38,120,79,62,478,20
2006,August,8,48,Sullivan,11,26,11,19,30,3,8,16,5,8,12,1,3,10,6,11,18,2
2006,August,8,49,Tioga,5,10,8,1,5,3,2,6,1,1,2,0,3,4,7,0,3,3
2006,August,8,50,Tompkins,10,37,16,16,54,3,7,14,2,3,15,1,3,23,14,13,39,2
2006,August,8,51,Ulster,16,51,26,1,59,15,13,24,13,0,29,6,3,27,13,1,30,9
2006,August,8,52,Warren,4,16,1,5,14,0,2,6,1,2,3,0,2,10,0,3,11,0
2006,August,8,53,Washington,3,13,9,16,16,2,2,9,2,9,4,1,1,4,7,7,12,1
2006,August,8,54,Wayne,8,19,6,5,23,2,7,5,1,0,9,0,1,14,5,5,14,2
2006,August,8,55,Westchester,31,129,143,89,677,22,17,42,30,16,230,9,14,87,113,73,447,13
2006,August,8,56,Wyoming,8,5,3,2,5,0,3,3,1,0,2,0,5,2,2,2,3,0
2006,August,8,57,Yates,1,11,1,0,6,0,1,7,1,0,5,0,0,4,0,0,1,0
2006,July,7,1,Albany,16,81,99,35,160,22,7,57,39,5,78,3,9,24,60,30,82,19
2006,July,7,2,Allegany,7,14,5,7,9,1,4,8,3,2,6,0,3,6,2,5,3,1
2006,July,7,3,Broome,35,93,38,34,127,15,23,41,11,9,58,11,12,52,27,25,69,4
2006,July,7,4,Cattaraugus,15,11,1,8,16,2,6,5,1,2,4,1,9,6,0,6,12,1
2006,July,7,5,Cayuga,4,12,5,4,9,4,3,9,1,2,4,2,1,3,4,2,5,2
2006,July,7,6,Chautauqua,18,58,33,16,46,10,12,29,14,4,15,7,6,29,19,12,31,3
2006,July,7,7,Chemung,18,40,26,4,64,5,12,13,10,1,29,1,6,27,16,3,35,4
2006,July,7,8,Chenango,1,5,1,2,8,1,1,1,0,0,3,0,0,4,1,2,5,1
2006,July,7,9,Clinton,10,30,14,12,37,2,5,18,5,7,14,2,5,12,9,5,23,0
2006,July,7,10,Columbia,4,7,6,2,27,4,3,6,1,1,16,0,1,1,5,1,11,4
2006,July,7,11,Cortland,4,9,6,0,4,2,3,7,3,0,3,0,1,2,3,0,1,2
2006,July,7,12,Delaware,2,7,3,1,13,1,0,2,0,0,8,0,2,5,3,1,5,1
2006,July,7,13,Dutchess,9,40,16,16,87,12,5,11,5,4,39,6,4,29,11,12,48,6
2006,July,7,14,Erie,149,214,112,156,397,28,54,81,39,42,142,9,95,133,73,114,255,19
2006,July,7,15,Essex,2,7,4,0,17,0,2,2,1,0,11,0,0,5,3,0,6,0
2006,July,7,16,Franklin,6,10,5,11,17,3,4,6,3,1,8,3,2,4,2,10,9,0
2006,July,7,17,Fulton,6,12,7,1,22,3,3,6,4,0,10,2,3,6,3,1,12,1
2006,July,7,18,Genesee,0,12,4,5,27,0,0,7,4,1,15,0,0,5,0,4,12,0
2006,July,7,19,Greene,9,15,8,2,14,0,5,7,4,1,7,0,4,8,4,1,7,0
2006,July,7,20,Hamilton,2,1,1,0,1,0,2,0,1,0,1,0,0,1,0,0,0,0
2006,July,7,21,Herkimer,7,15,4,7,20,2,5,10,1,4,9,0,2,5,3,3,11,2
2006,July,7,22,Jefferson,18,20,15,11,57,3,11,7,6,1,23,3,7,13,9,10,34,0
2006,July,7,23,Lewis,3,5,3,0,6,2,2,4,1,0,1,0,1,1,2,0,5,2
2006,July,7,24,Livingston,6,19,10,8,36,3,5,9,4,0,20,0,1,10,6,8,16,3
2006,July,7,25,Madison,4,7,0,1,11,1,3,2,0,0,6,0,1,5,0,1,5,1
2006,July,7,26,Monroe,57,240,131,61,660,36,39,78,52,7,238,7,18,162,79,54,422,29
2006,July,7,27,Montgomery,4,12,17,6,22,3,2,8,5,1,9,0,2,4,12,5,13,3
2006,July,7,28,Nassau,20,112,69,49,263,32,9,41,18,10,92,9,11,71,51,39,171,23
2006,July,7,66,New York City,516,3464,1814,2631,6940,1172,327,1067,624,214,2243,204,189,2397,1190,2417,4697,968
2006,July,7,29,Niagara,27,67,14,44,166,12,12,29,5,9,72,5,15,38,9,35,94,7
2006,July,7,30,Oneida,17,62,37,12,81,11,12,32,14,2,35,5,5,30,23,10,46,6
2006,July,7,31,Onondaga,35,114,53,53,362,18,23,46,28,15,200,9,12,68,25,38,162,9
2006,July,7,32,Ontario,15,25,16,9,47,4,10,8,8,2,17,1,5,17,8,7,30,3
2006,July,7,33,Orange,17,34,42,14,111,3,9,16,14,3,50,2,8,18,28,11,61,1
2006,July,7,34,Orleans,0,16,9,7,18,3,0,10,5,1,7,1,0,6,4,6,11,2
2006,July,7,35,Oswego,14,13,5,15,38,8,9,4,3,4,16,4,5,9,2,11,22,4
2006,July,7,36,Otsego,0,3,1,0,4,1,0,0,0,0,2,0,0,3,1,0,2,1
2006,July,7,37,Putnam,0,2,0,2,6,1,0,1,0,0,3,0,0,1,0,2,3,1
2006,July,7,38,Rensselaer,11,59,22,7,81,3,9,40,16,2,55,3,2,19,6,5,26,0
2006,July,7,39,Rockland,10,21,9,7,48,4,5,9,4,4,20,2,5,12,5,3,28,2
2006,July,7,41,Saratoga,7,6,2,2,3,0,5,2,2,0,1,0,2,4,0,2,2,0
2006,July,7,42,Schenectady,6,41,33,13,41,3,5,22,14,6,23,3,1,19,19,7,18,0
2006,July,7,43,Schoharie,0,4,1,0,4,1,0,0,1,0,0,1,0,4,0,0,4,0
2006,July,7,44,Schuyler,2,7,6,2,7,0,0,2,5,0,4,0,2,5,1,2,3,0
2006,July,7,45,Seneca,4,2,2,0,0,0,3,1,0,0,0,0,1,1,2,0,0,0
2006,July,7,46,Steuben,9,35,15,12,45,0,5,18,7,2,26,0,4,17,8,10,19,0
2006,July,7,40,St. Lawrence,22,35,15,9,53,2,15,22,5,1,32,1,7,13,10,8,21,1
2006,July,7,47,Suffolk,52,140,110,85,637,24,27,53,37,13,168,3,25,87,73,72,469,21
2006,July,7,48,Sullivan,3,16,14,13,31,1,2,6,5,4,16,0,1,10,9,9,15,1
2006,July,7,49,Tioga,13,15,8,2,5,0,9,4,6,0,2,0,4,11,2,2,3,0
2006,July,7,50,Tompkins,7,31,14,14,53,6,6,9,5,5,29,1,1,22,9,9,24,5
2006,July,7,51,Ulster,17,38,23,1,77,11,10,18,13,0,37,8,7,20,10,1,40,3
2006,July,7,52,Warren,3,10,7,5,9,0,1,6,2,1,1,0,2,4,5,4,8,0
2006,July,7,53,Washington,3,10,7,11,13,1,2,6,3,6,5,0,1,4,4,5,8,1
2006,July,7,54,Wayne,4,17,8,7,28,3,2,8,4,3,11,0,2,9,4,4,17,3
2006,July,7,55,Westchester,33,111,128,132,566,31,18,36,23,21,169,6,15,75,105,111,397,25
2006,July,7,56,Wyoming,2,5,1,2,2,4,1,4,1,0,1,1,1,1,0,2,1,3
2006,July,7,57,Yates,2,11,2,1,5,0,2,5,0,1,2,0,0,6,2,0,3,0
2006,June,6,1,Albany,33,97,99,22,214,19,17,52,31,4,102,8,16,45,68,18,112,11
2006,June,6,2,Allegany,10,19,9,11,9,2,7,8,5,5,5,0,3,11,4,6,4,2
2006,June,6,3,Broome,26,95,42,26,125,9,19,41,13,8,57,2,7,54,29,18,68,7
2006,June,6,4,Cattaraugus,16,25,7,8,30,2,8,5,4,4,10,1,8,20,3,4,20,1
2006,June,6,5,Cayuga,6,13,2,3,12,3,3,6,2,1,4,0,3,7,0,2,8,3
2006,June,6,6,Chautauqua,22,51,26,17,50,11,17,24,10,1,25,10,5,27,16,16,25,1
2006,June,6,7,Chemung,20,36,22,4,101,5,11,18,9,3,59,2,9,18,13,1,42,3
2006,June,6,8,Chenango,3,5,1,5,10,3,3,1,1,1,6,2,0,4,0,4,4,1
2006,June,6,9,Clinton,18,31,13,9,46,8,14,16,7,2,16,2,4,15,6,7,30,6
2006,June,6,10,Columbia,12,13,8,5,20,3,7,7,3,0,6,0,5,6,5,5,14,3
2006,June,6,11,Cortland,7,9,6,1,10,1,2,4,2,0,3,1,5,5,4,1,7,0
2006,June,6,12,Delaware,1,13,6,0,12,1,0,6,4,0,6,1,1,7,2,0,6,0
2006,June,6,13,Dutchess,10,45,16,23,75,6,6,24,5,8,31,4,4,21,11,15,44,2
2006,June,6,14,Erie,242,270,158,165,388,34,57,115,52,32,128,10,185,155,106,133,260,24
2006,June,6,15,Essex,4,6,0,3,18,1,1,3,0,0,13,0,3,3,0,3,5,1
2006,June,6,16,Franklin,13,15,7,11,14,2,5,7,3,4,4,1,8,8,4,7,10,1
2006,June,6,17,Fulton,5,17,6,5,39,2,2,10,2,0,18,1,3,7,4,5,21,1
2006,June,6,18,Genesee,4,13,4,1,15,1,3,5,0,1,7,1,1,8,4,0,8,0
2006,June,6,19,Greene,2,26,9,0,11,3,1,7,2,0,3,1,1,19,7,0,8,2
2006,June,6,20,Hamilton,1,1,0,0,0,0,1,0,0,0,0,0,0,1,0,0,0,0
2006,June,6,21,Herkimer,12,13,3,8,27,4,7,10,2,5,12,3,5,3,1,3,15,1
2006,June,6,22,Jefferson,26,38,11,8,49,5,19,13,3,2,11,2,7,25,8,6,38,3
2006,June,6,23,Lewis,4,2,0,0,9,3,4,0,0,0,5,0,0,2,0,0,4,3
2006,June,6,24,Livingston,12,23,7,7,38,5,8,11,1,2,18,0,4,12,6,5,20,5
2006,June,6,25,Madison,3,8,2,1,11,2,3,6,1,0,6,1,0,2,1,1,5,1
2006,June,6,26,Monroe,58,200,115,64,611,88,33,74,29,8,167,14,25,126,86,56,444,74
2006,June,6,27,Montgomery,8,15,4,5,25,1,5,4,0,2,12,1,3,11,4,3,13,0
2006,June,6,28,Nassau,35,111,80,76,320,32,23,46,31,13,99,10,12,65,49,63,221,22
2006,June,6,66,New York City,563,3286,1832,2386,5672,1283,339,1005,572,186,1840,238,224,2281,1260,2200,3832,1045
2006,June,6,29,Niagara,30,68,22,63,200,11,22,48,8,14,64,6,8,20,14,49,136,5
2006,June,6,30,Oneida,16,64,38,18,67,9,12,27,17,4,40,7,4,37,21,14,27,2
2006,June,6,31,Onondaga,45,139,61,65,418,20,32,65,23,19,236,11,13,74,38,46,182,9
2006,June,6,32,Ontario,8,26,30,7,45,5,5,10,11,2,14,1,3,16,19,5,31,4
2006,June,6,33,Orange,14,57,29,17,100,11,8,25,4,3,41,6,6,32,25,14,59,5
2006,June,6,34,Orleans,8,32,9,12,28,2,6,17,3,3,10,2,2,15,6,9,18,0
2006,June,6,35,Oswego,14,22,9,5,38,6,11,9,1,1,25,4,3,13,8,4,13,2
2006,June,6,36,Otsego,6,7,2,0,7,1,5,3,1,0,5,0,1,4,1,0,2,1
2006,June,6,37,Putnam,1,8,2,2,5,3,1,5,0,1,1,3,0,3,2,1,4,0
2006,June,6,38,Rensselaer,8,49,23,6,72,1,8,30,16,3,53,1,0,19,7,3,19,0
2006,June,6,39,Rockland,6,21,11,12,45,9,4,6,3,5,9,3,2,15,8,7,36,6
2006,June,6,41,Saratoga,8,2,2,1,4,1,6,1,1,0,1,0,2,1,1,1,3,1
2006,June,6,42,Schenectady,10,46,32,7,69,6,9,20,17,2,24,3,1,26,15,5,45,3
2006,June,6,43,Schoharie,1,4,3,2,8,1,1,2,2,0,3,0,0,2,1,2,5,1
2006,June,6,44,Schuyler,0,6,1,0,9,0,0,5,0,0,8,0,0,1,1,0,1,0
2006,June,6,45,Seneca,4,7,4,0,3,0,4,2,0,0,1,0,0,5,4,0,2,0
2006,June,6,46,Steuben,16,31,8,11,43,4,5,17,3,0,19,1,11,14,5,11,24,3
2006,June,6,40,St. Lawrence,10,47,15,8,41,6,5,23,3,4,26,2,5,24,12,4,15,4
2006,June,6,47,Suffolk,62,168,126,104,635,32,34,62,40,22,169,3,28,106,86,82,466,29
2006,June,6,48,Sullivan,4,24,13,10,27,2,2,13,5,1,15,0,2,11,8,9,12,2
2006,June,6,49,Tioga,12,21,8,9,12,0,9,14,4,4,8,0,3,7,4,5,4,0
2006,June,6,50,Tompkins,11,29,17,3,48,10,4,12,2,0,11,1,7,17,15,3,37,9
2006,June,6,51,Ulster,20,37,24,0,68,13,14,18,3,0,32,6,6,19,21,0,36,7
2006,June,6,52,Warren,4,21,8,5,12,0,2,6,4,4,3,0,2,15,4,1,9,0
2006,June,6,53,Washington,4,12,8,9,16,6,2,5,2,4,6,3,2,7,6,5,10,3
2006,June,6,54,Wayne,7,28,13,10,29,2,4,9,4,2,9,0,3,19,9,8,20,2
2006,June,6,55,Westchester,36,153,145,113,542,28,23,65,26,15,206,7,13,88,119,98,336,21
2006,June,6,56,Wyoming,5,6,1,3,5,1,0,1,1,1,1,1,5,5,0,2,4,0
2006,June,6,57,Yates,2,6,3,0,10,0,2,2,0,0,4,0,0,4,3,0,6,0
2006,May,5,1,Albany,20,90,94,21,177,16,10,38,47,1,79,4,10,52,47,20,98,12
2006,May,5,2,Allegany,11,15,6,9,13,0,6,8,3,0,7,0,5,7,3,9,6,0
2006,May,5,3,Broome,38,115,44,17,134,17,23,49,9,4,57,4,15,66,35,13,77,13
2006,May,5,4,Cattaraugus,18,22,6,8,30,1,14,6,2,2,9,0,4,16,4,6,21,1
2006,May,5,5,Cayuga,6,21,6,2,9,3,5,14,2,1,5,0,1,7,4,1,4,3
2006,May,5,6,Chautauqua,26,53,24,11,41,11,12,17,12,3,19,8,14,36,12,8,22,3
2006,May,5,7,Chemung,21,39,22,9,68,8,10,12,6,2,36,1,11,27,16,7,32,7
2006,May,5,8,Chenango,5,14,5,3,11,2,5,5,1,0,6,0,0,9,4,3,5,2
2006,May,5,9,Clinton,12,23,11,10,35,4,5,5,4,2,18,1,7,18,7,8,17,3
2006,May,5,10,Columbia,7,29,8,3,20,1,4,11,3,1,10,1,3,18,5,2,10,0
2006,May,5,11,Cortland,5,6,2,1,6,0,4,3,0,0,3,0,1,3,2,1,3,0
2006,May,5,12,Delaware,1,9,4,0,15,0,0,2,1,0,8,0,1,7,3,0,7,0
2006,May,5,13,Dutchess,14,36,29,21,73,3,10,17,13,3,21,2,4,19,16,18,52,1
2006,May,5,14,Erie,195,276,142,178,425,31,58,118,36,41,143,11,137,158,106,137,282,20
2006,May,5,15,Essex,8,7,1,1,12,2,7,2,1,0,9,1,1,5,0,1,3,1
2006,May,5,16,Franklin,6,10,5,9,20,2,5,5,3,2,8,0,1,5,2,7,12,2
2006,May,5,17,Fulton,7,18,5,3,34,4,4,11,2,0,14,2,3,7,3,3,20,2
2006,May,5,18,Genesee,3,22,2,2,14,4,2,10,0,0,2,3,1,12,2,2,12,1
2006,May,5,19,Greene,5,18,11,2,17,1,3,6,8,0,11,0,2,12,3,2,6,1
2006,May,5,20,Hamilton,1,0,0,1,1,1,1,0,0,0,0,0,0,0,0,1,1,1
2006,May,5,21,Herkimer,3,20,3,5,27,1,3,9,1,2,7,0,0,11,2,3,20,1
2006,May,5,22,Jefferson,26,42,10,14,63,7,15,13,1,8,23,1,11,29,9,6,40,6
2006,May,5,23,Lewis,2,2,1,0,6,1,1,0,0,0,5,1,1,2,1,0,1,0
2006,May,5,24,Livingston,16,18,10,7,54,1,9,8,2,3,24,0,7,10,8,4,30,1
2006,May,5,25,Madison,1,9,1,0,7,1,1,5,1,0,4,1,0,4,0,0,3,0
2006,May,5,26,Monroe,43,159,96,51,525,46,21,72,21,2,151,14,22,87,75,49,374,32
2006,May,5,27,Montgomery,8,18,14,13,28,4,2,9,1,2,18,3,6,9,13,11,10,1
2006,May,5,28,Nassau,41,115,72,47,313,25,29,43,20,10,79,10,12,72,52,37,234,15
2006,May,5,66,New York City,558,4284,1725,3052,7200,1238,364,1276,505,235,2387,256,194,3008,1220,2817,4813,982
2006,May,5,29,Niagara,35,83,24,47,182,9,15,46,9,12,57,4,20,37,15,35,125,5
2006,May,5,30,Oneida,27,61,24,10,57,8,15,35,11,1,37,4,12,26,13,9,20,4
2006,May,5,31,Onondaga,34,148,42,74,375,19,25,69,15,29,200,11,9,79,27,45,175,8
2006,May,5,32,Ontario,13,25,20,16,42,4,7,5,4,4,19,1,6,20,16,12,23,3
2006,May,5,33,Orange,20,56,37,6,93,8,12,22,11,1,36,4,8,34,26,5,57,4
2006,May,5,34,Orleans,5,20,6,10,18,3,5,8,0,6,5,1,0,12,6,4,13,2
2006,May,5,35,Oswego,15,31,8,16,57,7,11,18,3,3,30,1,4,13,5,13,27,6
2006,May,5,36,Otsego,0,2,0,2,10,1,0,1,0,0,5,1,0,1,0,2,5,0
2006,May,5,37,Putnam,1,6,0,1,4,1,0,3,0,0,2,0,1,3,0,1,2,1
2006,May,5,38,Rensselaer,14,38,26,7,48,2,9,32,16,3,33,1,5,6,10,4,15,1
2006,May,5,39,Rockland,12,32,13,13,44,6,6,14,6,2,16,3,6,18,7,11,28,3
2006,May,5,41,Saratoga,7,8,6,1,9,0,6,1,1,0,7,0,1,7,5,1,2,0
2006,May,5,42,Schenectady,8,42,36,17,66,2,6,14,14,5,27,2,2,28,22,12,39,0
2006,May,5,43,Schoharie,1,7,4,1,9,0,1,4,2,0,6,0,0,3,2,1,3,0
2006,May,5,44,Schuyler,1,6,7,0,12,3,1,2,5,0,5,0,0,4,2,0,7,3
2006,May,5,45,Seneca,3,8,3,0,2,0,3,4,2,0,0,0,0,4,1,0,2,0
2006,May,5,46,Steuben,12,38,17,13,30,0,8,14,4,3,18,0,4,24,13,10,12,0
2006,May,5,40,St. Lawrence,26,39,18,8,51,2,20,17,3,1,26,0,6,22,15,7,25,2
2006,May,5,47,Suffolk,50,130,127,104,648,20,28,48,33,10,154,4,22,82,94,94,494,16
2006,May,5,48,Sullivan,7,25,9,16,29,2,4,17,4,8,13,0,3,8,5,8,16,2
2006,May,5,49,Tioga,8,14,7,5,12,0,7,5,4,2,8,0,1,9,3,3,4,0
2006,May,5,50,Tompkins,7,43,18,3,45,5,2,9,4,1,13,2,5,34,14,2,32,3
2006,May,5,51,Ulster,12,47,27,3,71,24,8,24,12,0,39,8,4,23,15,3,32,16
2006,May,5,52,Warren,9,15,8,6,19,2,6,5,1,2,5,2,3,10,7,4,14,0
2006,May,5,53,Washington,8,14,14,5,22,4,4,10,4,2,9,0,4,4,10,3,13,4
2006,May,5,54,Wayne,9,10,14,6,30,1,6,2,4,0,11,0,3,8,10,6,19,1
2006,May,5,55,Westchester,39,126,182,77,602,24,23,57,33,9,218,5,16,69,149,68,384,19
2006,May,5,56,Wyoming,3,8,7,3,7,1,2,2,0,0,1,0,1,6,7,3,6,1
2006,May,5,57,Yates,4,8,4,0,4,1,3,4,3,0,3,0,1,4,1,0,1,1
2006,April,4,1,Albany,23,99,105,26,175,21,14,54,33,1,79,5,9,45,72,25,96,16
2006,April,4,2,Allegany,8,18,11,10,17,1,5,10,6,1,11,0,3,8,5,9,6,1
2006,April,4,3,Broome,38,115,52,29,119,8,28,39,18,4,50,1,10,76,34,25,69,7
2006,April,4,4,Cattaraugus,9,19,5,10,19,1,6,6,2,2,6,0,3,13,3,8,13,1
2006,April,4,5,Cayuga,5,14,1,5,9,2,5,7,0,0,4,1,0,7,1,5,5,1
2006,April,4,6,Chautauqua,13,44,36,13,38,8,8,24,13,4,17,4,5,20,23,9,21,4
2006,April,4,7,Chemung,11,29,27,7,56,10,9,11,6,0,36,3,2,18,21,7,20,7
2006,April,4,8,Chenango,3,5,1,2,11,0,2,1,0,1,5,0,1,4,1,1,6,0
2006,April,4,9,Clinton,13,26,13,6,30,6,7,7,6,1,11,0,6,19,7,5,19,6
2006,April,4,10,Columbia,3,12,6,1,22,2,1,7,1,0,11,1,2,5,5,1,11,1
2006,April,4,11,Cortland,6,10,7,2,6,2,3,3,5,0,3,0,3,7,2,2,3,2
2006,April,4,12,Delaware,8,5,0,2,13,0,5,2,0,1,11,0,3,3,0,1,2,0
2006,April,4,13,Dutchess,12,41,18,20,66,8,8,15,2,3,26,4,4,26,16,17,40,4
2006,April,4,14,Erie,198,224,89,132,350,29,52,98,31,29,133,9,146,126,58,103,217,20
2006,April,4,15,Essex,6,5,8,2,7,1,4,4,4,1,4,1,2,1,4,1,3,0
2006,April,4,16,Franklin,7,13,9,12,17,1,5,4,5,3,7,0,2,9,4,9,10,1
2006,April,4,17,Fulton,9,21,5,5,38,1,7,11,1,4,19,0,2,10,4,1,19,1
2006,April,4,18,Genesee,4,17,4,1,20,5,2,9,1,0,9,1,2,8,3,1,11,4
2006,April,4,19,Greene,6,20,10,6,18,0,2,5,2,0,5,0,4,15,8,6,13,0
2006,April,4,20,Hamilton,0,1,0,0,0,1,0,1,0,0,0,0,0,0,0,0,0,1
2006,April,4,21,Herkimer,5,10,3,8,29,3,3,5,3,3,11,3,2,5,0,5,18,0
2006,April,4,22,Jefferson,20,24,14,12,48,11,7,8,3,2,18,2,13,16,11,10,30,9
2006,April,4,23,Lewis,2,3,1,0,8,4,1,0,1,0,5,2,1,3,0,0,3,2
2006,April,4,24,Livingston,6,21,9,6,43,0,3,11,6,1,15,0,3,10,3,5,28,0
2006,April,4,25,Madison,5,9,2,0,6,0,3,3,0,0,5,0,2,6,2,0,1,0
2006,April,4,26,Monroe,44,215,85,28,656,69,23,75,21,5,214,8,21,140,64,23,442,61
2006,April,4,27,Montgomery,3,18,7,6,19,3,1,1,2,1,10,3,2,17,5,5,9,0
2006,April,4,28,Nassau,37,113,69,46,246,26,25,42,26,6,84,7,12,71,43,40,162,19
2006,April,4,66,New York City,456,2795,1388,2245,5469,1035,252,819,389,211,1798,204,204,1976,999,2034,3671,831
2006,April,4,29,Niagara,25,67,17,29,154,10,11,31,11,2,46,4,14,36,6,27,108,6
2006,April,4,30,Oneida,19,46,21,14,66,8,12,24,10,5,29,1,7,22,11,9,37,7
2006,April,4,31,Onondaga,28,141,66,57,381,26,20,66,29,18,216,14,8,75,37,39,165,12
2006,April,4,32,Ontario,10,30,17,12,40,11,8,13,7,1,11,3,2,17,10,11,29,8
2006,April,4,33,Orange,19,51,47,12,81,4,8,19,12,2,28,1,11,32,35,10,53,3
2006,April,4,34,Orleans,5,19,10,9,28,3,3,9,4,2,6,3,2,10,6,7,22,0
2006,April,4,35,Oswego,7,18,9,14,57,1,6,8,5,6,27,0,1,10,4,8,30,1
2006,April,4,36,Otsego,1,5,1,0,13,0,0,0,0,0,8,0,1,5,1,0,5,0
2006,April,4,37,Putnam,2,7,3,2,5,3,2,2,0,0,1,1,0,5,3,2,4,2
2006,April,4,38,Rensselaer,15,44,11,6,64,3,12,24,10,1,51,1,3,20,1,5,13,2
2006,April,4,39,Rockland,10,24,9,5,55,10,5,5,2,1,15,6,5,19,7,4,40,4
2006,April,4,41,Saratoga,10,1,2,1,10,1,8,1,1,0,3,0,2,0,1,1,7,1
2006,April,4,42,Schenectady,14,37,25,12,50,7,9,18,11,4,20,3,5,19,14,8,30,4
2006,April,4,43,Schoharie,1,3,1,0,4,2,1,0,0,0,2,0,0,3,1,0,2,2
2006,April,4,44,Schuyler,3,3,2,0,2,0,1,2,2,0,1,0,2,1,0,0,1,0
2006,April,4,45,Seneca,2,9,2,1,2,1,1,4,2,0,0,0,1,5,0,1,2,1
2006,April,4,46,Steuben,15,26,13,15,37,2,4,13,4,5,30,2,11,13,9,10,7,0
2006,April,4,40,St. Lawrence,18,30,12,16,40,2,10,16,4,3,22,1,8,14,8,13,18,1
2006,April,4,47,Suffolk,68,142,95,32,489,26,28,47,25,8,118,4,40,95,70,24,371,22
2006,April,4,48,Sullivan,6,30,13,21,30,3,5,16,3,3,10,1,1,14,10,18,20,2
2006,April,4,49,Tioga,12,12,6,4,8,2,11,6,2,1,5,0,1,6,4,3,3,2
2006,April,4,50,Tompkins,8,34,11,7,49,15,4,12,2,1,14,3,4,22,9,6,35,12
2006,April,4,51,Ulster,3,56,24,2,57,17,2,29,2,0,30,6,1,27,22,2,27,11
2006,April,4,52,Warren,12,15,12,12,8,2,7,5,4,2,4,1,5,10,8,10,4,1
2006,April,4,53,Washington,3,9,6,15,13,2,1,3,3,5,7,1,2,6,3,10,6,1
2006,April,4,54,Wayne,2,28,11,7,19,1,1,11,5,0,3,0,1,17,6,7,16,1
2006,April,4,55,Westchester,45,127,174,89,487,23,26,51,36,16,160,9,19,76,138,73,327,14
2006,April,4,56,Wyoming,4,7,2,2,8,0,1,3,0,0,4,0,3,4,2,2,4,0
2006,April,4,57,Yates,0,9,1,2,2,1,0,4,0,0,2,0,0,5,1,2,0,1
2006,March,3,1,Albany,25,108,84,25,208,12,18,56,25,5,84,5,7,52,59,20,124,7
2006,March,3,2,Allegany,12,22,8,8,14,0,11,8,3,0,6,0,1,14,5,8,8,0
2006,March,3,3,Broome,45,88,35,23,148,9,25,38,15,5,60,3,20,50,20,18,88,6
2006,March,3,4,Cattaraugus,9,17,10,3,22,0,8,5,5,1,9,0,1,12,5,2,13,0
2006,March,3,5,Cayuga,11,9,4,1,9,0,5,4,2,0,3,0,6,5,2,1,6,0
2006,March,3,6,Chautauqua,32,67,38,19,44,8,24,32,12,4,25,4,8,35,26,15,19,4
2006,March,3,7,Chemung,16,23,23,8,69,2,8,12,7,2,45,1,8,11,16,6,24,1
2006,March,3,8,Chenango,2,17,3,1,9,2,2,4,2,1,5,1,0,13,1,0,4,1
2006,March,3,9,Clinton,19,28,12,5,49,9,13,9,4,1,25,1,6,19,8,4,24,8
2006,March,3,10,Columbia,4,12,10,6,15,0,3,6,4,2,4,0,1,6,6,4,11,0
2006,March,3,11,Cortland,6,19,6,0,15,7,6,13,3,0,8,3,0,6,3,0,7,4
2006,March,3,12,Delaware,8,4,2,0,18,1,7,1,1,0,9,0,1,3,1,0,9,1
2006,March,3,13,Dutchess,15,39,20,27,85,11,12,17,6,8,38,3,3,22,14,19,47,8
2006,March,3,14,Erie,192,265,147,174,411,16,57,114,43,31,164,5,135,151,104,143,247,11
2006,March,3,15,Essex,4,3,4,1,12,1,3,0,1,0,4,1,1,3,3,1,8,0
2006,March,3,16,Franklin,16,6,6,17,13,2,8,3,5,1,6,1,8,3,1,16,7,1
2006,March,3,17,Fulton,11,18,4,5,46,0,6,8,1,0,26,0,5,10,3,5,20,0
2006,March,3,18,Genesee,10,6,5,1,12,3,8,5,3,0,5,1,2,1,2,1,7,2
2006,March,3,19,Greene,5,23,7,15,15,4,2,9,2,6,8,2,3,14,5,9,7,2
2006,March,3,20,Hamilton,0,0,2,0,0,0,0,0,0,0,0,0,0,0,2,0,0,0
2006,March,3,21,Herkimer,11,17,3,6,26,3,5,7,3,3,13,3,6,10,0,3,13,0
2006,March,3,22,Jefferson,22,32,10,6,71,10,13,19,2,3,21,3,9,13,8,3,50,7
2006,March,3,23,Lewis,2,4,2,0,7,2,2,2,1,0,3,1,0,2,1,0,4,1
2006,March,3,24,Livingston,13,12,9,12,42,1,7,7,1,3,11,0,6,5,8,9,31,1
2006,March,3,25,Madison,2,6,3,3,5,1,2,4,0,1,3,1,0,2,3,2,2,0
2006,March,3,26,Monroe,53,202,91,41,514,81,35,81,24,4,160,11,18,121,67,37,354,70
2006,March,3,27,Montgomery,8,22,10,10,25,0,5,6,4,4,14,0,3,16,6,6,11,0
2006,March,3,28,Nassau,43,130,95,45,367,23,27,51,42,10,103,6,16,79,53,35,264,17
2006,March,3,66,New York City,686,3307,1674,2481,6752,1400,417,1005,447,173,2232,269,269,2302,1227,2308,4520,1131
2006,March,3,29,Niagara,37,72,26,44,190,14,18,32,10,5,52,2,19,40,16,39,138,12
2006,March,3,30,Oneida,13,57,27,14,67,11,10,32,14,1,34,5,3,25,13,13,33,6
2006,March,3,31,Onondaga,46,139,69,74,428,30,34,59,28,24,246,14,12,80,41,50,182,16
2006,March,3,32,Ontario,12,18,21,19,25,5,5,7,6,3,9,0,7,11,15,16,16,5
2006,March,3,33,Orange,15,60,44,22,136,6,8,32,8,3,49,2,7,28,36,19,87,4
2006,March,3,34,Orleans,5,26,8,9,14,1,3,10,2,0,6,0,2,16,6,9,8,1
2006,March,3,35,Oswego,15,23,11,14,38,8,10,5,4,5,24,1,5,18,7,9,14,7
2006,March,3,36,Otsego,2,5,1,1,5,0,1,3,0,1,3,0,1,2,1,0,2,0
2006,March,3,37,Putnam,1,8,4,2,2,0,1,1,0,0,0,0,0,7,4,2,2,0
2006,March,3,38,Rensselaer,13,40,22,8,76,8,13,30,17,1,54,4,0,10,5,7,22,4
2006,March,3,39,Rockland,10,14,8,15,39,5,6,4,3,2,15,3,4,10,5,13,24,2
2006,March,3,41,Saratoga,5,8,3,0,8,0,3,2,1,0,3,0,2,6,2,0,5,0
2006,March,3,42,Schenectady,17,44,31,19,56,10,10,22,17,6,28,5,7,22,14,13,28,5
2006,March,3,43,Schoharie,0,4,2,1,6,1,0,0,0,1,1,0,0,4,2,0,5,1
2006,March,3,44,Schuyler,0,3,5,3,5,1,0,2,3,0,4,1,0,1,2,3,1,0
2006,March,3,45,Seneca,8,0,0,0,4,0,3,0,0,0,2,0,5,0,0,0,2,0
2006,March,3,46,Steuben,11,26,12,16,38,5,6,11,4,3,17,4,5,15,8,13,21,1
2006,March,3,40,St. Lawrence,8,33,13,8,55,0,6,10,6,1,28,0,2,23,7,7,27,0
2006,March,3,47,Suffolk,58,156,110,61,678,28,22,42,24,10,141,6,36,114,86,51,537,22
2006,March,3,48,Sullivan,6,21,17,11,21,10,6,13,6,2,7,5,0,8,11,9,14,5
2006,March,3,49,Tioga,10,12,10,6,7,4,5,8,4,0,4,3,5,4,6,6,3,1
2006,March,3,50,Tompkins,8,23,15,7,52,17,3,13,5,0,19,5,5,10,10,7,33,12
2006,March,3,51,Ulster,27,40,43,1,94,15,17,19,15,0,44,5,10,21,28,1,50,10
2006,March,3,52,Warren,9,12,7,6,14,1,3,4,2,1,3,0,6,8,5,5,11,1
2006,March,3,53,Washington,7,8,16,9,17,5,4,4,8,1,10,1,3,4,8,8,7,4
2006,March,3,54,Wayne,5,20,13,6,18,3,4,8,7,1,5,0,1,12,6,5,13,3
2006,March,3,55,Westchester,38,114,137,78,586,13,19,46,29,25,222,5,19,68,108,53,364,8
2006,March,3,56,Wyoming,3,9,2,5,5,0,0,1,1,0,2,0,3,8,1,5,3,0
2006,March,3,57,Yates,2,10,3,0,5,1,1,6,0,0,1,0,1,4,3,0,4,1
2006,February,2,1,Albany,18,96,83,26,154,18,12,58,24,4,72,0,6,38,59,22,82,18
2006,February,2,2,Allegany,6,16,8,4,12,2,3,4,5,1,5,0,3,12,3,3,7,2
2006,February,2,3,Broome,32,83,39,33,126,14,18,35,12,7,60,7,14,48,27,26,66,7
2006,February,2,4,Cattaraugus,15,14,9,5,18,0,11,3,3,2,4,0,4,11,6,3,14,0
2006,February,2,5,Cayuga,13,10,2,1,9,3,12,3,2,0,3,1,1,7,0,1,6,2
2006,February,2,6,Chautauqua,25,50,35,18,37,7,19,23,14,3,15,3,6,27,21,15,22,4
2006,February,2,7,Chemung,10,36,19,10,50,4,6,14,10,1,25,0,4,22,9,9,25,4
2006,February,2,8,Chenango,4,6,5,1,9,0,2,2,2,1,5,0,2,4,3,0,4,0
2006,February,2,9,Clinton,11,25,20,13,33,5,7,9,8,1,10,1,4,16,12,12,23,4
2006,February,2,10,Columbia,6,11,9,2,20,4,2,2,4,0,8,1,4,9,5,2,12,3
2006,February,2,11,Cortland,10,18,8,0,5,5,6,14,7,0,4,2,4,4,1,0,1,3
2006,February,2,12,Delaware,3,7,4,3,12,1,1,4,2,2,7,1,2,3,2,1,5,0
2006,February,2,13,Dutchess,9,35,31,12,95,7,5,16,8,2,48,4,4,19,23,10,47,3
2006,February,2,14,Erie,144,242,143,157,406,17,50,87,38,33,153,7,94,155,105,124,253,10
2006,February,2,15,Essex,0,4,4,3,18,0,0,2,3,0,14,0,0,2,1,3,4,0
2006,February,2,16,Franklin,2,4,6,14,19,0,1,1,2,2,8,0,1,3,4,12,11,0
2006,February,2,17,Fulton,10,14,4,4,29,1,7,6,4,1,16,1,3,8,0,3,13,0
2006,February,2,18,Genesee,6,11,7,2,11,2,4,5,1,1,5,1,2,6,6,1,6,1
2006,February,2,19,Greene,2,18,4,3,16,2,1,9,1,1,4,1,1,9,3,2,12,1
2006,February,2,20,Hamilton,0,0,0,0,0,0,0,0,0,0,0,0,0,0,0,0,0,0
2006,February,2,21,Herkimer,5,9,4,10,22,1,3,2,1,5,11,0,2,7,3,5,11,1
2006,February,2,22,Jefferson,24,34,16,10,64,9,13,9,4,4,26,2,11,25,12,6,38,7
2006,February,2,23,Lewis,1,7,0,0,15,0,0,3,0,0,8,0,1,4,0,0,7,0
2006,February,2,24,Livingston,9,17,13,13,45,1,6,9,1,2,16,1,3,8,12,11,29,0
2006,February,2,25,Madison,3,5,1,1,9,0,3,2,1,0,4,0,0,3,0,1,5,0
2006,February,2,26,Monroe,60,224,121,36,562,70,29,102,37,6,176,15,31,122,84,30,386,55
2006,February,2,27,Montgomery,6,18,13,9,16,2,5,10,10,1,10,0,1,8,3,8,6,2
2006,February,2,28,Nassau,35,99,66,35,299,19,27,35,26,9,98,6,8,64,40,26,201,13
2006,February,2,66,New York City,526,3284,1581,2747,7945,1332,307,1063,441,219,2771,235,219,2221,1140,2528,5174,1097
2006,February,2,29,Niagara,38,60,20,34,166,20,22,23,6,1,59,4,16,37,14,33,107,16
2006,February,2,30,Oneida,17,56,29,13,97,11,8,34,12,2,65,5,9,22,17,11,32,6
2006,February,2,31,Onondaga,37,135,57,73,356,19,29,60,19,29,188,10,8,75,38,44,168,9
2006,February,2,32,Ontario,9,23,20,6,29,4,6,10,8,0,14,1,3,13,12,6,15,3
2006,February,2,33,Orange,17,34,38,14,105,2,9,20,13,6,40,1,8,14,25,8,65,1
2006,February,2,34,Orleans,4,23,14,5,21,4,2,11,3,1,7,1,2,12,11,4,14,3
2006,February,2,35,Oswego,16,21,10,13,34,6,15,14,7,5,18,1,1,7,3,8,16,5
2006,February,2,36,Otsego,0,3,2,1,4,1,0,1,1,1,2,1,0,2,1,0,2,0
2006,February,2,37,Putnam,2,5,3,0,2,1,1,1,0,0,0,0,1,4,3,0,2,1
2006,February,2,38,Rensselaer,11,51,25,6,64,4,5,32,16,2,38,2,6,19,9,4,26,2
2006,February,2,39,Rockland,9,16,7,12,33,6,3,5,4,2,16,2,6,11,3,10,17,4
2006,February,2,41,Saratoga,14,6,1,0,9,0,9,2,0,0,4,0,5,4,1,0,5,0
2006,February,2,42,Schenectady,14,35,25,13,63,2,9,14,10,3,25,2,5,21,15,10,38,0
2006,February,2,43,Schoharie,2,4,3,2,6,0,2,3,1,1,3,0,0,1,2,1,3,0
2006,February,2,44,Schuyler,3,5,6,1,9,2,3,3,2,0,3,1,0,2,4,1,6,1
2006,February,2,45,Seneca,5,2,2,0,2,2,3,0,1,0,1,0,2,2,1,0,1,2
2006,February,2,46,Steuben,8,24,14,15,26,2,5,13,2,4,16,1,3,11,12,11,10,1
2006,February,2,40,St. Lawrence,17,26,12,7,43,6,11,6,3,3,17,2,6,20,9,4,26,4
2006,February,2,47,Suffolk,60,147,107,68,538,22,33,49,30,11,129,4,27,98,77,57,409,18
2006,February,2,48,Sullivan,13,23,11,15,25,9,7,13,4,5,11,2,6,10,7,10,14,7
2006,February,2,49,Tioga,3,14,8,12,9,3,3,6,5,3,2,1,0,8,3,9,7,2
2006,February,2,50,Tompkins,9,24,14,9,41,4,5,7,3,1,17,1,4,17,11,8,24,3
2006,February,2,51,Ulster,16,45,38,0,77,18,12,15,16,0,26,7,4,30,22,0,51,11
2006,February,2,52,Warren,2,19,9,7,20,0,1,7,2,1,7,0,1,12,7,6,13,0
2006,February,2,53,Washington,5,20,1,13,16,1,5,5,1,2,6,0,0,15,0,11,10,1
2006,February,2,54,Wayne,15,9,16,6,20,5,11,1,8,1,6,1,4,8,8,5,14,4
2006,February,2,55,Westchester,41,144,172,92,546,27,26,72,42,12,148,5,15,72,130,80,398,22
2006,February,2,56,Wyoming,5,7,2,0,3,0,3,2,1,0,1,0,2,5,1,0,2,0
2006,February,2,57,Yates,3,7,3,1,2,3,2,4,2,0,2,2,1,3,1,1,0,1
2006,January,1,1,Albany,17,89,120,28,167,20,11,54,58,2,76,3,6,35,62,26,91,17
2006,January,1,2,Allegany,9,22,10,6,15,1,8,9,8,2,6,0,1,13,2,4,9,1
2006,January,1,3,Broome,29,74,44,20,104,17,18,26,14,3,45,6,11,48,30,17,59,11
2006,January,1,4,Cattaraugus,10,7,8,11,17,2,7,6,2,0,10,1,3,1,6,11,7,1
2006,January,1,5,Cayuga,10,9,3,5,8,3,9,5,2,0,5,1,1,4,1,5,3,2
2006,January,1,6,Chautauqua,18,56,39,21,34,13,14,25,12,3,12,10,4,31,27,18,22,3
2006,January,1,7,Chemung,9,19,18,4,59,5,7,6,12,0,34,2,2,13,6,4,25,3
2006,January,1,8,Chenango,6,3,4,2,12,0,2,1,2,1,6,0,4,2,2,1,6,0
2006,January,1,9,Clinton,18,30,18,4,36,4,9,14,2,0,16,1,9,16,16,4,20,3
2006,January,1,10,Columbia,11,22,13,5,20,0,6,12,2,1,7,0,5,10,11,4,13,0
2006,January,1,11,Cortland,5,10,4,2,1,1,1,5,1,0,0,1,4,5,3,2,1,0
2006,January,1,12,Delaware,1,2,4,1,25,1,0,1,3,1,15,1,1,1,1,0,10,0
2006,January,1,13,Dutchess,12,43,31,17,57,10,7,15,14,4,19,1,5,28,17,13,38,9
2006,January,1,14,Erie,150,188,139,118,342,21,50,79,44,26,114,11,100,109,95,92,228,10
2006,January,1,15,Essex,0,5,2,2,14,2,0,2,2,0,8,1,0,3,0,2,6,1
2006,January,1,16,Franklin,4,6,7,10,16,1,2,3,3,1,8,1,2,3,4,9,8,0
2006,January,1,17,Fulton,3,9,3,2,26,0,1,3,2,1,12,0,2,6,1,1,14,0
2006,January,1,18,Genesee,3,11,4,0,14,3,2,2,1,0,7,0,1,9,3,0,7,3
2006,January,1,19,Greene,8,25,9,1,20,9,6,10,5,1,9,6,2,15,4,0,11,3
2006,January,1,20,Hamilton,0,1,1,0,0,0,0,1,0,0,0,0,0,0,1,0,0,0
2006,January,1,21,Herkimer,4,10,7,6,20,3,3,3,5,0,12,3,1,7,2,6,8,0
2006,January,1,22,Jefferson,18,34,8,6,48,4,17,10,2,1,12,0,1,24,6,5,36,4
2006,January,1,23,Lewis,5,1,4,0,6,2,2,1,3,0,4,2,3,0,1,0,2,0
2006,January,1,24,Livingston,9,18,7,6,40,0,5,9,2,2,17,0,4,9,5,4,23,0
2006,January,1,25,Madison,4,9,3,0,4,1,2,7,2,0,1,1,2,2,1,0,3,0
2006,January,1,26,Monroe,50,228,88,32,503,86,32,91,26,6,158,18,18,137,62,26,345,68
2006,January,1,27,Montgomery,5,11,7,8,13,3,3,4,4,1,6,2,2,7,3,7,7,1
2006,January,1,28,Nassau,45,93,68,39,286,22,31,30,20,9,79,6,14,63,48,30,207,16
2006,January,1,66,New York City,580,2954,1744,2388,7162,1203,358,959,489,205,2432,218,222,1995,1255,2183,4730,985
2006,January,1,29,Niagara,38,63,28,20,183,13,22,22,12,2,63,6,16,41,16,18,120,7
2006,January,1,30,Oneida,11,45,32,11,55,2,10,26,16,1,28,1,1,19,16,10,27,1
2006,January,1,31,Onondaga,48,123,40,68,391,23,35,41,23,23,224,13,13,82,17,45,167,10
2006,January,1,32,Ontario,10,19,13,7,41,3,7,6,1,1,12,1,3,13,12,6,29,2
2006,January,1,33,Orange,24,44,44,12,118,8,16,20,18,2,48,3,8,24,26,10,70,5
2006,January,1,34,Orleans,8,12,4,4,22,5,5,3,1,0,7,1,3,9,3,4,15,4
2006,January,1,35,Oswego,12,10,4,11,33,4,9,6,2,2,23,2,3,4,2,9,10,2
2006,January,1,36,Otsego,3,2,0,0,4,0,1,1,0,0,4,0,2,1,0,0,0,0
2006,January,1,37,Putnam,0,5,4,0,5,1,0,3,0,0,1,1,0,2,4,0,4,0
2006,January,1,38,Rensselaer,10,34,29,5,70,7,8,16,16,0,54,6,2,18,13,5,16,1
2006,January,1,39,Rockland,11,18,7,5,38,5,6,8,3,1,16,2,5,10,4,4,22,3
2006,January,1,41,Saratoga,2,2,1,1,2,0,1,0,1,0,0,0,1,2,0,1,2,0
2006,January,1,42,Schenectady,10,44,23,25,67,5,4,21,7,8,22,1,6,23,16,17,45,4
2006,January,1,43,Schoharie,2,5,4,1,2,2,1,1,3,0,1,1,1,4,1,1,1,1
2006,January,1,44,Schuyler,1,5,3,2,8,1,0,2,1,0,7,1,1,3,2,2,1,0
2006,January,1,45,Seneca,3,3,3,1,4,0,3,1,1,1,4,0,0,2,2,0,0,0
2006,January,1,46,Steuben,4,17,5,16,27,2,3,10,2,3,15,0,1,7,3,13,12,2
2006,January,1,40,St. Lawrence,19,25,12,4,47,4,15,8,6,2,22,0,4,17,6,2,25,4
2006,January,1,47,Suffolk,62,143,101,68,657,34,35,44,30,11,167,2,27,99,71,57,490,32
2006,January,1,48,Sullivan,10,21,14,11,31,1,6,13,7,4,13,1,4,8,7,7,18,0
2006,January,1,49,Tioga,9,16,11,4,9,1,7,7,4,3,5,1,2,9,7,1,4,0
2006,January,1,50,Tompkins,9,23,13,12,30,5,8,12,2,4,9,1,1,11,11,8,21,4
2006,January,1,51,Ulster,16,26,30,0,85,20,10,11,11,0,32,6,6,15,19,0,53,14
2006,January,1,52,Warren,0,13,6,8,14,0,0,8,3,3,5,0,0,5,3,5,9,0
2006,January,1,53,Washington,6,9,4,8,13,3,4,3,4,4,8,2,2,6,0,4,5,1
2006,January,1,54,Wayne,3,19,8,9,22,0,3,10,5,2,8,0,0,9,3,7,14,0
2006,January,1,55,Westchester,42,117,184,56,504,28,27,53,45,2,102,9,15,64,139,54,402,19
2006,January,1,56,Wyoming,5,9,0,2,5,3,4,3,0,1,1,0,1,6,0,1,4,3
2006,January,1,57,Yates,0,4,2,0,5,4,0,0,1,0,3,2,0,4,1,0,2,2
